0.000560007840109762	0.0100799919360065	2528.086	1276.131	705553.9
0.00144002016028224	0.0259199792640166	2534.94	1256.934	705553.9
0.00237003318046453	0.0426599658720273	2534.901	1299.361	705553.9
0.00269003766052725	0.048419961264031	2549.179	1259.073	705553.9
0.00445006230087221	0.0799199360640512	2545.519	1274.974	705553.9
0.00681009534133478	0.122399902080078	2535.312	1245.784	705553.9
0.0108101513421188	0.194219844624124	2547.434	1275.416	705553.9
0.0137901930627029	0.247859801712159	2533.224	1242.171	705553.9
0.0245403435648099	0.440819647344282	2535.19	1241.866	705553.9
0.0276903876654273	0.496259602992318	2535.828	1269.853	705553.9
0.0417605846481851	0.745919403264477	2529.341	1270.541	705553.9
0.0549307690307664	0.981359214912628	2543.163	1246.236	705553.9
0.0993013902194631	1.75967859225713	2543.986	1297.311	705553.9
0.175022450314304	3.07727753817797	2549.844	1247.46	705553.9
0.28357397003558	4.94225604619516	2528.343	1251.943	705553.9
0.406215687019618	6.96113443109246	2546.599	1253.526	705553.9
0.460626448770283	7.70993383205293	2533.515	1242.114	705553.9
0.686769614774607	11.1038311169351	2537.136	1255.425	705553.9
0.951823325526557	14.6091483126814	2545.643	1238.145	705553.9
1.88106633492869	26.561498750801	2525.015	1251.712	705553.9
2.00849811897367	25.8879392896486	2542.305	1283.712	705553.9
3.56797995171932	38.9764488188409	2553.806	1282.684	705553.9
6.31823845533838	55.5416555666755	2546.128	1293.561	705553.9
8.632670857392	59.0138527889178	2532.889	1295.626	705553.9
16.7660047240661	85.893591285127	2553.919	1336.325	705553.9
22.60219643075	82.3133941492847	2533.976	1328.091	705553.9
33.7236221307098	95.272123782301	2534.317	1345.031	705553.9
43.5285794001116	99.4448804440956	2530.502	1372.188	705553.9
51.7821849505893	99.8308001353599	2548.943	1339.648	705553.9
57.6680173522429	99.5681803454557	2535.131	1363.549	705553.9
65.5143672011408	99.944380044496	2548.574	1395.877	705553.9
73.0521627302782	99.999640000288	2561.341	1385.1	705553.9
78.6576812075369	100.0	2547.279	1395.294	705553.9
