0.000850011900166602	0.0152999877600098	2529.318	1268.067	705553.9
0.00129001806025284	0.0232199814240149	2524.334	1252.353	705553.9
0.00178002492034888	0.0320399743680205	2561.969	1268.325	705553.9
0.00331004634064877	0.0595799523360381	2529.966	1278.016	705553.9
0.00437006118085653	0.0786599370720503	2556.206	1244.649	705553.9
0.00756010584148178	0.136079891136087	2536.36	1267.938	705553.9
0.00842011788165034	0.151199879040097	2533.774	1220.579	705553.9
0.0150802111229557	0.271079783136173	2540.269	1243.813	705553.9
0.015750220503087	0.282959773632181	2546.417	1243.507	705553.9
0.0318504459062427	0.568619545104364	2530.504	1294.721	705553.9
0.0377905290674069	0.676259458992433	2521.346	1230.853	705553.9
0.0698909784736986	1.2464990028008	2522.206	1257.8	705553.9
0.102351432920061	1.81799854560116	2529.143	1230.054	705553.9
0.160922252911541	2.83373773300981	2554.533	1258.951	705553.9
0.192672697417764	3.35933731253015	2543.826	1256.103	705553.9
0.409175728460198	7.01099439120449	2537.522	1274.017	705553.9
0.61045854641965	10.2121118303105	2535.119	1266.442	705553.9
0.900512607176501	14.5222083822333	2540.482	1240.772	705553.9
1.20981693743712	18.4912052070358	2528.46	1277.302	705553.9
1.9760276643873	28.0391175687059	2536.765	1244.608	705553.9
2.67969751576522	33.8687729049817	2547.571	1266.558	705553.9
3.87998431978048	42.0044063964749	2528.339	1256.308	705553.9
5.10297144160018	45.9048232761414	2520.292	1264.233	705553.9
8.71117195640739	59.4744724204221	2546.177	1298.148	705553.9
11.749904498663	61.3101109519112	2534.194	1285.561	705553.9
23.8002332032648	86.7287906169675	2555.434	1313.262	705553.9
34.418121853706	97.1927222458222	2534.809	1342.17	705553.9
40.3957555405776	94.8444441244447	2579.4	1333.164	705553.9
51.0558147814069	99.4378604497116	2548.165	1363.863	705553.9
57.9359311030354	99.6473802820958	2539.478	1375.896	705553.9
66.4945209232929	99.98920000864	2550.38	1371.552	705553.9
73.041092575296	99.999280000576	2566.268	1392.39	705553.9
78.6602712437974	100.0	2528.444	1351.513	705553.9
