0.000819999344000525	0.0145799883360093	4505.831	883.151	705556.12
0.00165999867200106	0.0298799760960191	4437.257	874.32	705556.12
0.00209999832000134	0.0377999697600242	4386.647	875.943	705556.12
0.00225999819200145	0.040679967456026	4452.903	870.239	705556.12
0.00427999657600274	0.0770399383680493	4445.438	863.391	705556.12
0.00560999551200359	0.100979919216065	4464.197	856.2	705556.12
0.00679999456000435	0.122039902368078	4533.909	866.898	705556.12
0.0126499898800081	0.227339818128145	4631.506	866.276	705556.12
0.0214799828160137	0.385919691264247	4447.653	869.033	705556.12
0.0350299719760224	0.627839497728402	4457.226	870.475	705556.12
0.0493699605040316	0.880919295264564	4591.786	878.379	705556.12
0.065609947512042	1.16783906572875	4530.597	878.362	705556.12
0.0793299365360508	1.4088588729129	4385.084	878.342	705556.12
0.122449902040078	2.15927827257738	4456.199	890.414	705556.12
0.263229789416168	4.58117633505893	4428.127	881.365	705556.12
0.387529689976248	6.63299469360425	4497.118	862.707	705556.12
0.522129582296334	8.72531301974958	4476.78	855.67	705556.12
0.831309334952532	13.3997292802166	4359.319	850.622	705556.12
1.35028891976886	20.6411234871012	4500.136	866.222	705556.12
2.12561829950536	30.1546558762753	4426.104	868.925	705556.12
2.89526768378585	36.5801107359114	4426.3	876.777	705556.12
4.15642667485866	44.9218440625247	4489.841	879.609	705556.12
5.98226521418783	52.6690378647697	4441.899	878.484	705556.12
9.2211826230539	62.529789976168	4494.525	876.185	705556.12
15.68288745369	78.8694569044345	4425.87	904.95	705556.12
24.0635307491754	87.7511897990482	4620.948	932.116	705556.12
31.8224045420764	90.3376077299138	4417.626	930.437	705556.12
39.9050080759935	94.0241847806522	4539.036	948.685	705556.12
48.9066408746873	97.8992216806227	4669.601	951.942	705556.12
58.7079330336536	99.8320601343519	4485.867	937.87	705556.12
66.6893566485147	99.997480002016	4527.325	943.62	705556.12
73.0635615491508	99.999460000432	4640.109	961.899	705556.12
78.6806270554984	100.0	4569.374	964.122	705556.12
