0.000560007840109762	0.0100799919360065	2499.403	643.471	705553.9
0.00131001834025676	0.0235799811360151	2514.426	643.238	705553.9
0.00208002912040769	0.037439970048024	2487.049	639.168	705553.9
0.00223003122043709	0.0401399678880257	2479.664	644.155	705553.9
0.00375005250073501	0.0674999460000432	2494.209	647.291	705553.9
0.00612008568119954	0.10997991201607	2496.309	646.304	705553.9
0.0105601478420698	0.189899848080122	2508.341	644.518	705553.9
0.0155502177030478	0.279359776512179	2492.793	670.174	705553.9
0.0227003178044493	0.407699673840261	2476.923	660.605	705553.9
0.0344504823067523	0.617039506368395	2481.447	643.443	705553.9
0.0475706659893239	0.850139319888544	2510.612	651.092	705553.9
0.0777710887952431	1.38329889336089	2505.128	648.739	705553.9
0.104601464420502	1.85669851464119	2511.083	644.942	705553.9
0.134571884006376	2.36879810496152	2490.107	653.495	705553.9
0.273923834933689	4.77611617910706	2488.602	650.712	705553.9
0.369445172232411	6.31997494402004	2502.85	652.165	705553.9
0.405725680159522	6.81245455003636	2510.922	645.406	705553.9
0.718890064460902	11.6056707154634	2499.909	660.147	705553.9
1.31710843951815	20.1742038606369	2506.076	650.621	705553.9
1.95495736940317	27.6530178775857	2508.205	665.37	705553.9
2.61323658531219	33.0281735774611	2490.938	653.36	705553.9
3.42918800863212	37.6620898703281	2481.856	670.114	705553.9
6.03004442062189	53.0268775784979	2500.49	675.961	705553.9
9.86027804389261	66.7164066268747	2494.091	680.805	705553.9
14.1184676585472	70.8654033076774	2494.067	699.338	705553.9
21.8544559623835	79.8821360942911	2517.096	716.512	705553.9
34.7996971957607	98.2972013622389	2501.543	744.867	705553.9
43.2874260239643	99.1437406850075	2512.308	761.758	705553.9
51.188566639933	99.5510803591357	2511.265	771.003	705553.9
58.7060918852864	99.8354801316159	2485.289	763.308	705553.9
65.6487590826272	99.956980034416	2506.66	799.23	705553.9
72.9115307614307	99.999460000432	2490.423	789.488	705553.9
78.6558311816365	100.0	2515.278	800.41	705553.9
