0.0018000252003528	0.0323999740800207	4357.363	819.849	705553.9
0.00224003136043905	0.0403199677440258	4605.258	832.849	705553.9
0.00344004816067425	0.0619199504640396	4878.711	1190.475	705553.9
0.00474006636092905	0.0849599320320544	4342.386	809.228	705553.9
0.00726010164142298	0.130499895600084	4484.92	824.776	705553.9
0.0109401531621443	0.196559842752126	4541.442	832.112	705553.9
0.0358005012070169	0.642599485920411	4639.622	826.368	705553.9
0.038530539427552	0.688499449200441	4467.358	811.523	705553.9
0.0780610928553	1.38869888904089	4508.996	832.124	705553.9
0.269143768012752	4.62851629718696	4655.056	832.263	705553.9
0.271983807773309	4.73129621496303	4469.482	824.127	705553.9
0.935483096763355	15.1187279050177	4406.854	824.637	705553.9
1.08057512805179	16.5211067831146	4442.083	842.986	705553.9
2.15041010574148	30.5871955302436	4460.222	867.156	705553.9
7.4311140355965	66.5794267364586	4592.698	866.105	705553.9
9.61382459354431	65.0719279424576	4557.823	870.584	705553.9
13.2918460858452	67.3460461231631	4426.247	866.103	705553.9
25.2157330202623	92.9234856612115	4491.481	901.732	705553.9
34.8268775762861	98.3596613122709	4570.734	917.567	705553.9
43.4071577002078	99.2976405618875	4554.406	937.807	705553.9
51.6694733726272	99.7813001749599	4592.088	938.013	705553.9
65.3576050064701	99.933580053136	4577.281	951.654	705553.9
78.6690013660191	100.0	4568.021	957.256	705553.9
