0.000690009660135242	0.0124199900640079	2796.499	1776.431	705553.9
0.00133001862026068	0.0239399808480153	2786.125	1750.086	705553.9
0.00282003948055273	0.0507599593920325	2730.503	1727.546	705553.9
0.00357004998069973	0.0642599485920411	2788.321	1781.72	705553.9
0.00505007070098981	0.0908999272800582	2745.367	1768.3	705553.9
0.00570007980111722	0.102419918064066	2772.456	1749.192	705553.9
0.0106001484020776	0.190799847360122	2754.692	1772.799	705553.9
0.0141601982427754	0.254699796240163	2743.039	1765.628	705553.9
0.017020238283336	0.305639755488196	2786.755	1783.528	705553.9
0.0363305086271208	0.651419478864417	2731.132	1751.504	705553.9
0.0543707611906567	0.971279222976622	2758.447	1761.911	705553.9
0.083821173496429	1.49273880580896	2910.73	1749.384	705553.9
0.127311782364953	2.25665819467344	2750.922	1751.882	705553.9
0.183942575196053	3.24125740699407	2716.129	1738.218	705553.9
0.268873764232699	4.685396251683	2797.876	1770.673	705553.9
0.319654475162652	5.48351561318751	2754.328	1755.351	705553.9
0.433946075245053	7.26479418816465	2768.759	1777.818	705553.9
0.699209788937045	11.2960709631432	2805.234	1789.692	705553.9
0.985533797473165	15.1327678937857	2781.687	1786.352	705553.9
1.56159186228607	22.2046022363182	2781.407	1755.769	705553.9
3.26161566261928	41.6184867052106	2810.56	1774.847	705553.9
4.1234477282682	44.5965843227325	2780.751	1763.734	705553.9
6.35542897600566	55.8663753068998	2730.837	1748.634	705553.9
9.33199064786907	63.2285494171605	2809.112	1791.608	705553.9
15.2502935041091	76.4633988292809	2850.701	1782.004	705553.9
25.0673509429132	92.179186256651	2795.443	1757.169	705553.9
34.3859514033196	97.1011023191181	2804.588	1778.571	705553.9
43.5429796017144	99.4180604655516	2742.172	1754.093	705553.9
51.7620346684854	99.8198201441439	2742.409	1757.509	705553.9
58.9862958081413	99.8853400917279	2731.236	1753.004	705553.9
66.571151996128	99.990820007344	2681.813	1733.417	705553.9
72.8129693815713	99.999280000576	2787.66	1784.933	705553.9
78.6597012358173	100.0	2741.803	1741.573	705553.9
