0.00099999920000064	0.0179999856000115	2705.334	511.621	705556.12
0.00201999838400129	0.0363599709120233	2729.912	496.662	705556.12
0.00306999754400196	0.0550799559360352	2745.331	524.41	705556.12
0.00370999703200237	0.0667799465760427	2649.193	511.716	705556.12
0.00617999505600396	0.111239911008071	2653.887	531.063	705556.12
0.00924999260000592	0.166139867088106	2730.833	527.435	705556.12
0.0130499895600084	0.23471981222415	2732.107	507.285	705556.12
0.0192299846160123	0.345779723376221	2687.658	500.372	705556.12
0.0294199764640188	0.528299577360338	2635.843	510.192	705556.12
0.0425599659520272	0.763739389008489	2712.051	509.906	705556.12
0.0630299495760403	1.12769909784072	2663.061	513.724	705556.12
0.0935699251440599	1.67381866094507	2608.54	495.63	705556.12
0.142539885968091	2.53097797521762	2676.934	510.377	705556.12
0.211179831056135	3.73013701589039	2625.262	502.934	705556.12
0.314869748104202	5.51987558409953	2596.628	509.19	705556.12
0.475649619480304	8.21051343158925	2692.68	503.72	705556.12
0.713049429560456	12.0661103471117	2665.908	512.027	705556.12
1.06635914691268	17.5166859866512	2722.199	506.409	705556.12
1.60204871836103	25.2276998178401	2666.042	511.313	705556.12
2.39119808704153	35.3609717112226	2687.842	536.158	705556.12
3.5975571219543	48.3108813512949	2633.525	512.841	705556.12
5.39596568322745	63.1137095090324	2712.093	512.027	705556.12
8.09648352281318	78.160257471794	2740.386	533.585	705556.12
12.1498502801198	90.2229478216417	2718.748	525.652	705556.12
18.2140354287717	97.3311421350863	2696.577	555.561	705556.12
27.3257381394095	99.6860802511358	2670.071	553.166	705556.12
37.3319501344399	99.978220017424	2706.255	581.248	705556.12
47.3327121338303	99.999280000576	2687.554	595.271	705556.12
57.3023841580927	100.0	2715.65	593.281	705556.12
67.2932661653871	100.0	2655.296	577.405	705556.12
77.3159481472415	100.0	2680.503	572.95	705556.12
87.3115601507519	100.0	2670.806	575.047	705556.12
97.3159921472063	100.0	2674.04	572.299	705556.12
