0.00112999909600072	0.020339983728013	816.418	757.743	705556.12
0.00185999851200119	0.0331199735040212	821.904	736.503	705556.12
0.00297999761600191	0.0532799573760341	801.592	766.24	705556.12
0.00413999668800265	0.0737999409600472	791.948	729.683	705556.12
0.0060899951280039	0.107279914176069	814.773	737.363	705556.12
0.00920999263200589	0.161099871120103	799.117	748.191	705556.12
0.0131099895120084	0.228959816832147	834.561	725.689	705556.12
0.0192299846160123	0.32813973748821	787.034	738.229	705556.12
0.0219999824000141	0.353699717040226	843.426	771.256	705556.12
0.0270199783840173	0.456299634960292	808.611	743.55	705556.12
0.0621699502640398	0.965519227584618	812.571	776.837	705556.12
0.0761299390960487	1.08215913427269	804.161	762.151	705556.12
0.142569885944091	1.86335850931319	819.985	762.383	705556.12
0.209169832664134	2.41001807198554	807.714	731.79	705556.12
0.316169747064202	3.00635759491392	796.081	730.222	705556.12
0.472189622248302	3.57281714174629	821.546	752.71	705556.12
0.709769432184454	4.11119671104263	798.398	718.985	705556.12
1.06132915093668	4.62347630121896	814.89	768.088	705556.12
1.60167871865703	5.21621582702734	814.759	741.632	705556.12
2.39038808768953	6.02351518118785	831.616	759.87	705556.12
3.60472711621831	7.25021419982864	806.547	767.6	705556.12
5.40108567913146	9.02573277941378	823.712	762.136	705556.12
8.09606352314918	11.7367106106315	823.823	785.973	705556.12
12.1383102893518	15.7791473766821	824.048	788.361	705556.12
18.2064454348437	21.84406252475	832.711	778.859	705556.12
27.3153181477455	30.9475552419558	867.845	803.544	705556.12
37.3069701544239	40.9438472449222	871.753	818.819	705556.12
47.2362422110062	50.1958398433281	902.163	842.964	705556.12
57.3079741536207	60.961811230551	878.829	846.544	705556.12
67.3072961541631	70.9464032428774	907.47	858.948	705556.12
77.3136381490895	80.9662752269798	935.138	873.174	705556.12
87.3068001545599	90.9058672753062	934.522	891.962	705556.12
97.1281722974622	99.6207403034078	969.294	906.779	705556.12
