0.000899999280000576	0.0161999870400104	2419.728	2108.274	705556.12
0.0023499981200015	0.0419399664480268	2473.617	2094.189	705556.12
0.00310999751200199	0.0550799559360352	2455.154	2110.16	705556.12
0.0035999971200023	0.0637199490240408	2447.797	2097.285	705556.12
0.00619999504000397	0.10997991201607	2438.873	2110.054	705556.12
0.00879999296000563	0.1555198755841	2458.466	2107.677	705556.12
0.0133399893280085	0.233099813520149	2445.511	2100.883	705556.12
0.0188899848880121	0.324539740368208	2458.015	2105.315	705556.12
0.0225799819360145	0.365579707536234	2464.711	2095.139	705556.12
0.0275399779680176	0.461879630496296	2464.926	2103.384	705556.12
0.0631199495040404	0.975599219520624	2452.753	2101.76	705556.12
0.0642999485600411	0.904859276112579	2460.802	2107.683	705556.12
0.141559886752091	1.88549849160121	2494.343	2093.292	705556.12
0.211319830944135	2.41829806536155	2419.663	2102.052	705556.12
0.316929746456203	3.03875756899394	2454.97	2109.666	705556.12
0.474139620688303	3.61115711107431	2405.6	2099.267	705556.12
0.707099434320453	4.12001670398664	2481.844	2143.957	705556.12
1.06889914488068	4.62041630366696	2413.391	2099.341	705556.12
1.59708872232902	5.21441582846734	2444.8	2108.509	705556.12
2.26208819032945	4.95773603381117	2434.751	2114.449	705556.12
3.6005271195783	7.25147419882064	2469.242	2113.491	705556.12
5.39333568533145	9.01349278920577	2437.935	2095.502	705556.12
8.09577352338118	11.7298706161035	2437.502	2110.399	705556.12
12.1394802884158	15.7780673775461	2434.8	2098.042	705556.12
18.2098954320837	21.848022521582	2482.476	2101.281	705556.12
27.3132081494335	30.9457552433958	2423.994	2098.518	705556.12
37.3106001515199	40.9578872336902	2449.048	2123.041	705556.12
47.3097821521743	50.9496792402566	2445.823	2100.838	705556.12
57.3111041511167	60.943631245095	2478.79	2104.825	705556.12
67.3047061562351	70.9458632433094	2459.639	2108.617	705556.12
77.3081481534815	80.9403552477158	2409.242	2115.802	705556.12
87.3079701536239	90.9580672335462	2423.074	2124.842	705556.12
97.0880123295901	99.5051803958557	2416.875	2096.857	705556.12
