0.000989999208000634	0.0178199857440114	2915.965	676.108	705556.12
0.00190999847200122	0.0341999726400219	2900.688	698.905	705556.12
0.00308999752800198	0.054719956224035	2925.714	701.445	705556.12
0.00396999682400254	0.0712799429760456	2917.85	707.28	705556.12
0.00615999507200394	0.10961991230407	2967.507	676.342	705556.12
0.00893999284800572	0.157859873712101	2907.742	701.304	705556.12
0.012479990016008	0.21833982532814	2923.774	653.514	705556.12
0.018789984968012	0.323999740800207	2951.159	677.435	705556.12
0.0277999777600178	0.464219628624297	2928.041	689.027	705556.12
0.0410799671360263	0.677339458128434	2913.226	710.59	705556.12
0.0622899501680399	0.973619221104623	2939.349	713.738	705556.12
0.0961599230720615	1.38905888875289	2941.159	697.345	705556.12
0.141689886648091	1.85903851276919	2906.244	681.797	705556.12
0.213259829392136	2.43881804894556	2918.44	723.243	705556.12
0.314209748632201	3.02687757849794	2932.772	699.5	705556.12
0.472279622176302	3.5981971214423	2943.933	695.777	705556.12
0.712059430352456	4.13243669405064	2928.314	700.94	705556.12
0.978229217416626	3.76541698766641	2906.75	715.356	705556.12
1.59821872142502	5.23745581003535	2962.14	686.07	705556.12
2.39603808316953	6.03665517067586	2889.429	717.031	705556.12
3.5977471218023	7.24049420760463	2902.081	707.729	705556.12
5.24506580394736	7.90055367955706	2947.544	694.223	705556.12
8.09830352135718	11.7394106084715	2922.373	712.912	705556.12
12.1392902885678	15.7791473766821	2890.838	730.539	705556.12
18.2051654358677	21.841722526622	2933.836	746.635	705556.12
27.3023181581455	30.9561952350438	2921.444	738.346	705556.12
37.3118601505119	40.9362872509702	2914.093	755.8	705556.12
47.3092521525983	50.9601192319046	2921.824	726.855	705556.12
57.3110541511567	60.943271245383	2920.715	749.354	705556.12
67.3070261543791	70.9365032507974	2941.238	787.743	705556.12
77.3108981512815	80.9185752651398	2946.319	814.496	705556.12
87.2907601673919	90.643607485114	2910.182	826.671	705556.12
97.0749323400541	99.4745804203357	2946.719	830.347	705556.12
