0.00106999914400068	0.0192599845920123	2428.278	696.244	705556.12
0.00134999892000086	0.0239399808480153	2427.885	689.309	705556.12
0.00289999768000186	0.0521999582400334	2446.57	682.597	705556.12
0.00408999672800262	0.0732599413920469	2414.232	696.23	705556.12
0.00599999520000384	0.106919914464068	2499.527	714.162	705556.12
0.00894999284000573	0.1565998747201	2406.157	656.512	705556.12
0.0134599892320086	0.235799811360151	2442.139	684.382	705556.12
0.0191399846880123	0.330119735904211	2446.802	684.426	705556.12
0.028119977504018	0.473759620992303	2446.747	702.546	705556.12
0.042119966304027	0.68795944963244	2417.204	653.541	705556.12
0.0632499494000405	0.983159213472629	2475.835	697.68	705556.12
0.0934499252400598	1.35503891596887	2469.477	696.784	705556.12
0.141809886552091	1.8761384990892	2456.39	709.845	705556.12
0.209579832336134	2.42621805902555	2430.427	684.817	705556.12
0.318869744904204	3.05027755977795	2448.837	691.239	705556.12
0.474819620144304	3.58343713325029	2463.415	707.954	705556.12
0.712009430392456	4.10345671723463	2380.926	653.217	705556.12
1.05994915204068	4.61825630539496	2409.271	684.017	705556.12
1.60163871868903	5.22917581665935	2432.759	695.371	705556.12
2.39196808642553	6.03845516923586	2463.991	711.072	705556.12
3.5985271211783	7.24913420069264	2440.451	706.514	705556.12
5.39362568509945	9.03149277480578	2459.691	699.939	705556.12
8.09336352530918	11.7368906104875	2445.571	713.53	705556.12
12.1358802912958	15.7678073857541	2462.578	723.173	705556.12
18.2049954360036	21.841542526766	2455.57	717.457	705556.12
27.3102081518335	30.9581752334598	2473.91	730.198	705556.12
37.3063201549439	40.9350272519782	2488.057	759.859	705556.12
47.3081321534943	50.9640792287366	2541.393	810.721	705556.12
57.3084141532687	60.934631252295	2499.902	769.693	705556.12
67.3048861560911	70.9460432431654	2559.567	799.583	705556.12
77.3055781555375	80.9515152387878	2560.012	803.761	705556.12
87.3070001543999	90.9058672753062	2558.347	815.28	705556.12
97.1441322846942	99.6585402731678	2613.61	840.464	705556.12
