0.000969999224000621	0.0174599860320112	2475.98	690.946	705556.12
0.00190999847200122	0.034379972496022	2479.044	677.875	705556.12
0.00278999776800179	0.0498599601120319	2491.644	675.117	705556.12
0.0040699967440026	0.0727199418240465	2482.395	680.76	705556.12
0.00594999524000381	0.105659915472068	2477.507	687.386	705556.12
0.00935999251200599	0.163439869248105	2498.154	677.886	705556.12
0.00991999206400635	0.169559864352109	2482.01	701.588	705556.12
0.0131199895040084	0.228059817552146	2465.501	696.546	705556.12
0.0211599830720135	0.354239716608227	2499.094	700.202	705556.12
0.0426499658800273	0.697319442144446	2510.349	693.989	705556.12
0.0626999498400401	0.98477921217663	2473.736	684.535	705556.12
0.0944899244080605	1.36691890646487	2520.159	689.337	705556.12
0.13995988803209	1.85957851233719	2513.545	702.521	705556.12
0.208339833328133	2.40695807443354	2483.528	694.62	705556.12
0.306269754984196	2.82797773761781	2482.964	689.426	705556.12
0.474349620520304	3.5891971286423	2520.593	705.024	705556.12
0.704989436008451	4.10039671968262	2484.318	724.934	705556.12
1.06655914675268	4.64867628105898	2521.275	731.355	705556.12
1.59631872294502	5.23277581377935	2467.527	688.341	705556.12
2.39729808216153	6.03827516937986	2489.967	691.594	705556.12
3.5991971206423	7.23869420904463	2468.127	679.155	705556.12
5.40127567897946	9.05435275651779	2499.3	686.135	705556.12
8.09098352721318	11.7241106207115	2460.5	697.503	705556.12
12.1341102927118	15.7705073835941	2537.913	701.365	705556.12
18.2086754330597	21.847842521726	2504.547	705.589	705556.12
27.3047381562095	30.9432352454118	2564.797	725.286	705556.12
37.3065501547599	40.9456472434822	2538.849	738.614	705556.12
47.3063321549343	50.9496792402566	2576.682	760.207	705556.12
57.3063741549007	60.951011239191	2563.236	769.194	705556.12
67.2851661718671	70.6206035035172	2598.942	779.103	705556.12
77.3093481525215	80.9570952343238	2588.394	799.008	705556.12
87.3143001485599	90.9542872365702	2581.33	791.586	705556.12
97.0816223347021	99.4996004003197	2637.645	837.54	705556.12
