0.000909999272000582	0.0161999870400104	1815.725	1503.362	705556.12
0.0020299983760013	0.0365399707680234	1854.505	1540.214	705556.12
0.00291999766400187	0.0520199583840333	1836.536	1531.473	705556.12
0.00379999696000243	0.0676799458560433	1851.235	1555.207	705556.12
0.00617999505600396	0.110339911728071	1840.847	1530.161	705556.12
0.00919999264000589	0.162719869824104	1804.015	1498.224	705556.12
0.0127199898240081	0.222839821728143	1835.203	1551.704	705556.12
0.0190899847280122	0.327239738208209	1807.728	1497.685	705556.12
0.0283099773520181	0.476819618544305	1829.505	1518.795	705556.12
0.0419499664400268	0.685619451504439	1832.158	1518.864	705556.12
0.0631799494560404	0.98495921203263	1834.529	1541.381	705556.12
0.0934899252080598	1.36799890560088	1804.589	1504.087	705556.12
0.14131988694409	1.85561851550519	1824.612	1519.058	705556.12
0.207839833728133	2.42117806305755	1823.497	1534.406	705556.12
0.317269746184203	3.02777757777794	1843.027	1564.931	705556.12
0.472479622016302	3.57983713613029	1829.966	1524.51	705556.12
0.710509431592455	4.11659670672263	1816.59	1526.017	705556.12
1.06331914934468	4.61051631158695	1828.873	1544.48	705556.12
1.60075871939302	5.24339580528336	1838.02	1554.868	705556.12
2.39340808527353	6.02225518219585	1842.224	1541.433	705556.12
3.6008171193463	7.22969421624463	1822.721	1532.774	705556.12
5.39555568355545	9.03005277595778	1827.214	1510.536	705556.12
8.08609353112518	11.7334706132235	1855.625	1549.022	705556.12
12.1350802919358	15.7674473860421	1857.891	1550.824	705556.12
18.2094754324197	21.85396251683	1875.672	1565.505	705556.12
27.3109881512095	30.9513352389318	1872.208	1563.731	705556.12
37.3149601480319	40.9537472370022	1870.048	1595.882	705556.12
47.3021821582543	50.9523792380966	1890.904	1581.484	705556.12
57.3089841528127	60.952631237895	1909.437	1598.943	705556.12
67.3066661546671	70.9433432453254	1930.028	1653.551	705556.12
77.3091181527055	80.9596152323078	1963.632	1636.056	705556.12
87.3091501526799	90.9271072583142	1970.711	1650.099	705556.12
97.2246822202542	99.9098200721439	1995.819	1669.101	705556.12
