0.00101999918400065	0.0183599853120118	1908.929	1622.748	705556.12
0.00191999846400123	0.0340199727840218	1915.75	1610.907	705556.12
0.00328999736800211	0.0590399527680378	1904.591	1592.046	705556.12
0.00415999667200266	0.0741599406720475	1861.793	1566.909	705556.12
0.00560999551200359	0.100259919792064	1903.868	1604.856	705556.12
0.00897999281600575	0.157319874144101	1920.671	1620.639	705556.12
0.0136199891040087	0.237959809632152	1941.016	1610.802	705556.12
0.0189699848240121	0.324359740512208	1936.57	1613.803	705556.12
0.0277999777600178	0.4688996248803	1911.832	1605.6	705556.12
0.0428799656960274	0.702359438112449	1902.219	1614.727	705556.12
0.0638999488800409	0.997199202240638	1888.693	1566.807	705556.12
0.0919699264240589	1.33973892820886	1890.081	1604.622	705556.12
0.14097988721609	1.84535852371318	1902.232	1603.395	705556.12
0.191949846440123	2.13983828812937	1932.149	1611.547	705556.12
0.3132397494082	3.01823758540993	1884.921	1599.811	705556.12
0.476659618672305	3.60629711496231	1943.676	1595.991	705556.12
0.710599431520455	4.12091670326664	1904.701	1604.638	705556.12
1.06529914776068	4.63697629041897	1918.575	1619.954	705556.12
1.60301871758503	5.21549582760334	1947.542	1617.428	705556.12
2.39796808162553	6.03197517441986	1924.237	1633.071	705556.12
3.5987771209783	7.22753421797263	1927.061	1600.839	705556.12
5.39307568553945	9.03311277350978	1916.655	1591.718	705556.12
8.08751352998918	11.7134906292075	1952.148	1625.981	705556.12
12.1426602858718	15.7791473766821	1941.602	1630.113	705556.12
18.2056954354437	21.846042523166	1958.328	1628.509	705556.12
27.0272583781933	29.4017164786268	1988.299	1649.556	705556.12
37.3125201499839	40.9368272505382	1952.184	1646.391	705556.12
47.3055921555263	50.9390592487526	2008.718	1680.399	705556.12
57.3080841535327	60.963071229543	1979.508	1687.178	705556.12
67.3117061506351	70.9683632253094	2025.748	1701.311	705556.12
77.1611182711054	79.8059961552031	2034.062	1684.673	705556.12
87.1379702896238	89.7151682278654	2053.838	1745.087	705556.12
97.0767323386141	99.4785404171677	2048.355	1741.388	705556.12
