0.000759999392000486	0.0136799890560088	2487.184	700.288	705556.12
0.00210999831200135	0.0377999697600242	2470.058	699.575	705556.12
0.00286999770400184	0.0511199591040327	2512.505	680.589	705556.12
0.00397999681600255	0.0709199432640454	2480.494	696.13	705556.12
0.0056299954960036	0.0995399203680637	2484.892	694.656	705556.12
0.00933999252800598	0.163259869392104	2469.546	654.575	705556.12
0.0133199893440085	0.231839814528148	2478.312	712.513	705556.12
0.018679985056012	0.322919741664207	2520.344	694.777	705556.12
0.0274299780560176	0.461159631072295	2492.52	713.022	705556.12
0.0425899659280273	0.697499442000446	2486.013	684.777	705556.12
0.0632799493760405	0.98495921203263	2406.838	653.654	705556.12
0.0767699385840491	1.0927791257767	2506.652	710.627	705556.12
0.14000988799209	1.84841852126518	2506.683	699.553	705556.12
0.211449830840135	2.41919806464155	2493.379	708.991	705556.12
0.315249747800202	3.02003758396993	2514.185	709.524	705556.12
0.473759620992303	3.5963971228823	2495.192	696.178	705556.12
0.713449429240457	4.13675669059465	2504.852	710.415	705556.12
1.06489914808068	4.61519630784295	2484.896	696.297	705556.12
1.60028871976902	5.21567582745934	2489.787	700.517	705556.12
2.40128807896954	6.03845516923586	2507.625	717.129	705556.12
3.5936271250983	7.22771421782863	2542.139	710.549	705556.12
5.14092588725929	7.56431394854884	2511.029	708.782	705556.12
8.09126352698918	11.7493106005515	2524.571	722.885	705556.12
12.1369902904078	15.7688873848901	2501.645	717.958	705556.12
18.2033254373397	21.82426254059	2522.061	731.244	705556.12
27.3110681511455	30.9417952465638	2536.067	734.731	705556.12
37.3122801501759	40.9524872380102	2542.218	760.542	705556.12
47.3076321538943	50.9539992368006	2563.57	766.119	705556.12
57.3088641529087	60.919331264535	2581.724	784.375	705556.12
67.3086561530751	70.9415432467654	2606.511	802.317	705556.12
77.2876281698975	80.7311954150437	2608.513	807.271	705556.12
87.3110501511599	90.9566272346982	2612.45	818.513	705556.12
97.2255122195902	99.9098200721439	2631.492	838.202	705556.12
