0.00095	0.0170999863200109	1055.675	694.078	705556
0.00197	0.0354599716320227	1055.992	694.065	705556
0.00203	0.0365399707680234	1038.629	719.482	705556
0.00397	0.0712799429760456	1066.428	698.246	705556
0.00627	0.112859909712072	1049.496	692.52	705556
0.00668	0.119879904096077	1053.978	698.541	705556
0.00968	0.173699861040111	1077.369	725.414	705556
0.01922	0.344519724384221	1060.645	704.216	705556
0.02643	0.473579621136303	1097.477	716.69	705556
0.04237	0.753479397216482	1071.174	718.833	705556
0.06148	1.0907991273607	1057.141	719.966	705556
0.08015	1.4068788744969	1064.147	722.109	705556
0.14049	2.44511804390556	1051.218	707.027	705556
0.21152	3.61709710632231	1064.278	728.878	705556
0.28421	4.55345635723491	1070.466	701.293	705556
0.30804	5.13683589053129	1050.888	718.924	705556
0.70463	10.7380714095429	1050.103	685.236	705556
1.06929	15.0796679362657	1056.989	720.422	705556
1.37604	16.8620265103788	1064.196	722.639	705556
2.29177	24.3912404870076	1100.5	725.457	705556
2.69884	22.3171021463183	1060.227	701.882	705556
3.98108	25.1592998725601	1088.87	719.982	705556
7.83894	39.117748705801	1084.041	715.624	705556
10.02319	33.9906328074938	1076.694	707.952	705556
15.82153	40.0091079927136	1078.669	730.463	705556
26.10395	53.5175571859543	1099.672	727.848	705556
33.53831	55.9821152143078	1093.875	757.238	705556
44.72202	68.748605001116	1092.472	748.637	705556
57.19162	91.7063266349387	1109.406	758.607	705556
66.24286	93.814844948124	1142.708	776.522	705556
75.53253	98.8100209519832	1142.645	765.341	705556
83.23773	99.8185601451519	1118.458	787.637	705556
90.55941	99.999820000144	1117.796	762.418	705556
