0.00103999916800067	0.018719985024012	955.149	636.361	705556.12
0.00107999913600069	0.0194399844480124	963.801	639.213	705556.12
0.00214999828000138	0.0385199691840247	964.259	656.476	705556.12
0.0023499981200015	0.0422999661600271	970.497	636.452	705556.12
0.00620999503200397	0.111599910720071	972.356	640.382	705556.12
0.00903999276800579	0.162539869968104	980.457	658.93	705556.12
0.0123199901440079	0.221219823024142	950.53	629.006	705556.12
0.0184699852240118	0.329579736336211	972.843	658.711	705556.12
0.0190199847840122	0.340559727552218	993.167	632.533	705556.12
0.0363999708800233	0.650339479728416	980.673	657.898	705556.12
0.0629699496240403	1.11887910489672	970.203	652.936	705556.12
0.0880999295200564	1.54295876563299	1005.139	662.639	705556.12
0.119259904592076	2.06657834673732	975.795	657.744	705556.12
0.131729894616084	2.23955820835343	977.857	636.99	705556.12
0.262789789768168	4.34825652139478	984.608	891.909	705556.12
0.457859633712293	7.3416541266767	957.057	638.583	705556.12
0.700159439872448	9.69731224215021	982.393	644.623	705556.12
0.708509433192453	10.8095313523749	975.93	646.65	705556.12
1.556488754809	19.4925444059645	964.595	638.566	705556.12
2.39330808535353	26.0477791617767	974.806	646.316	705556.12
3.55752715397828	31.4029548776361	967.482	624.791	705556.12
5.35780571375543	37.1388302889358	977.936	633.891	705556.12
8.06189355048516	42.3224661420271	961.452	639.699	705556.12
11.0291511766791	38.1443094845524	969.136	633.01	705556.12
18.2025554379556	54.4285364571708	990.322	617.54	705556.12
27.2650681879454	62.9520696383443	980.807	656.874	705556.12
37.2278302177358	72.5586619530704	992.428	644.904	705556.12
47.2835721731423	83.2801733758613	993.054	633.144	705556.12
54.5470863623309	78.2948973640821	974.873	625.323	705556.12
66.8881864894508	97.4677620257904	942.591	625.15	705556.12
75.5095195923843	98.7482810013752	994.518	746.258	705556.12
83.0955235235812	99.7715801827359	980.888	630.495	705556.12
90.592177526258	99.999820000144	983.826	668.481	705556.12
