0.00104999916000067	0.018719985024012	749.635	510.585	705556.12
0.00236999810400152	0.0426599658720273	779.593	512.268	705556.12
0.00276999778400177	0.0496799602560318	787.265	496.545	705556.12
0.00335999731200215	0.0604799516160387	776.256	498.797	705556.12
0.00622999501600399	0.111959910432072	765.419	508.865	705556.12
0.00723999420800463	0.130319895744083	770.732	501.94	705556.12
0.00853999316800547	0.153179877456098	731.71	499.646	705556.12
0.0190699847440122	0.341099727120218	794.822	507.753	705556.12
0.0270399783680173	0.482579613936309	778.2	503.6	705556.12
0.0404099676720259	0.720359423712461	766.579	499.476	705556.12
0.0572099542320366	1.01375918899265	795.505	519.908	705556.12
0.0930899255280596	1.63601869118505	754.98	505.308	705556.12
0.128199897440082	2.22587821929742	784.789	508.534	705556.12
0.208409833272133	3.57425714059429	749.199	480.416	705556.12
0.227469818024146	3.77243698205041	741.421	511.758	705556.12
0.471109623112302	7.57997393602085	780.552	504.528	705556.12
0.503919596864323	7.57295394163685	727.798	500.48	705556.12
1.06616914706468	15.0643679485056	762.436	497.955	705556.12
1.2541489966808	15.2868477705218	776.798	557.249	705556.12
2.28311817350546	24.2306806154555	747.681	500.466	705556.12
3.48394721284223	30.2442958045634	753.687	525.485	705556.12
5.35857571313943	37.1287502969998	772.128	500.924	705556.12
8.07504353996517	42.6387258890193	804.589	521.316	705556.12
12.1267402986078	47.8961616830707	756.572	521.332	705556.12
18.1771454582836	54.0753767396986	800.646	529.568	705556.12
26.9725084219933	59.1895326483739	784.136	537.435	705556.12
35.3359117312706	60.5244115804707	801.636	536.769	705556.12
45.4474036420771	70.9588232329414	802.867	539.699	705556.12
56.6708146633483	86.7066506346795	757.291	548.102	705556.12
66.0579171536663	92.9953056037555	801.676	558.585	705556.12
76.0044291964566	99.6364002908798	819.08	564.916	705556.12
83.8175429459656	99.952840037728	813.407	559.943	705556.12
90.570827543338	99.999820000144	770.267	567.558	705556.12
