0.000729999416000467	0.0131399894880084	994.45	528.452	705556.12
0.00114999908000074	0.0206999834400132	996.649	515.263	705556.12
0.00179999856000115	0.0323999740800207	989.414	503.029	705556.12
0.00332999733600213	0.0599399520480384	1001.382	524.59	705556.12
0.00350999719200225	0.0629999496000403	999.606	534.453	705556.12
0.00442999645600284	0.0791999366400507	981.766	503.296	705556.12
0.0129699896240083	0.232739813808149	999.062	517.686	705556.12
0.0138099889520088	0.248039801568159	1004.678	518.244	705556.12
0.0149799880160096	0.268199785440172	999.58	522.104	705556.12
0.0415599667520266	0.742859405712475	982.943	507.321	705556.12
0.0624199500640399	1.10699911440071	1002.234	523.372	705556.12
0.0919299264560588	1.61171871062503	999.334	521.142	705556.12
0.117369906104075	2.0345383723693	1003.66	504.196	705556.12
0.174689860248112	2.91797766561787	995.495	521.504	705556.12
0.211649830680135	3.62231710214632	980.513	537.928	705556.12
0.457859633712293	7.3416541266767	982.829	522.033	705556.12
0.70320943743245	10.7411314070949	1003.918	523.934	705556.12
1.03852916917666	14.5897083282333	976.052	516.655	705556.12
1.59272872581702	20.2118238305409	982.04	521.895	705556.12
2.30935815251348	24.6329802936158	1020.999	551.651	705556.12
3.15459747632202	26.3888788888969	992.145	514.921	705556.12
5.21287582969934	34.8495921203263	995.373	523.179	705556.12
6.96424442860446	32.4815140147888	986.573	535.885	705556.12
9.70374223700621	32.9606736314611	981.706	528.293	705556.12
18.1972954421636	54.2451166039067	985.711	529.292	705556.12
27.2632181894254	62.9842896125683	1034.702	554.885	705556.12
37.2867401706079	73.6235411011671	1017.72	547.944	705556.12
45.6364434908452	71.6401226879019	1026.584	557.704	705556.12
56.9040044767964	88.6823290541368	1020.522	564.99	705556.12
63.6694890644088	86.2006710394632	1021.58	553.96	705556.12
75.8076793538565	99.2828805736955	1038.49	584.459	705556.12
84.1123627101098	99.9910000072	1041.893	580.831	705556.12
90.5363475709219	99.999820000144	1042.731	589.093	705556.12
