0.00062	0.0111599910720071	1523.04	519.555	705556
0.00214	0.0385199691840247	1572.337	510.962	705556
0.00252	0.045359963712029	1487.078	506.62	705556
0.00278	0.0498599601120319	1543.035	520.714	705556
0.00315	0.0565199547840362	1523.562	517.673	705556
0.00859	0.154619876304099	1492.073	514.297	705556
0.0089	0.159839872128102	1489.877	520.053	705556
0.01876	0.336779730576216	1476.667	510.926	705556
0.02765	0.495359603712317	1591.039	525.932	705556
0.03635	0.646199483040414	1500.459	512.057	705556
0.06044	1.07279914176069	1501.04	520.441	705556
0.0945	1.66103867116906	1499.589	510.412	705556
0.10055	1.74347860521712	1485.929	519.074	705556
0.2096	3.5877571297943	1516.52	515.063	705556
0.27376	4.55057635953891	1550.72	526.382	705556
0.47656	7.67807385754091	1497.259	505.976	705556
0.68853	10.4441316446947	1521.896	517.014	705556
0.98336	13.6803490557208	1537.846	531.862	705556
1.55462	16.2361670110664	1540.425	523.623	705556
1.59037	20.1900438479649	1519.758	522.458	705556
3.27967	21.5569627544298	1508.3	521.2	705556
3.50438	30.6465954827236	1521.095	520.56	705556
6.97216	32.4824140140688	1543.38	541.489	705556
10.16279	34.4656524274781	1557.435	555.92	705556
16.93641	43.9561448350841	1519.009	530.632	705556
25.56003	51.3307389354089	1525.086	543.477	705556
37.04268	70.2100238319809	1540.366	554.385	705556
47.07101	80.5540755567395	1516.261	542.492	705556
55.03868	79.649216280627	1544.425	557.93	705556
66.37944	94.5044243964605	1544.369	564.491	705556
75.63553	98.9986608010714	1545.539	568.809	705556
82.82599	99.6952602437918	1593.298	569.25	705556
90.56714	99.999820000144	1547.386	564.949	705556
