0.000869999304000557	0.01565998747201	11.467	0.596	15.92
0.00195999843200125	0.0350999719200225	24.711	0.413	24.57
0.00313999748800201	0.0559799552160358	38.757	0.463	34.48
0.00375999699200241	0.0673199461440431	46.976	0.783	44.28
0.00569999544000365	0.101339918928065	69.892	0.9	60.44
0.00929999256000595	0.162719869824104	109.668	1.111	89.02
0.0122299902160078	0.214199828640137	144.007	0.949	125.97
0.0192799845760123	0.331919734464212	231.049	1.673	177.21
0.0282499774000181	0.477719617824306	327.061	2.318	257.69
0.0377399698080242	0.603359517312386	413.907	2.785	388.95
0.0634999492000406	0.985679211456631	668.112	4.369	619.35
0.0940099247920602	1.35863891308887	910.501	5.789	843.52
0.142449886040091	1.8779384976492	1215.416	8.218	1232.49
0.185949851240119	1.7216986226411	907.313	7.716	525.07
0.212219830224136	2.44691804246557	1405.467	8.419	2308.47
0.471399622880302	3.60215711827431	1715.461	14.241	4177.54
0.712509429992456	4.11677670657863	1831.025	21.547	6700.02
1.06986914410468	4.64165628667497	2066.384	27.843	9820.62
1.60289871768103	5.24213580629135	2235.811	46.333	14631
2.35689811448151	5.51789558568353	2202.743	59.54	21372.55
3.5949171240663	7.23545421163663	2827.321	92.454	32199.34
5.39508568393145	9.03293277365378	3481.58	141.626	47664.89
8.09492352406118	11.7388706089035	4451.322	211.611	71298.55
12.1369602904318	15.7883273693381	5810.18	308.828	107698.75
18.2035654371476	21.846402522878	7745.205	439.242	160657.85
27.3107981513615	30.9475552419558	10871.777	660.713	239424.86
37.3160501471599	40.9632872293702	14374.258	909.857	325414.35
47.3066221547023	50.9610192311846	17954.337	1144.455	412594.99
57.2092542325966	60.0222119822304	20529.706	1380.196	498272.38
67.3133761492991	70.9375832499334	24695.467	1643.928	588398.7
77.3054481556415	80.9434152452678	27867.096	1894.883	674957.9
87.2896901682479	90.61228751017	31085.202	2220.24	760929.43
97.0483423613261	99.4004204796636	34032.618	3740.639	843034.51
