0.00200999839200129	0.00215999827200138	1.698	0.825	1014.48
0.00600999519200385	0.00629999496000403	1.799	0.834	2554.28
0.00900999279200577	0.00917999265600588	2.004	0.891	3641.77
0.0189999848000122	0.0192599845920123	2.807	1.02	6611.5
0.0279999776000179	0.028079977536018	3.461	1.129	10981.04
0.474009620792303	0.474299620560304	29.402	6.309	144724.3
0.711009431192455	0.711179431056455	45.231	9.968	301041.71
1.59900872079302	1.59911872070502	100.164	21.002	462223.94
8.09200352639718	8.09225352619718	481.256	103.805	740573.97
18.2069954344037	18.2071654342677	1051.937	242.028	736913
37.3099801520159	37.3101901518479	2107.285	485.972	780728.34
57.3099641520287	57.3101541518767	3193.617	740.693	823555.04
67.3099561520351	67.3102261518191	3773.124	875.657	845560
77.3099481520415	77.3101181519055	4384.985	1022.427	866309.91
87.3099401520479	87.3100101519919	4884.686	1143.42	888787.57
97.3099321520543	97.3100821519343	5235.647	3462.364	912069.59
