0.00100999919200065	0.00107999913600069	1.418	0.901	434.64
0.00200999839200129	0.00215999827200138	1.627	0.927	821.74
0.00299999760000192	0.00323999740800207	1.767	0.949	1265.56
0.00400999679200257	0.00413999668800265	1.791	0.999	1547.28
0.00599999520000384	0.00611999510400392	2.017	1.076	2538.79
0.00899999280000576	0.00917999265600588	2.254	1.057	3741.6
0.0130099895920083	0.0131399894880084	2.673	1.195	5782.8
0.0190099847920122	0.0190799847360122	2.847	1.332	7771.33
0.0280099775920179	0.0282599773920181	3.424	1.428	9458.22
0.0420099663920269	0.042119966304027	4.215	1.728	16229.77
0.0630099495920403	0.0631799494560404	5.969	2.135	21880.16
0.0940099247920602	0.0941399246880602	8.091	2.8	36260.16
0.14099988720009	0.14129988696009	10.829	3.504	50278.11
0.211009831192135	0.211139831088135	15.745	4.547	71492.68
0.316009747192202	0.316079747136202	19.921	6.321	94567.67
0.474009620792303	0.474299620560304	29.887	8.69	154671.36
0.711009431192455	0.711179431056455	43.5	11.889	273439.53
1.06600914719268	1.06613914708868	70.1	17.011	373783.38
1.59900872079302	1.59911872070502	91.385	24.384	480558.61
2.39800808159353	2.39813808148954	151.107	34.754	563088
3.5970071223943	3.5971171223063	193.413	49.332	662277.8
5.39500568399545	5.39513568389145	281.093	74.075	722114.3
8.09200352639718	8.09207352634118	453.051	111.777	740741.35
12.1380002895998	12.1381102895118	621.546	169.856	724130.67
18.2069954344037	18.2071654342677	962.381	252.632	737559.42
27.3099881520095	27.3101181519055	1424.305	375.586	757514.47
37.3099801520159	37.3101901518479	1952.949	512.68	779974.08
47.3099721520223	47.3100821519343	2404.752	640.832	802419.53
57.3099641520287	57.3101541518767	2955.635	777.53	824137.16
67.3099561520351	67.3100461519631	3495.786	916.053	845198.67
77.3099381520495	77.3101181519055	4044.186	1046.233	867704.87
87.3099401520479	87.3100101519919	4438.594	1168.926	889645.05
97.3099321520543	97.3100821519343	5053.436	1304.917	911624.52
