0.00100999919200065	0.00125999899200081	1.398	0.873	367.24
0.00200999839200129	0.00215999827200138	1.478	0.821	782.34
0.00400999679200257	0.00413999668800265	1.648	0.882	1496.49
0.00600999519200385	0.00629999496000403	1.801	0.879	2333.41
0.0279999776000179	0.028079977536018	3.276	1.187	10914.41
0.316009747192202	0.316259746992202	20.067	4.768	99796.28
0.474009620792303	0.474299620560304	30.563	6.876	142326.51
0.711009431192455	0.711179431056455	40.693	9.795	289649.88
1.59900872079302	1.59929872056102	88.25	21.464	455295.19
2.39800808159353	2.39813808148954	149.056	32.188	564833.09
3.5969971224023	3.5971171223063	201.607	48.522	665565.88
5.39498568401145	5.39513568389145	288.412	72.39	717674.44
8.09199352640518	8.09225352619718	445.864	106.049	740913.18
12.1380002895998	12.1382902893678	660.814	167.937	723926.49
47.3099721520223	47.3100821519343	2417.676	639.08	802140.37
