0.00100999919200065	0.00125999899200081	1.501	0.937	395
0.00200999839200129	0.00215999827200138	1.72	0.915	865.05
0.00300999759200193	0.00323999740800207	1.716	0.954	1120.5
0.00400999679200257	0.00431999654400277	1.878	0.975	1625.37
0.00599999520000384	0.00611999510400392	2.147	1.013	2092.71
0.00900999279200577	0.00917999265600588	2.363	1.075	3810.68
0.0130099895920083	0.0131399894880084	2.712	1.214	5136.76
0.0190099847920122	0.0190799847360122	2.978	1.296	7218.72
0.0280099775920179	0.028079977536018	3.501	1.466	10973.64
0.0420099663920269	0.042119966304027	3.994	1.667	17407.34
0.0630099495920403	0.0631799494560404	4.634	2.141	22709.27
0.0940099247920602	0.0941399246880602	5.596	2.72	35447.57
0.14100988719209	0.14111988710409	6.936	3.437	51659.46
0.210999831200135	0.211319830944135	9.418	4.766	69739.03
0.316009747192202	0.316079747136202	12.196	6.405	104353.63
0.474009620792303	0.474119620704303	15.822	8.859	141366.86
0.711009431192455	0.711179431056455	22.947	12.604	291604.58
1.06600914719268	1.06631914694468	29.595	17.122	352981
1.59900872079302	1.59911872070502	45.704	24.701	465437.15
2.39800808159353	2.39813808148954	58.06	34.191	554627.65
3.5969971224023	3.5971171223063	82.285	50.53	646694.66
5.39500568399545	5.39513568389145	145.684	76.054	722575.13
8.09200352639718	8.09207352634118	199.46	111.8	740340.4
12.1380002895998	12.1381102895118	288.678	169.613	724063.01
18.2069954344037	18.2071654342677	417.492	253.926	737396.26
27.3099781520175	27.3102981517615	672.466	377.576	757564.87
37.3099801520159	37.3101901518479	999.561	522.617	780335.83
47.3099721520223	47.3100821519343	1311.456	647.794	802598.3
57.3099641520287	57.3099741520207	1636.491	780.739	824828.29
67.3099561520351	67.3102261518191	1977.76	920.462	846673.54
77.3099481520415	77.3101181519055	2312.612	1044.955	867035.45
87.3099401520479	87.3100101519919	2608.587	1169.242	889443.68
97.3099321520543	97.3100821519343	2949.041	1364.432	911543.76
