0.00100999919200065	0.00125999899200081	1.443	0.897	395
0.00200999839200129	0.00215999827200138	1.668	0.972	750.81
0.00300999759200193	0.00323999740800207	1.727	0.919	1155.8
0.00400999679200257	0.00413999668800265	1.871	0.984	1660.49
0.00600999519200385	0.00629999496000403	2.02	1.015	2422.58
0.00899999280000576	0.00917999265600588	2.578	1.074	3438.05
0.0129999896000083	0.0131399894880084	2.57	1.156	4908.26
0.0190099847920122	0.0192599845920123	2.84	1.315	7530.92
0.0280099775920179	0.028079977536018	3.526	1.463	10354.64
0.0420099663920269	0.042119966304027	4.805	1.776	14722.82
0.0629999496000403	0.0631799494560404	6.084	2.175	24864
0.0940099247920602	0.0941399246880602	7.659	2.877	30912.15
0.14100988719209	0.14111988710409	10.308	3.61	48386.91
0.211009831192135	0.211139831088135	14.679	4.617	73074.02
0.316009747192202	0.316259746992202	22.391	6.333	100019.98
0.474009620792303	0.474299620560304	32.067	8.699	142326.51
0.710999431200455	0.711179431056455	45.729	12.415	281603.72
1.06600914719268	1.06613914708868	67.889	17.151	377634.27
1.59899872080102	1.59911872070502	95.455	24.832	473944.48
2.39799808160153	2.39813808148954	132.216	33.719	568873.87
3.5970071223943	3.5971171223063	211.827	51.605	665729.29
5.39500568399545	5.39513568389145	294.749	76.13	721680.06
8.09199352640518	8.09207352634118	449.179	111.256	740595.68
12.1380002895998	12.1381102895118	638.64	168.211	723982.85
18.2069954344037	18.2071654342677	981.512	253.207	736936.39
27.3099881520095	27.3101181519055	1516.54	389.603	757481.54
37.3099701520239	37.3101901518479	1957.654	510.525	779892.8
47.3099721520223	47.3102621517903	2434.459	657.178	802169.08
57.3099641520287	57.3101541518767	3018.321	779.863	823481.06
67.3099561520351	67.3100461519631	3511.003	917.524	845246.86
77.3099481520415	77.3101181519055	3985.713	1055.081	866608.13
87.3099401520479	87.3101901518479	4457.737	1171.573	889488.89
97.3099321520543	97.3100821519343	5052.189	1323.887	911350.97
