0.00100999919200065	0.00125999899200081	1.486	0.892	398.97
0.00200999839200129	0.00215999827200138	1.703	0.934	750.81
0.00300999759200193	0.00305999755200196	1.708	0.941	1057.69
0.00400999679200257	0.00431999654400277	1.804	0.946	1566.81
0.00600999519200385	0.00611999510400392	2.213	0.989	2333.41
0.00900999279200577	0.00917999265600588	2.026	1.04	3895.07
0.0130099895920083	0.0131399894880084	2.646	1.127	5585.29
0.0190099847920122	0.0190799847360122	2.887	1.289	7913.94
0.0280099775920179	0.0282599773920181	3.675	1.469	10929.22
0.0420099663920269	0.042119966304027	4.389	1.763	15408.34
0.0630099495920403	0.0631799494560404	5.667	2.075	24906.36
0.0940099247920602	0.0941399246880602	7.785	2.733	33086.85
0.14099988720009	0.14111988710409	13.743	3.873	48748.95
0.210999831200135	0.211139831088135	15.044	4.805	76317.32
0.315999747200202	0.316079747136202	20.507	6.525	104845.32
0.474009620792303	0.474119620704303	31.677	8.756	133733.27
0.711009431192455	0.711179431056455	42.385	12.048	272316.99
1.06599914720068	1.06613914708868	68.926	16.77	381749.19
1.59900872079302	1.59911872070502	92.129	23.666	450432.02
2.39799808160153	2.39813808148954	135.445	34.184	549287.41
3.5970071223943	3.5971171223063	218.643	51.59	658169.4
5.39500568399545	5.39513568389145	283.563	74.238	722959.24
8.09200352639718	8.09225352619718	457.267	112.959	740913.24
12.1380002895998	12.1382902893678	664.127	170.192	724272.2
18.2069954344037	18.2071654342677	1005.403	253.257	737091.39
27.3099881520095	27.3102981517615	1489.017	377.306	758263.99
37.3099801520159	37.3101901518479	2024.259	515.78	780253.35
47.3099721520223	47.3102621517903	2510.378	636.555	801436.17
57.3099641520287	57.3101541518767	3043.217	777.085	824867.87
67.3099561520351	67.3100461519631	3539.026	924.505	846616.78
77.3099481520415	77.3101181519055	4010.263	1038.782	868322.91
87.3099401520479	87.3100101519919	4493.786	1174.909	889627.03
97.3099321520543	97.3100821519343	5045.974	1309.666	911244.22
