0.00100999919200065	0.00125999899200081	1.572	0.888	414.83
0.00200999839200129	0.00215999827200138	1.831	0.96	778.4
0.00299999760000192	0.00323999740800207	1.929	0.93	1120.5
0.00398999680800255	0.00413999668800265	1.879	0.97	1402.57
0.00600999519200385	0.00611999510400392	2.133	1.02	2232.53
0.00900999279200577	0.00917999265600588	2.251	1.077	3607.19
0.0130099895920083	0.0131399894880084	2.767	1.154	4931.12
0.0190099847920122	0.0190799847360122	3.464	1.242	7102
0.0280099775920179	0.028079977536018	3.787	1.418	11417.77
0.0420099663920269	0.042119966304027	4.641	1.789	17407.34
0.0630099495920403	0.0631799494560404	5.729	2.073	22709.27
0.0940099247920602	0.0941399246880602	8.211	2.704	32979.29
0.14100988719209	0.14111988710409	10.911	3.526	50284.75
0.211009831192135	0.211139831088135	15.562	4.506	69739.03
0.316009747192202	0.316259746992202	22.655	6.043	110035.86
0.474009620792303	0.474119620704303	32.808	8.686	152398.64
0.711009431192455	0.711179431056455	46.504	11.699	291048.48
1.06600914719268	1.06613914708868	66.246	16.421	379781.03
1.59900872079302	1.59911872070502	96.842	23.497	482997.56
2.39800808159353	2.39813808148954	141.784	32.766	552273.08
3.5970071223943	3.5971171223063	209.909	49.726	660316.16
5.39500568399545	5.39513568389145	317.437	73.6	722243.29
8.09200352639718	8.09225352619718	463.238	108.446	740477.61
12.1380002895998	12.1381102895118	740.661	166.428	723477.46
18.2069954344037	18.2071654342677	990.291	244.531	736686.85
27.3099881520095	27.3101181519055	1542.514	368.49	757790.09
37.3099801520159	37.3101901518479	2024.405	496.102	779553.72
47.3099721520223	47.3102621517903	2543.368	625.745	802373.24
57.3099641520287	57.3101541518767	3083.283	746.642	824182.23
67.3099561520351	67.3102261518191	3619.847	887.742	845037.73
77.3099381520495	77.3101181519055	4174.492	1023.451	867912.05
87.3099401520479	87.3100101519919	4783.107	1198.925	888852.32
97.3099321520543	97.3102621517903	5184.005	1272.651	911277.64
