0.000959999232000614	0.0172799861760111	13.335	0.502	55.16
0.000969999224000621	0.0174599860320112	13.159	0.504	55.57
0.00241999806400155	0.0435599651520279	31.439	0.63	115.35
0.0026599978720017	0.0478799616960306	33.47	0.496	155.79
0.00547999561600351	0.0986399210880631	67.866	0.641	253.67
0.00620999503200397	0.111599910720071	76.747	0.88	270.51
0.0127799897760082	0.230039815968147	160.097	1.177	646.96
0.0189099848720121	0.338039729568216	237.14	1.764	842.16
0.0276799778560177	0.495899603280317	343.712	2.461	1308.96
0.0408899672880262	0.728279417376466	499.639	2.241	2119.49
0.04686996250403	0.829259336592531	578.346	3.919	2357.27
0.0882899293680565	1.55141875886499	1060.376	6.312	4715.84
0.107639913888069	1.86623850700919	1281.005	7.459	5668.06
0.155399875680099	2.6495978803217	1844.231	10.193	7136.53
0.167069866344107	2.79665776267379	1908.492	10.841	7641.43
0.4686096251123	7.53947396842083	5262.662	27.096	20055.35
0.589329528536377	8.87291290166968	6094.237	30.122	25905.65
0.682939453648437	9.44999244000605	6454.37	33.584	30415.06
1.39555888355289	14.8015681587455	8295.291	64.604	57618.67
1.567308746153	19.7508441993246	12543.835	78.415	66700.22
3.5922171262263	31.8934544852364	16564.587	161.42	131418.26
5.35040571967542	36.8958304833356	18318.459	235.808	182145.76
8.03656357074914	41.7720265823787	19781.902	351.171	247020.36
11.9229804616156	44.9495640403488	20307.529	493.721	304248.09
17.5058859952912	47.0472823621741	20852.863	721.305	371097.32
27.2871581702735	63.6466890826487	29163.041	1159.982	496084.47
37.1046803162557	70.8765632987494	31944.611	1537.132	610823.02
47.2872721701823	83.1091735126612	37896.587	1979.356	735323.16
57.1209243032606	90.7300074159941	40404.459	2373.255	854662.18
66.5305767755386	95.280403775677	42043.382	2979.088	969600.95
73.6459710832231	95.4296236563011	42214.035	3181.629	1054690.97
84.1282626973898	99.992440006048	43300.214	4950.807	1179709.8
90.552807557754	100.0	43687.286	5440.373	1257178.31
