0.00169999864000109	0.0305999755200196	22.934	0.536	98.93
0.00260999791200167	0.0469799624160301	33.776	0.49	149.04
0.00604999516000387	0.10871991302407	76.141	0.557	308.02
0.00888999288800569	0.160019871984102	114.355	0.741	399.99
0.0119199904640076	0.213659829072137	147.496	0.748	513.72
0.0137999889600088	0.247319802144158	174.119	1.456	775.62
0.028049977560018	0.501659598672321	341.299	2.315	1384.35
0.0399999680000256	0.712799429760456	490.924	2.21	1761.12
0.0760999391200487	1.32371894102485	916.159	4.149	3434.51
0.0943999244800604	1.66139867088106	1150.859	6.578	4209.5
0.208139833488133	3.56327714937828	2483.978	11.744	9967.92
0.263169789464168	4.3723765020988	2987.446	16.829	11777.66
0.444749644200285	7.13393429285257	4885.522	25.083	19107.01
0.611459510832391	9.18323265341388	6286.801	34.137	27385.82
1.04664916268067	14.7130082295934	9999.163	58.951	47738.75
1.568058745553	19.7180842255326	12487.951	80.094	67385.26
2.39301808558553	25.9590392327686	14843.914	119.844	88445.29
3.5920871263303	32.0226943818445	16804.74	179.48	137310.64
5.35511571590743	36.9289504568396	18120.611	236.759	181560.21
7.75969379224497	38.4909892072086	17388.867	332.176	243508
11.4609108312713	40.7552073958341	18176.08	470.755	299966.44
17.6501058799153	48.1794814564148	21282.144	750.158	372228.47
24.4993904004877	48.1328614937108	21472.243	968.055	454923.68
37.3082201534239	73.6136411090871	33919.178	1582.825	618328.42
46.5407427674058	75.8927992857606	33515.703	1905.045	725305.39
56.7179746256203	86.9676504258797	38560.093	2395.186	851777.32
66.3019469584424	94.0655847475322	41498.86	2913.157	965352
74.1058407153274	96.2250430199656	42262.498	3225.682	1060141.96
82.9960636031491	99.7512401990078	43347.332	4809.698	1165992.98
90.615177507858	100.0	43858.771	5465.003	1257355.93
