0.000899999280000576	0.0161999870400104	11.985	0.662	43.51
0.00190999847200122	0.034379972496022	24.042	0.798	96.3
0.00291999766400187	0.0525599579520336	36.771	1.093	140.93
0.00369999704000237	0.0664199468640425	45.763	0.981	157.44
0.00553999556800355	0.0995399203680637	69.392	0.775	296.36
0.00883999292800566	0.158579873136102	108.667	1.171	437
0.00931999254400596	0.167399866080107	113.904	1.032	454.74
0.0110899911280071	0.198539841168127	135.565	1.265	549.55
0.0280199775840179	0.50057959953632	332.157	3.265	1282.94
0.0395399683680253	0.704699436240451	464.354	3.959	1727.21
0.0550599559520352	0.976139219088625	657.321	4.886	2398.36
0.0866799306560555	1.52279878176097	1015.642	7.543	3840.67
0.0980299215760627	1.69703864236909	1145.441	8.183	4807.3
0.195709843432125	3.35069731944214	2211.046	11.979	8999.69
0.314219748624201	5.25455579635536	3474.107	21.707	14581.9
0.408399673280261	6.19055504755596	4090.393	28.172	19399.66
0.474139620688303	7.61669390664487	5104.792	31.745	21451.6
1.05880915295268	14.9761680190656	10039.357	65.241	48436.06
1.60093871924902	20.277163778269	12335.962	89.931	68473.61
2.38327809337753	25.8729993016006	14128.48	123.115	94186.87
3.2744673804261	27.5615779507376	13342.251	155.838	122238.1
5.34474572420342	36.8441705246636	17533.666	275.368	184056.69
7.30847415322068	34.5187523849981	15150.406	327.749	229237.96
10.936341250927	37.6757698593841	16384.543	490.314	287435.9
18.2012054390357	54.2949765640187	24162.277	830.758	377755.27
27.2964481628415	63.6628890696887	28664.295	1248.619	482094.5
34.8140421487663	58.9702928237657	25387.792	1488.034	574087.78
47.2424222060622	82.5076139939088	35956.807	2119.819	722349.49
57.1627742697806	91.2941269646984	39946.38	2567.526	838731.3
65.587447530042	91.1803670557064	39687.447	2854.371	939124.59
73.426161259071	95.0300239759808	41248.675	3249.282	1039391.36
83.6344330924535	99.9191800646559	42222.569	3631.404	1159305.24
90.546177563058	100.0	42424.26	3879.964	1243217.87
