0.000959999232000614	0.0172799861760111	2.217	0.645	56.26
0.00192999845600124	0.0347399722080222	4.066	0.906	103.74
0.00225999819200145	0.040679967456026	4.831	0.663	113.22
0.00253999796800163	0.0457199634240293	4.087	0.6	118.21
0.00619999504000397	0.111419910864071	8.523	0.926	292.68
0.00848999320800543	0.152819877744098	9.879	1.23	375.05
0.0119999904000077	0.215279827776138	13.212	1.477	583.79
0.0167699865840107	0.300239759808192	17.21	1.624	729.76
0.0260299791760167	0.464579628336297	25.702	2.95	1147.67
0.040569967544026	0.722879421696463	41.553	4.358	1765.54
0.0601299518960385	1.06523914780868	52.064	5.094	2572.08
0.0946299242960606	1.66463866828907	90.149	7.363	4239
0.137909889672088	2.38805808955353	117.797	10.411	5715.14
0.168529865176108	2.86757770593784	133.147	10.745	7521.68
0.271969782424174	4.36463650829079	222.93	19.308	13066.77
0.306019755184196	5.10335591731527	278.606	17.592	13959.47
0.700659439472448	10.6732714613828	522.941	43.079	32934.89
1.06567914745668	15.0773279381376	779.964	59.269	46761.48
1.58847872921702	20.1556638754689	1096.97	81.975	68760.88
2.30011815990547	24.5512603589917	1633.558	108.782	89846.4
3.5893171285463	32.0891143287085	2674.525	164.314	136381.28
5.38911568870745	37.541669966664	5727.511	237.574	184702.74
7.85872371302103	39.5634283492573	8593.666	330.533	242995.9
10.1645318683745	34.43631245095	10354.522	377.639	280335.85
17.8549957160034	50.01529998776	16375.513	682.54	372429.59
27.2902881677695	63.5860291311767	23666.808	1047.202	481525.6
37.3088201529439	73.6104011116791	30212.028	1426.795	601793.43
47.1623522701182	81.5615347507722	37098.036	1782.496	719578.23
53.4499472400422	75.7824593740325	40449.105	1928.602	794587.84
64.8654281076575	89.042328766137	41322.839	2418.698	936828.74
75.7060194351845	99.1023407181274	50195.073	2788.192	1065156.94
84.0716227427018	99.9865000108	55818.402	3055.419	1164475.1
90.578157537474	100.0	57841.198	3235.54	1243116.11
