0.00064	0.0115199907840074	4907.611	2040.98	705556
0.00105	0.0188999848800121	4942.58	2014.272	705556
0.00234	0.042119966304027	5326.381	1449.665	705556
0.00321	0.057779953776037	5446.31	1922.615	705556
0.004	0.071819942544046	5376.843	2017.151	705556
0.00784	0.14111988710409	4987.211	1385.164	705556
0.00826	0.148679881056095	5413.933	2022.77	705556
0.01518	0.272519781984174	5536.537	1093.321	705556
0.01562	0.28097977521618	5374.341	1999.26	705556
0.03269	0.586799530560376	4947.926	1528.977	705556
0.03693	0.660779471376423	4951.528	2011.078	705556
0.07631	1.36025891179287	5435.349	1335.778	705556
0.09015	1.60055871955302	5295.746	1441.842	705556
0.15238	2.68271785382572	4947.611	1450.167	705556
0.19486	3.40595727523418	4987.066	1892.108	705556
0.37355	6.27065498347601	5415.692	1984.415	705556
0.41855	7.1791142567086	5444.37	1809.527	705556
0.859	13.8594489124409	5379.681	1993.78	705556
1.31723	20.1524238780609	5382.306	1599.262	705556
2.1748	30.9173152661478	5313.254	2020.211	705556
2.8356	35.8480513215589	5405.845	1486.793	705556
4.888	53.6493170805463	5009.243	1876.769	705556
7.38178	66.1238471009223	4949.391	1475.745	705556
10.71324	73.462621229903	5286.956	1691.956	705556
16.02473	81.0141551886758	5377.491	1347.533	705556
25.0979	92.2904261676591	5315.508	1545.84	705556
34.85519	98.362181310255	4937.617	2084.657	705556
43.48909	99.3401205279036	5383.874	1529.026	705556
49.37847	98.2509413992469	5481.402	1961.223	705556
58.37012	99.7559201952638	5324.523	1503.896	705556
66.67618	99.99640000288	5439.641	2127.285	705556
72.49449	99.99730000216	5012.09	1701.246	705556
78.65971	100.0	4927.901	1599.592	705556
