0.00056	0.0100799919360065	4375.24	2064.094	705556
0.00145	0.0260999791200167	4780.396	1597.013	705556
0.00182	0.032759973792021	4488.764	1413.687	705556
0.00348	0.0626399498880401	4457.701	1934.753	705556
0.00498	0.0896399282880574	4774.346	1371.333	705556
0.00546	0.0980999215200628	4852.186	1730.073	705556
0.01093	0.196739842608126	4504.263	1956.503	705556
0.01408	0.253259797392162	4871.847	1942.379	705556
0.01624	0.291059767152186	4419.841	1020.61	705556
0.03552	0.637379490096408	4394.966	2019.508	705556
0.04263	0.761039391168487	4365.47	2001.658	705556
0.06867	1.22651901878478	4455.598	1449.664	705556
0.12134	2.15585827531338	4919.069	1384.654	705556
0.17523	3.08717753025798	4497.136	2004.855	705556
0.2175	3.79439696448243	4435.789	1417.792	705556
0.33465	5.72219542224366	4368.845	2048.608	705556
0.62851	10.5098315921347	4362.302	1683.466	705556
0.76227	12.2826501738799	4366.215	1777.553	705556
0.8469	13.0913895268884	4862.019	1845.642	705556
1.94448	27.4827380138096	4415.291	1013.309	705556
2.09785	27.0030383975693	4741.468	1999.262	705556
4.65419	50.6433194853444	4470.766	1335.861	705556
6.28843	55.2955957635234	4829.07	1844.29	705556
10.70899	73.2738013809589	4811.729	1582.303	705556
13.31622	67.4637660289872	4947.665	1401.962	705556
22.81945	83.1023335181332	4877.203	1379.124	705556
33.6765	95.0926639258689	4539.198	1834.714	705556
37.67847	90.4835876131299	4860.241	1492.461	705556
47.99379	97.0737423410061	4558.484	2047.299	705556
59.53068	99.96040003168	4549.474	2102.89	705556
66.51462	99.992080006336	4610.992	1904.13	705556
73.02135	99.999460000432	4515.692	1446.758	705556
78.66959	100.0	4529.788	2162.253	705556
