0.000919999264000589	0.0163799868960105	4.901	0.594	394.31
0.00160999871200103	0.0289799768160185	8.046	0.599	563.12
0.00309999752000198	0.0557999553600357	14.706	0.624	1133.86
0.00387999689600248	0.0698399441280447	18.069	0.736	1314.73
0.00598999520800383	0.107639913888069	27.346	1	2705.39
0.00947999241600607	0.170459863632109	42.987	1.339	3336.4
0.0123099901520079	0.219959824032141	54.565	0.997	5056.66
0.0189599848320121	0.339479728416217	83.874	1.058	7596.86
0.0238599809120153	0.426599658720273	103.902	1.255	9514.09
0.0351199719040225	0.626939498448401	153.23	2.966	14088.12
0.0497399602080318	0.880559295552564	213.6	2.667	21254.72
0.0627399498080402	1.10231911814471	271.225	4.555	24249.2
0.120629903496077	2.09591832326534	508.553	7.612	47474.3
0.184509852392118	3.15143747885002	773.873	12.097	79146.5
0.310169751864198	5.17391586086731	1247.476	16.418	115162.92
0.466829626536299	7.5027539977968	1828.098	25.849	196843.7
0.714529428376457	10.896831282535	2636.014	41.719	251635.32
1.06234915012068	15.0123479901216	3593.291	56.163	389045.78
1.58726873018502	20.0231839814528	4438.632	84.89	528905.79
2.19526824378541	23.0624815500148	4379.043	110.218	732202.12
3.05412755669795	25.3963596829123	4083.133	137.239	984971.71
5.10043591965126	33.5094931924054	4984.97	226.092	1405654.6
7.94857364114109	40.578267537386	5783.333	335.643	1869556.68
10.6229815016148	36.2512509989992	4400.501	414.326	2099793.29
18.1725354619716	54.0116567906746	7131.041	768.867	2405322.79
26.7967085626331	57.6544938764049	6579.403	1088.844	2779677.14
37.2899601680319	73.6302010958391	8760.317	1564.155	3234571.08
46.937922449662	78.9787168170266	8556.936	1926.12	3648237.24
56.4444648444281	85.3667317066146	8596.234	2333.111	4068238.63
66.8003965596828	96.839382528494	9805.628	3038.412	4518914.68
74.979820016144	97.7939217648626	9080.265	3733.991	4877600.47
83.7859429712456	99.948520041184	10177.464	4828.767	5259401.39
90.556617554706	100.0	9567.784	5444.973	5552591.54
