0.00098	0.0176399858880113	5.369	0.465	386.3
0.0014	0.0251999798400161	7.553	0.578	695.81
0.00308	0.0554399556480355	15.458	0.764	1246.49
0.00398	0.0716399426880459	18.706	0.753	1600.2
0.00528	0.0950399239680608	24.613	0.938	2279.51
0.00832	0.149579880336096	38.058	1.057	3879.3
0.01302	0.233459813232149	58.502	1.334	5217.83
0.01517	0.271439782848174	68.037	2.107	6540.28
0.01631	0.291779766576187	71.854	1.526	6829.69
0.04098	0.732779413776469	178.221	4.578	17292.87
0.06214	1.10285911771271	265.37	5.577	24399.77
0.09302	1.63799868960105	398.607	6.785	37122.51
0.12645	2.1940182447854	528.938	10.021	51421.49
0.1959	3.24521740382608	778.341	11.196	75795.53
0.19758	3.36437730849815	808.942	12.626	77459.93
0.43383	6.93827444938044	1667.781	25.761	180419.32
0.7032	10.7335714131429	2566.643	43.298	286289.23
1.00043	13.9703288237369	3281.542	56.431	368101.15
1.58195	20.0514439588448	4439.484	91.602	576362.38
2.0867	21.7112226310219	4070.606	107.01	682877.53
3.21426	27.0230183815853	4352.335	161.061	1009474.51
5.38241	37.6338298929361	5940.998	259.393	1406426.49
6.7976	31.6014947188042	4049.858	293.946	1719786.25
8.9725	30.8519753184197	3624.481	376.92	2004706.25
18.15292	53.6259170992663	7142.712	840.402	2409441.97
26.4704	55.4599356320515	6228.277	1190.196	2772179.56
35.50274	61.0926711258631	6418.879	1573.129	3171333.87
46.94949	79.0892367286106	8642.953	2100.267	3666370.85
56.62972	86.4211708630633	10097.924	2553.038	4072774.93
66.62829	95.8555033155973	9749.113	2958.477	4508052.41
73.83355	95.7880033695973	8657.03	3204.585	4820225.81
82.89904	99.7233402213278	9342.567	3600.758	5214667.29
90.59888	99.999820000144	9603.045	3960.816	5555227.74
