0.000789999368000506	0.0142199886240091	4.202	0.398	346.08
0.00166999866400107	0.0300599759520192	8.331	0.612	764.08
0.00213999828800137	0.0385199691840247	10.442	0.606	876.62
0.00274999780000176	0.0494999604000317	13.155	0.653	989.16
0.00616999506400395	0.110879911296071	27.958	0.923	2588.83
0.0084299932560054	0.151739878608097	37.7	0.689	3376.59
0.00879999296000563	0.158039873568101	39.242	1.061	3605.69
0.0131099895120084	0.23453981236815	57.561	1.07	5273.7
0.0269799784160173	0.481499614800308	120.646	1.922	11776.96
0.0412199670240264	0.735299411760471	180.963	2.342	18843.05
0.0587199530240376	1.04003916796867	254.605	4.499	25688.17
0.070349943720045	1.23497901201679	299.947	4.951	28240.55
0.120629903496077	2.09591832326534	512.262	8.054	47474.3
0.138749889000089	2.36393810884951	581.71	8.859	54062.58
0.290309767752186	4.83407613273909	1175.576	15.194	101224.74
0.387429690056248	6.17831505734795	1484.976	19.824	154009.03
0.645439483648413	8.96489282808574	2114.2	30.109	241356.03
0.692109446312443	10.5125315899747	2527.326	35.572	251993.25
1.561848750521	19.6372642901886	4411.564	82.955	517527.55
2.39369808504153	26.0803591357127	5178.137	118.02	789370.35
3.58563713149029	32.0045143963885	5570.359	164.813	1058987.78
5.36418570865143	37.2583501933198	5825.048	244.119	1477443.88
5.80988535209172	27.3225381419695	3398.963	231.095	1540867.6
10.7806613754709	36.9143704685036	4508.145	429.404	2105562.53
15.0536079571136	37.9585496331603	4141.64	595.25	2286448.51
23.9755408195673	46.91606246715	4665.384	927.114	2678144.26
36.7667705865835	67.4432460454032	7363.425	1501.737	3212332.53
45.5950535239572	71.4883828092938	7142.16	1828.681	3595554.61
54.5492763605789	78.3006573594741	7447.311	2171.825	3978676.19
64.3019385584492	87.6248299001361	10324.729	2682.429	4414798.99
75.5145295883763	98.7580009935992	9457.395	4402.551	4896363.44
84.0588827528938	99.983980012816	9645.327	4909.061	5272080.55
90.588417529266	100.0	9592.085	5448.363	5553782.25
