0.00082	0.0147599881920094	4.683	0.682	382.28
0.00323	0.0581399534880372	15.585	0.638	1214.34
0.00586	0.105479915616068	27.417	1.296	2428.24
0.00925	0.166139867088106	42.139	1.713	3597.92
0.01134	0.20285983771213	51.465	1.347	4639
0.01312	0.23489981208015	58.838	1.335	5065.08
0.05466	0.967859225712619	238.864	5.026	20894.53
0.13757	2.40119807904154	577.291	9.239	52772.22
0.17995	3.06899754480196	735.908	10.168	71614.5
0.31072	5.17517585985931	1250.394	19.958	116333.57
0.47357	7.62947389642088	1830.452	31.358	181545.27
1.06113	15.0337679729856	3558.939	61.723	386113.77
1.55721	19.5546443562845	4333.936	89.65	551262.24
2.08922	21.7506425994859	4060.423	109.112	684033.4
2.73803	22.5885419291665	3586.801	135.321	912048.82
5.38785	37.6732498614001	5861.94	258.734	1408823.22
17.75674	48.9504208396633	6001.494	799.135	2411609.63
27.08163	60.3978716817027	7249.061	1230.801	2800918.71
37.29039	73.6168811064951	8897.432	1715.902	3235257.02
46.87477	78.3913772868982	8482.792	2087.91	3668295.45
66.89139	97.4900820079344	10346.39	3013.646	4517503.66
90.59759	99.999820000144	9502.859	3877.368	5555399.59
