0.000909999272000582	0.0163799868960105	7.78	0.493	390.28
0.00111999910400072	0.0201599838720129	9.232	0.504	595.26
0.00291999766400187	0.0525599579520336	21.403	0.637	1202.16
0.00410999671200263	0.0736199411040471	29.901	0.912	1583.96
0.00590999527200378	0.106199915040068	43.534	1.517	2395.84
0.00853999316800547	0.153179877456098	60.62	1.68	3472.97
0.0130399895680083	0.233279813376149	91.359	2.19	5450.42
0.0183099853520117	0.32831973734421	128.215	1.907	7070.16
0.0277099778320177	0.497159602272318	194.84	3.324	11668.16
0.0399099680720255	0.711179431056455	276.701	2.882	16133.56
0.040699967440026	0.719819424144461	278.592	4.331	18488.89
0.0927799257760594	1.63133869492904	629.169	5.885	35675.81
0.139439888448089	2.42099806320155	938.017	8.714	60195.25
0.210669831464135	3.60125711899431	1373.992	12.747	81970.5
0.214869828104138	3.56705714635428	1366.854	12.223	91481.68
0.4679796256163	7.51751398598881	2882.001	32.878	190397.2
0.643009485592412	9.69443224445421	3693.09	36.789	249119.59
0.901269278984577	12.473270021384	4628.097	55.775	339672.01
1.48616881106495	15.605627515498	4468.851	77.991	571305.18
1.58358873312901	19.9468640425088	6996.446	85.755	566993.99
3.5902271278183	32.1152143078286	8557.941	191.709	1106035.75
5.38341569326745	37.545629963496	8978.174	261.586	1469947.69
8.03589357128514	41.8785864971308	9277.018	374.243	1935810.03
12.0992703205837	47.5665819467344	9918.642	555.971	2165626.43
17.3738661009071	46.3002829597736	7944.119	772.257	2396003.69
26.521418782865	55.7779953776037	8818.356	1180.303	2792588.61
37.2936301650959	73.5807011354391	12429.274	1712.498	3258261.19
47.2794921764063	83.2445334043733	13196.343	2164.401	3678136.81
56.8551745158604	88.2317894145685	12385.201	2520.836	4110196.29
66.5341967726426	95.278783776973	14313.711	3013.618	4505326.3
75.7712193830245	99.2396806082555	12455.95	3426.956	4918313.08
83.9945228043818	99.975520019584	12088.482	3702.786	5269851.49
90.57268754185	99.999820000144	11718.473	3912.493	5557191.09
