0.00105999915200068	0.0190799847360122	8.297	0.411	466.64
0.00137999889600088	0.0248399801280159	10.535	0.421	595.26
0.00482999613600309	0.0869399304480556	34.832	0.557	2054.21
0.0051499958800033	0.0926999258400593	36.806	0.779	2062.25
0.0262499790000168	0.469979624016301	180.465	1.493	10406.12
0.0638799488960409	1.13075909539272	436.248	4.486	23975.29
5.26253578997137	35.5875915299268	8325.888	231.628	1449972.02
55.2492858005714	80.2961357630914	10022.537	2250.702	4055787.23
75.8421293262965	99.3687405050076	12521.645	4454.3	4920212.47
84.1131227095018	99.99190000648	12435.61	4886.161	5274132.44
90.554747556202	100.0	11985.424	5451.321	5554905.98
