0.00103	0.0183599853120118	5.642	0.546	366.01
0.00205	0.0368999704800236	10.768	0.591	811.96
0.00298	0.0534599572320342	14.863	0.649	1273.97
0.0037	0.0665999467200426	18.047	0.793	1438.68
0.00563	0.101339918928065	27.388	0.552	2527.41
0.00842	0.151199879040097	40.167	1.067	3479.54
0.01127	0.201419838864129	52.721	0.718	4230.81
0.01877	0.336059731152215	86.91	1.622	7975.13
0.02352	0.419759664192269	109.245	2.06	9096.02
0.02558	0.455939635248292	118.688	1.343	10594.57
0.0623	1.10321911742471	286.025	4.614	22671.48
0.09183	1.61837870529704	418.864	6.096	37725.9
0.10831	1.8779384976492	481.426	7.099	39365.14
0.20711	3.53429717256226	915.638	13.528	79456.69
0.30253	5.03981596814723	1298.363	17.099	110385.74
0.44936	7.19927424058061	1849.269	27.908	163979.58
0.5612	8.4301132559094	2171.717	31.334	208396
1.04302	14.6453282837374	3687.04	53.202	375304.28
1.12722	13.8142689485848	3194.963	56.04	427789.79
2.30444	24.7219002224798	5053.84	111.895	735894.24
3.25376	27.4141580686735	4688.881	141.73	1032019.43
5.38984	37.6041299166961	6244.953	240.589	1486131.25
6.71653	31.21467502826	4139.663	269.372	1697799.55
12.10591	47.7753817796946	6939.858	510.792	2162395.38
18.17606	54.2755365795707	7482.668	760.359	2422958.37
23.79847	46.4702028238377	4868.439	912.718	2662850.01
37.27742	73.371361302911	8943.725	1559.067	3237577.9
47.25411	82.865093707925	9645.184	1981.288	3669819.26
53.65212	76.1921390462888	7138.105	2128.034	3953853.22
66.75663	96.7682825853739	9813.122	2972.826	4518136.52
75.41326	98.5994211204631	10748.496	3897.867	4912870.43
84.1081	99.9910000072	9716.189	4649.256	5285889.2
90.5504	99.999640000288	9550.985	5150.505	5566943.39
