0.00119	0.0214199828640137	6.252	0.883	378.26
0.00162	0.0289799768160185	8.235	0.805	740.02
0.00192	0.0345599723520221	9.689	0.568	760.12
0.00353	0.0631799494560404	17.025	0.714	1262.57
0.00429	0.0766799386560491	20.413	0.806	1475.59
0.00537	0.0961199231040615	25.794	0.944	2203.14
0.01224	0.219779824176141	54.759	1.314	5065.08
0.0186	0.333719733024214	83.343	2.552	7304
0.02126	0.380339695728243	94.718	2.608	9623.33
0.03686	0.65609947512042	160.337	4.144	13514.35
0.05991	1.06415914867268	257.472	3.976	26972.42
0.07471	1.31075895139284	321.538	6.606	29388.32
0.07913	1.37807889753688	336.955	4.948	30694.76
0.19462	3.32801733758613	801.248	11.437	77459.93
0.26518	4.39523648381081	1075.174	16.201	103222.51
0.43479	6.95249443800445	1663.334	25.279	186579.92
0.693	10.5708515433188	2531.266	40.59	275811.14
0.901	12.471470022824	2925.48	53.923	336177.92
1.54644	19.3229845416124	4269.825	86.977	553878.82
2.39346	26.0317591745927	5033.281	125.42	784550.63
3.37855	28.8563169149465	4716.53	165.153	1083577.38
3.80111	24.1775806579355	3337.084	170.457	1151436.27
6.43499	29.8754760996191	3822.205	286.309	1644058.03
12.13003	47.8293817364946	6706.313	554.426	2142121.6
18.19761	54.5145763883389	7311.594	846.811	2405840.13
27.23207	62.4201700638639	7704.057	1245.913	2796012.78
36.52459	65.7566473946821	7196.703	1660.5	3203892.95
47.21689	82.4336340530928	9381.169	2135.846	3665645.53
57.05935	90.0560879551296	10254.717	2550.779	4080595.07
65.59987	91.2741469806824	10628.473	2913.931	4453454.7
75.09511	98.0039815968147	9180.642	3284.627	4875612.1
83.99085	99.979660016272	10158.553	3702.739	5260505.83
90.58207	100.0	9691.037	3899.792	5553432.95
