0.0007	0.0125999899200081	4.196	0.568	321.98
0.00117	0.0210599831520135	6.155	0.572	494.83
0.0028	0.0503999596800323	13.487	0.646	1162.08
0.00393	0.0707399434080453	19.262	0.737	1604.22
0.00581	0.104579916336067	26.812	0.672	2279.51
0.00639	0.114839908128074	28.591	0.874	2207.16
0.01388	0.248759800992159	61.894	0.983	5177.63
0.0187	0.335519731584215	82.029	1.046	7621.55
0.02401	0.429659656272275	106.08	1.958	9020.37
0.03664	0.651779478576417	158.681	2.856	14442.9
0.05688	1.00097919921664	242.321	2.949	22824
0.06053	1.07153914276869	256.202	3.514	24114.36
0.13933	2.42837805729755	587.874	9.206	54239.52
0.21042	3.60449711640231	859.59	11.573	83128.51
0.30609	5.09921592062726	1223.874	15.763	116570.79
0.37508	5.97059522352382	1433.115	22.342	144350.26
0.49449	7.44515404387676	1782.543	29.534	194317
1.01097	14.129988696009	3319.677	50.888	383784.2
1.57992	19.9380440495648	4454.149	81.981	557811.84
2.30492	24.5806003355197	4712.747	113.889	795642.33
2.97634	24.6536802770558	3884.427	133.321	936159.38
5.38295	37.6523698781041	5936.334	249.934	1407368.18
6.06707	28.3355773315381	3483.855	234.404	1588587.92
12.02678	46.3083829532936	6291.188	512.314	2155501.85
15.20414	38.3520293183765	4178.93	582.557	2296619.21
26.94464	58.9549928360057	6859.627	1097.479	2796075.71
36.95298	69.0924047260762	7591.432	1524.592	3224732.36
44.6444	68.5354851716119	6540.64	1780.295	3555011.49
56.74274	87.3451101239119	8898.114	2337.77	4086830.07
66.74413	96.5096227923018	9687.914	3026.589	4514551.57
75.2503	98.2673213861429	9348.667	4384.554	4882060.93
83.58909	99.9123400701279	9367.822	4913.984	5248278.77
90.54806	99.999820000144	9540.265	5488.237	5552783.26
