0.00077	0.0138599889120089	4.449	0.44	289.68
0.00198	0.0356399714880228	10.462	0.635	747.68
0.00309	0.0556199555040356	15.522	0.778	1169.51
0.0051	0.0916199267040586	24.832	0.988	2210.03
0.00875	0.157499874000101	43.518	1.157	3451.42
0.01418	0.254519796384163	67.11	1.507	5351.7
0.02833	0.505619595504324	132.295	2.108	11908.29
0.03488	0.620099503920397	160.465	2.793	13623.81
0.05135	0.903779276976578	234.73	3.53	19593.97
0.06333	1.12175910259272	291.415	5.932	24306.66
0.12012	2.08403833276933	537.653	9.664	45391.91
0.17818	3.03569757144194	779.019	10.536	70580.63
0.93305	12.9383896492883	3232.641	51.234	370760.29
2.25674	19.1271446982842	3065.972	96.747	753251.08
2.35449	25.3837596929922	5298.199	121.453	807595.82
3.49852	22.6465018827985	3190.212	136.205	1081640.42
7.89416	39.8982280814175	5917.635	312.127	1860939.45
11.86008	44.2887845689723	6061.034	453.494	2146653.07
18.13643	53.6575970739223	7245.582	700.821	2429568.08
25.4896	51.0868391305287	5494.71	926.701	2734365.64
56.4905	85.5604115516708	9822.329	2080.693	4089570.86
90.57136	99.999820000144	8797.453	3233.866	5567307.98
