0.00085999931200055	0.0154799876160099	7.135	0.578	338.03
0.00213999828800137	0.0385199691840247	16.046	0.441	776.12
0.00298999760800191	0.0538199569440344	21.802	0.671	1161.97
0.00552999557600354	0.0995399203680637	40.115	0.544	2371.73
0.0101599918720065	0.181799854560116	70.915	1.076	3830.68
0.0225899819280145	0.403919676864259	157.228	1.329	8533.17
0.0591299526960378	1.04813916148867	404.022	4.087	23332.19
0.092179926256059	1.62035870371304	628.817	5.596	35985.31
0.135409891672087	2.35745811403351	912.232	7.626	52646.33
0.316149747080202	5.27723577821138	2019.807	14.992	128221.95
0.633799492960406	8.83709293032565	3309.189	30.846	249501.65
0.693679445056444	10.5618515505188	4026.517	36.856	264039.9
1.59309872552102	20.1997638401889	7125.187	77.52	556588.74
2.55724795420164	21.2381830094536	5098.328	110.482	860964.42
4.69670624263501	29.9181360654911	6512.826	182.294	1350833.47
18.0972055222356	52.8630777095378	9968.763	659.477	2425818.12
36.2502209998232	64.1753486597211	9096.111	1278.89	3215818.32
56.3679449056441	84.9138520689183	10781.47	1941.751	4095299.53
64.3008385593292	87.6228499017201	13483.483	2289.083	4391200.56
90.568127545498	99.999820000144	11253.826	4788.547	5557128.2
