0.00199999840000128	0.0199799840160128	7.391	1.15	868.56
0.00299999760000192	0.0199799840160128	7.545	1.142	1149.9
0.00399999680000256	0.0221399822880142	8.411	1.213	1680.41
0.0049999960000032	0.0219599824320141	8.129	1.188	2094.39
0.00699999440000448	0.0239399808480153	13.373	1.27	2628.94
0.0099999920000064	0.028079977536018	9.788	1.349	4300.92
0.013999988800009	0.0320399743680205	13.246	1.489	5233.35
0.0199999840000128	0.0379799696160243	17.461	1.663	8621.54
0.0289999768000186	0.0460799631360295	16.113	1.867	11539.49
0.0429999656000275	0.0599399520480384	19.211	2.29	15904.4
0.063999948800041	0.0799199360640512	21.693	2.883	23621.44
0.0949999240000608	0.112139910288072	41.164	4.025	37564.74
0.141999886400091	0.160019871984102	36.693	5.251	55608.49
0.211999830400136	0.228059817552146	38.077	7.008	88984.77
0.316999746400203	0.333899732880214	45.309	9.878	127328.71
0.473999620800303	0.489959608032314	68.949	15.679	188152.46
0.711999430400456	0.730079415936467	86.778	22.794	267561.42
1.06699914640068	1.08395913283269	115.295	33.501	404816.88
1.59999872000102	1.61603870716903	162.072	52.296	569728.03
2.39799808160153	2.41397806881754	217.195	76.413	803732.56
3.5969971224023	3.61403710877031	291.446	111.26	1079808.73
5.39599568320345	5.41403566877147	405.062	167.466	1466518.99
8.09299352560518	8.11007351194119	615.622	253.581	1899325.64
12.1389902888078	12.1559302752558	842.739	381.379	2159111.49
18.2079854336117	18.2260654191477	1256.41	556.215	2428514.43
27.3109781512175	27.3279381376495	1868.265	845.943	2818173.26
37.3109701512239	37.3280101375919	2508.926	1139.717	3278916.92
47.3109621512303	47.3279021376783	3241.105	1447.742	3708199.81
57.3109541512367	57.3279741376207	3862.957	1748.905	4137864.26
67.3109461512431	67.3280461375631	4447.369	2049.172	4575205.24
77.3109381512495	77.3279381376495	5150.916	2366.191	4990052.96
87.3109301512559	87.3280101375919	5745.442	2681.781	5436282.14
97.3109221512623	97.3279021376783	6444.281	2923.945	5854605.56
