0.00199999840000128	0.0199799840160128	7.325	1.182	828.37
0.00299999760000192	0.0199799840160128	7.721	1.147	1153.92
0.00399999680000256	0.0219599824320141	8.071	1.223	1708.55
0.0049999960000032	0.0219599824320141	8.11	1.206	1893.43
0.00699999440000448	0.0241199807040154	8.926	1.293	2749.52
0.0099999920000064	0.0278999776800179	10.953	1.447	4023.58
0.0129999896000083	0.0298799760960191	10.596	1.525	5984.92
0.0199999840000128	0.0379799696160243	13.42	1.684	8271.85
0.0289999768000186	0.0458999632800294	16.201	1.959	11169.7
0.0429999656000275	0.0599399520480384	19.684	2.438	17415.63
0.063999948800041	0.0799199360640512	21.312	2.861	23725.94
0.0949999240000608	0.112139910288072	26.524	3.97	37673.28
0.141999886400091	0.158039873568101	30.295	5.359	56404.39
0.211999830400136	0.230039815968147	38.276	7.27	87710.45
0.316999746400203	0.333899732880214	44.296	10.565	123344.6
0.474999620000304	0.491939606448315	68.696	15.648	191920.05
0.711999430400456	0.730079415936467	88.14	23.645	265815.97
1.06699914640068	1.08395913283269	115.971	34.571	399188.34
1.59899872080102	1.61603870716903	167.651	52.024	565191.51
2.39899808080154	2.41595806723355	213.213	75.946	803841.36
3.5979971216023	3.61403710877031	302.884	114.377	1062133.82
5.39599568320345	5.41385566891547	434.038	168.32	1450659.16
8.09199352640518	8.10809351352519	602.371	252.04	1906107.72
12.1389902888078	12.1559302752558	907.985	372.293	2164821.82
18.2079854336117	18.2239054208757	1277.138	560.517	2416708.09
27.3109781512175	27.3279381376495	1894.893	831.447	2815405.94
37.3109701512239	37.3278301377359	2594.348	1130.695	3257866.15
47.3089621528303	47.3259221392623	3222.071	1432.498	3689932.92
57.3109541512367	57.3279741376207	3865.215	1721.353	4129579.6
67.3109461512431	67.3280461375631	4485.208	2022.625	4560661.19
77.3109381512495	77.3279381376495	5187.51	2350.665	4995100.86
87.3109301512559	87.3280101375919	5755.876	2601.229	5432915.52
97.3109221512623	97.3279021376783	6355.469	2948.807	5853691.53
