0.00199999840000128	0.0179999856000115	8.469	1.126	780.14
0.00299999760000192	0.0199799840160128	7.402	1.174	1246.36
0.00399999680000256	0.0199799840160128	7.323	1.165	1680.41
0.0049999960000032	0.0219599824320141	7.986	1.203	2014.01
0.00699999440000448	0.0241199807040154	9.1	1.269	3034.86
0.0099999920000064	0.0259199792640166	9.42	1.338	4220.52
0.013999988800009	0.0300599759520192	10.513	1.438	5233.35
0.0199999840000128	0.0381599694720244	15.984	1.619	8247.74
0.0289999768000186	0.0458999632800294	15.873	1.897	11989.61
0.0429999656000275	0.0601199519040385	19.604	2.315	18360.16
0.063999948800041	0.0799199360640512	21.599	2.906	27029.85
0.0949999240000608	0.111959910432072	27.919	3.909	35116.88
0.13999988800009	0.158039873568101	30.55	5.027	60685.32
0.211999830400136	0.228059817552146	38.68	7.377	77499.95
0.316999746400203	0.334079732736214	46.633	9.979	116144.35
0.474999620000304	0.492119606304315	67.519	16.135	191920.05
0.711999430400456	0.727919417664466	82.17	22.156	275464.21
1.06599914720068	1.08197913441669	118.201	34.317	411258.17
1.59899872080102	1.61603870716903	158.066	51.471	590805.42
2.39899808080154	2.41613806708955	203.645	76.261	789181.14
3.5979971216023	3.61601710718631	300.261	113.393	1078977.78
5.39599568320345	5.41205567035546	416.244	169.593	1467161.82
8.09199352640518	8.11007351194119	609.442	252.36	1896797.22
12.1389902888078	12.1559302752558	840.674	370.297	2156088.63
18.2079854336117	18.2239054208757	1282.525	562.074	2420737.14
27.3099781520175	27.3259581392335	1870.204	840.881	2838201.2
37.3109701512239	37.3280101375919	2486.536	1132.195	3279965.21
47.3109621512303	47.3280821375343	3207.012	1438.279	3704040.96
57.3109541512367	57.3279741376207	3942.056	1754.422	4134908.47
67.3109461512431	67.3278661377071	4573.686	2033.86	4563042.53
77.3109381512495	77.3279381376495	5069.759	2356.665	4989864.33
87.3109301512559	87.3280101375919	5756.334	2659.606	5427037.5
97.3109221512623	97.3279021376783	6406.75	2976.508	5855159
