0.00199999840000128	0.0179999856000115	7.055	1.177	780.14
0.00299999760000192	0.0199799840160128	7.488	1.159	1198.13
0.00399999680000256	0.0199799840160128	7.308	1.144	1531.7
0.0049999960000032	0.0221399822880142	8.401	1.235	1909.51
0.00599999520000384	0.0239399808480153	8.979	1.269	2982.61
0.0099999920000064	0.028079977536018	10.37	1.364	4071.81
0.013999988800009	0.0300599759520192	10.514	1.433	5972.86
0.0199999840000128	0.035999971200023	12.761	1.662	7821.7
0.0279999776000179	0.0458999632800294	23.338	1.885	12391.55
0.0429999656000275	0.0599399520480384	20.428	2.416	18106.95
0.063999948800041	0.0818999344800524	22.601	2.948	24232.38
0.0949999240000608	0.112139910288072	26.214	3.798	43529.67
0.141999886400091	0.160019871984102	29.397	5.139	52031.04
0.211999830400136	0.227879817696146	39.937	7.309	82568.98
0.316999746400203	0.334079732736214	46.763	10.401	124590.89
0.474999620000304	0.491939606448315	69.406	16.03	188711.35
0.710999431200455	0.728099417520466	76.766	21.958	257016.58
1.06699914640068	1.08395913283269	109.262	34.203	381209.11
1.59999872000102	1.61603870716903	147.698	50.824	537853.04
2.39799808160153	2.41397806881754	189.167	75.524	803978.33
3.5979971216023	3.61403710877031	306.929	115.507	1080167.74
5.39599568320345	5.41385566891547	388.412	166.031	1495445.53
8.09299352560518	8.10989351208519	607.916	253.998	1907743.46
12.1389902888078	12.1561102751118	844.306	370.974	2156071.88
18.2079854336117	18.2260654191477	1233.315	553.963	2414850.62
27.3109781512175	27.3279381376495	1935.648	831.657	2812823.35
37.3109701512239	37.3280101375919	2518.525	1120.919	3262134.26
47.3109621512303	47.3279021376783	3138.42	1434.772	3711612.68
57.3109541512367	57.3277941377647	3861.5	1741.116	4141239.17
67.3099461520431	67.3260661391471	4523.254	2037.932	4566015.03
77.3109381512495	77.3279381376495	5127.031	2326.425	4992815.88
87.3109301512559	87.3278301377359	5660.577	2610.321	5424324.83
97.3099221520623	97.3259221392623	6364.741	2961.074	5855087.88
