0.00199999840000128	0.0199799840160128	7.209	0.927	832.39
0.00299999760000192	0.0199799840160128	13.324	0.936	1254.4
0.00399999680000256	0.0219599824320141	8.112	1.103	1708.55
0.0049999960000032	0.0219599824320141	7.992	1.031	2122.52
0.00699999440000448	0.0239399808480153	8.734	1.032	2886.17
0.0099999920000064	0.028079977536018	9.612	1.131	4264.75
0.013999988800009	0.0320399743680205	11.32	1.204	5792.02
0.0199999840000128	0.035999971200023	12.509	1.378	8444.68
0.0289999768000186	0.0460799631360295	15.429	1.51	12367.44
0.0429999656000275	0.0599399520480384	18.598	1.82	18725.92
0.0629999496000403	0.0800999359200513	21.332	2.183	27536.31
0.0949999240000608	0.111959910432072	25.994	2.923	39723.2
0.14099988720009	0.158039873568101	27.929	3.976	59370.88
0.211999830400136	0.228059817552146	39.921	5.795	88984.77
0.316999746400203	0.333899732880214	57.355	8.089	129785.11
0.474999620000304	0.492119606304315	66.014	13.052	180882.7
0.710999431200455	0.727919417664466	80.445	20.493	267050.64
1.06699914640068	1.08395913283269	112.005	32.075	388004.01
1.59999872000102	1.61603870716903	159.744	48.691	582174.63
2.39799808160153	2.41595806723355	206.863	73.437	817398.49
3.5979971216023	3.61583710733031	287.15	109.299	1101462.85
5.39599568320345	5.41403566877147	400.102	164.929	1472761.49
8.09299352560518	8.11007351194119	612.389	244.957	1900721.77
12.1389902888078	12.1561102751118	891.348	371.608	2155409.51
18.2079854336117	18.2260654191477	1270.409	549.353	2428627.49
27.3109781512175	27.3279381376495	1883.46	825.335	2819170.83
37.3109701512239	37.3280101375919	2545.445	1125.096	3277068.19
47.3109621512303	47.3279021376783	3121.134	1435.324	3706669.67
57.3109541512367	57.3279741376207	3736.214	1745.3	4139511.84
67.3099461520431	67.3278661377071	4463.233	2021.525	4572522.09
77.3109381512495	77.3279381376495	5070.44	2352.808	4990082.41
87.3109301512559	87.3278301377359	5744.534	2641.431	5433753.88
97.3109221512623	97.3279021376783	6124.961	4527.268	5853410.72
