0.0	0.0	1.068	0.825	804.25
0.00199999840000128	0.0179999856000115	6.626	0.943	1202.15
0.00399999680000256	0.0219599824320141	7.757	0.971	1672.38
0.0049999960000032	0.0219599824320141	8.046	1.044	2118.5
0.00699999440000448	0.0239399808480153	8.458	1.042	2540.52
0.0099999920000064	0.0278999776800179	9.773	1.112	3874.87
0.013999988800009	0.0320399743680205	13.169	1.206	5888.46
0.0199999840000128	0.035999971200023	12.169	1.347	8412.52
0.0289999768000186	0.0458999632800294	27.532	1.607	11571.64
0.0429999656000275	0.0599399520480384	19.456	1.791	16141.51
0.0629999496000403	0.0800999359200513	21.198	2.259	26298.32
0.0949999240000608	0.111959910432072	26.26	2.957	36873.39
0.14099988720009	0.157859873712101	29.874	4.041	59065.39
0.211999830400136	0.228059817552146	35.732	5.826	83079.52
0.316999746400203	0.334079732736214	44.813	8.697	133290.88
0.474999620000304	0.491939606448315	61.264	13.565	170895.07
0.711999430400456	0.728099417520466	77.295	20.706	250300.53
1.06699914640068	1.08395913283269	108.057	31.364	411966.29
1.59899872080102	1.61603870716903	161.106	48.309	576812.71
2.39899808080154	2.41595806723355	211.935	73.517	810323.71
3.5979971216023	3.61601710718631	279.665	108.956	1116906.14
5.39599568320345	5.41403566877147	414.56	166.293	1435928.92
8.09299352560518	8.11007351194119	593.324	244.594	1881717.34
12.1389902888078	12.1559302752558	838.386	364.74	2162243.31
18.2079854336117	18.2240854207317	1242.319	556.066	2426912.81
27.3089781528175	27.3259581392335	1954.632	827.481	2828512.02
37.3099701520239	37.3260301391759	2516.095	1116.279	3249585.81
47.3109621512303	47.3280821375343	3152.304	1422.188	3703801.86
57.3109541512367	57.3279741376207	3865.94	1758.299	4141549.4
67.3109461512431	67.3278661377071	4539.408	2033.885	4573574.27
77.3109381512495	77.3279381376495	5238.003	2378.217	4995142.89
87.3109301512559	87.3278301377359	5890.901	2665.973	5431008
97.3109221512623	97.3279021376783	6390.17	4684.565	5856571.91
