0.00099999920000064	0.0179999856000115	8.654	1.083	808.27
0.00299999760000192	0.0199799840160128	9.584	1.171	1218.23
0.00399999680000256	0.0219599824320141	10.385	1.187	1604.05
0.0049999960000032	0.0221399822880142	10.881	1.247	2094.39
0.00699999440000448	0.0239399808480153	11.902	1.287	2982.61
0.0099999920000064	0.0260999791200167	12.566	1.369	4204.44
0.013999988800009	0.0320399743680205	15.457	1.508	5884.44
0.0199999840000128	0.0379799696160243	17.466	1.699	8444.68
0.0289999768000186	0.0460799631360295	22.001	1.917	11571.64
0.0429999656000275	0.0599399520480384	28.345	2.316	17455.82
0.063999948800041	0.0820799343360525	34.09	2.961	25928.55
0.0939999248000602	0.11015991187207	41.405	3.868	37564.74
0.141999886400091	0.157859873712101	50.862	5.197	52790.74
0.211999830400136	0.230039815968147	66.092	7.199	76322.15
0.316999746400203	0.334079732736214	94.802	11.044	116872.02
0.474999620000304	0.492119606304315	125.639	15.659	175904.95
0.711999430400456	0.727919417664466	174.176	23.437	257776.67
1.06599914720068	1.08197913441669	253.6	34.419	416931.16
1.59999872000102	1.61801870558504	380.509	51.889	589706.45
2.39899808080154	2.41595806723355	528.132	74.814	783875.63
3.5979971216023	3.61385710891431	770.343	111.649	1078033.89
5.39499568400345	5.41205567035546	1109.257	166.047	1436955.6
8.09299352560518	8.11007351194119	1660.265	247.101	1884801.3
12.1389902888078	12.1559302752558	2438.075	364.642	2153262.94
18.2069854344117	18.2239054208757	3693.133	556.478	2416590.61
27.3109781512175	27.3281181375055	5491.634	819.295	2816483.36
37.3109701512239	37.3278301377359	7439.122	1134.568	3254960.58
47.3109621512303	47.3279021376783	9462.08	1443.481	3708975.52
57.3109541512367	57.3279741376207	11417.598	1705.611	4141855.41
67.3109461512431	67.3280461375631	13400.942	2002.427	4579066.48
77.3109381512495	77.3279381376495	15343.087	2314.436	4990044.62
87.3109301512559	87.3278301377359	17383.268	2621.607	5424937.03
97.3109221512623	97.3279021376783	19347.523	2931.473	5856014.26
