0.00199999840000128	0.0199799840160128	2.769	1.157	832.39
0.00299999760000192	0.0199799840160128	3.547	1.219	1475.44
0.00299999760000192	0.0201599838720129	2.488	1.147	1246.36
0.0049999960000032	0.0219599824320141	3.505	1.222	1909.51
0.00699999440000448	0.0239399808480153	4.684	1.291	2649.04
0.0099999920000064	0.0278999776800179	5.583	1.447	4071.81
0.013999988800009	0.0300599759520192	7.936	1.436	5378.04
0.0199999840000128	0.0379799696160243	10.591	1.693	7520.26
0.0289999768000186	0.0460799631360295	14.067	1.95	11639.96
0.0429999656000275	0.0599399520480384	19.494	2.341	16531.39
0.063999948800041	0.0800999359200513	22.949	2.89	25450.25
0.0949999240000608	0.111959910432072	32.281	3.805	37528.57
0.141999886400091	0.160019871984102	51.505	5.302	56074.77
0.211999830400136	0.227879817696146	60.904	7.745	82886.56
0.316999746400203	0.334079732736214	83.973	10.819	130573.11
0.474999620000304	0.491939606448315	123.613	16.112	191920.05
0.711999430400456	0.728099417520466	168.196	23.377	277000.52
1.06699914640068	1.08395913283269	258.515	34.809	377302.8
1.59999872000102	1.61801870558504	366.119	51.079	550431.15
2.39899808080154	2.41613806708955	523.067	76.076	763242.81
3.5979971216023	3.61601710718631	747.226	111.948	1086912.23
5.39599568320345	5.41403566877147	1110.449	165.223	1467311.39
8.09299352560518	8.10989351208519	1675.726	250.138	1898668.13
12.1389902888078	12.1559302752558	2533.639	366.803	2155036.33
18.2079854336117	18.2239054208757	3719.346	555.671	2418590.72
27.3109781512175	27.3279381376495	5585.397	823.697	2841953.43
37.3109701512239	37.3280101375919	7496.862	1116.835	3280409.67
47.3109621512303	47.3280821375343	9456.222	1427.814	3699189.93
57.3109541512367	57.3279741376207	11746.927	1727.47	4127072.6
67.3109461512431	67.3280461375631	13529.115	2028.732	4552783.24
77.3109381512495	77.3279381376495	15453.738	2351.04	4997171.95
87.3109301512559	87.3280101375919	17375.047	2601.795	5427859.34
97.3109221512623	97.3280821375343	19472.475	2912.895	5856362.26
