0.00199999840000128	0.0199799840160128	4.42	1.145	780.14
0.00299999760000192	0.0199799840160128	10.204	1.205	1254.4
0.00399999680000256	0.0201599838720129	3.935	1.244	1523.67
0.0049999960000032	0.0219599824320141	4.171	1.219	2106.45
0.00599999520000384	0.0219599824320141	6.881	1.25	2934.4
0.00899999280000576	0.0259199792640166	29.749	1.361	4300.92
0.013999988800009	0.0300599759520192	7.878	1.459	5233.35
0.0199999840000128	0.035999971200023	10.999	1.665	9192.24
0.0289999768000186	0.0460799631360295	14.981	1.894	11322.45
0.0429999656000275	0.0599399520480384	21.32	2.418	17455.82
0.063999948800041	0.0799199360640512	24.526	2.967	27279.06
0.0949999240000608	0.112139910288072	32.009	3.803	37564.74
0.14099988720009	0.158039873568101	44.427	5.176	53731.31
0.210999831200135	0.228059817552146	61.805	7.274	89169.7
0.314999748000202	0.332099734320213	83.867	10.756	128229.27
0.473999620800303	0.489959608032314	123.672	15.99	191534.05
0.711999430400456	0.728099417520466	172.618	23.377	283885.98
1.06699914640068	1.08413913268869	255.191	34.24	388217.22
1.59999872000102	1.61801870558504	370.606	52	570609.59
2.39899808080154	2.41595806723355	520.912	75.255	832048.27
3.5969971224023	3.61403710877031	770.493	111.664	1116099.26
5.39599568320345	5.41403566877147	1134.725	166.284	1464602.61
8.09299352560518	8.11007351194119	1662.967	246.625	1907751.6
12.1389902888078	12.1559302752558	2458.609	367.409	2154713.62
18.2079854336117	18.2240854207317	3733.113	555.508	2415794.05
27.3109781512175	27.3279381376495	5479.132	825.226	2816068.55
37.3099701520239	37.3260301391759	7461.193	1115.756	3255388.23
47.3109621512303	47.3279021376783	9471.013	1416.087	3689085.78
57.3109541512367	57.3279741376207	11474.71	1727.228	4130837.49
67.3109461512431	67.3280461375631	13571.856	2037.291	4563030.01
77.3109381512495	77.3279381376495	15371.209	2337.033	4993004.55
87.3109301512559	87.3278301377359	17369.662	2609.244	5425087.89
97.3109221512623	97.3279021376783	19425.768	2893.805	5854873.85
