0.00199999840000128	0.0179999856000115	3.322	1.119	792.19
0.00299999760000192	0.0201599838720129	3.697	1.172	1153.92
0.00399999680000256	0.0199799840160128	3.836	1.184	1604.05
0.0049999960000032	0.0221399822880142	4.108	1.289	2038.12
0.00699999440000448	0.0241199807040154	5.121	1.309	2793.73
0.0099999920000064	0.0278999776800179	6.036	1.39	3874.87
0.013999988800009	0.0318599745120204	7.661	1.525	5289.62
0.0199999840000128	0.0381599694720244	9.264	1.66	8621.54
0.0289999768000186	0.0458999632800294	11.541	2.014	11989.61
0.0429999656000275	0.0599399520480384	16.142	2.372	17753.24
0.063999948800041	0.0799199360640512	23.081	3	26945.45
0.0949999240000608	0.111959910432072	33.407	4.15	35273.65
0.141999886400091	0.160019871984102	49.084	5.427	55913.99
0.211999830400136	0.228059817552146	66.206	7.75	83208.15
0.316999746400203	0.334079732736214	98.507	11.505	127714.65
0.474999620000304	0.491939606448315	152.867	16.632	182253.82
0.711999430400456	0.728099417520466	203.971	23.961	266523.81
1.06699914640068	1.08395913283269	302.357	35.328	397888.84
1.59999872000102	1.61603870716903	405.765	51.375	586196.14
2.39899808080154	2.41595806723355	574.153	76.668	788794.41
3.5969971224023	3.61403710877031	808.538	114.591	1112512.66
5.39499568400345	5.41205567035546	1205.733	171.812	1448929
8.09299352560518	8.10989351208519	1707.456	254.167	1889248.85
12.1389902888078	12.1561102751118	2569.444	378.435	2155703.02
18.2079854336117	18.2258854192917	3699.1	557.015	2424896.31
27.3099781520175	27.3259581392335	5639.452	853.213	2826369.77
37.3109701512239	37.3280101375919	8029.399	1146.601	3252549.94
47.3109621512303	47.3279021376783	9509.345	1454.409	3689714.69
57.3099541520367	57.3259941392047	11660.989	1765.4	4140203.69
67.3109461512431	67.3278661377071	13527.689	2059.98	4561214.45
77.3109381512495	77.3279381376495	15427.578	2416.965	4995264.37
87.3109301512559	87.3278301377359	17477.049	2633.593	5432919.68
97.3109221512623	97.3279021376783	19736.733	2957.014	5856643.3
