0.0	0.0	1.137	0.793	804.25
0.00299999760000192	0.0199799840160128	2.855	0.986	2090.37
0.00299999760000192	0.0201599838720129	2.785	1.007	1206.17
0.00399999680000256	0.0199799840160128	2.861	1.039	1796.97
0.00599999520000384	0.0239399808480153	3.904	1.09	2797.75
0.00899999280000576	0.0259199792640166	4.654	1.131	3826.64
0.0129999896000083	0.0300599759520192	5.943	1.234	5345.89
0.0189999848000122	0.035999971200023	8.172	1.332	8545.17
0.0289999768000186	0.0460799631360295	10.881	1.62	11539.49
0.0419999664000269	0.0579599536320371	14.603	1.854	17065.96
0.063999948800041	0.0799199360640512	17.592	2.366	25928.55
0.0949999240000608	0.111959910432072	26.295	2.996	40776.29
0.141999886400091	0.160019871984102	24.532	4.254	59985.9
0.211999830400136	0.228059817552146	32.865	6.082	90013.87
0.316999746400203	0.334079732736214	42.3	8.916	127714.65
0.474999620000304	0.491939606448315	56.118	13.493	176262.8
0.711999430400456	0.728099417520466	77.367	20.938	259534.11
1.06699914640068	1.08395913283269	113.011	32.216	369767.87
1.59999872000102	1.61801870558504	161.185	49.539	555530.98
2.39899808080154	2.41595806723355	196.887	73.767	805360.21
3.5979971216023	3.61403710877031	295.123	109.458	1079223.85
5.39599568320345	5.41403566877147	424.797	164.761	1471815.38
8.09299352560518	8.10989351208519	609.911	244.695	1902665.85
12.1389902888078	12.1561102751118	921.518	368.498	2155761.73
18.2079854336117	18.2240854207317	1331.995	554.451	2424011.56
27.3109781512175	27.3279381376495	1933.8	818.657	2825681.99
37.3109701512239	37.3280101375919	2678.865	1119.993	3259970.68
47.3109621512303	47.3279021376783	3320.532	1438.689	3687186.61
57.3099541520367	57.3279741376207	3951.35	1733.959	4145209.57
67.3109461512431	67.3278661377071	4753.193	2035.122	4558694.71
77.3109381512495	77.3279381376495	5475.346	2374.053	4994400.53
87.3109301512559	87.3278301377359	6093.454	2655.168	5432806.42
97.3109221512623	97.3279021376783	6773.596	5111.285	5853465.25
