0.00199999840000128	0.0179999856000115	3.089	0.922	796.35
0.00299999760000192	0.0199799840160128	3.509	0.93	1170.19
0.00399999680000256	0.0219599824320141	3.788	0.954	1660.6
0.0049999960000032	0.0219599824320141	4.113	1.01	2175.14
0.00699999440000448	0.0239399808480153	4.393	1.024	3023.31
0.0099999920000064	0.0278999776800179	7.336	1.108	4382.04
0.013999988800009	0.0320399743680205	6.923	1.206	5945.72
0.0199999840000128	0.0379799696160243	8.654	1.325	7951.65
0.0289999768000186	0.0458999632800294	11.202	1.49	11384.64
0.0429999656000275	0.0601199519040385	15.37	1.812	15372.4
0.063999948800041	0.0799199360640512	21.748	2.362	24947.97
0.0949999240000608	0.111959910432072	31.643	3.077	35830.32
0.141999886400091	0.157859873712101	50.197	4.33	59561.74
0.211999830400136	0.227879817696146	67.916	6.248	91954.82
0.316999746400203	0.333899732880214	99.686	9.51	116823.22
0.474999620000304	0.491939606448315	148.304	15.086	193890.57
0.711999430400456	0.730079415936467	242.363	22.365	268547.41
1.06699914640068	1.08395913283269	338.174	32.896	380737.66
1.59999872000102	1.61585870731303	506.818	49.647	521108.27
2.39799808160153	2.41397806881754	756.694	73.715	816337.92
3.5979971216023	3.61601710718631	1142.32	111.106	1053540.73
5.39599568320345	5.41187567049946	1734.425	166.649	1493120.97
8.09199352640518	8.11007351194119	2585.2	248.578	1895214.29
12.1389902888078	12.1559302752558	3850.116	371.058	2173401.13
18.2079854336117	18.2240854207317	5741.166	562.71	2430479.48
27.3109781512175	27.3279381376495	8626.884	833.515	2842490.78
37.3109701512239	37.3278301377359	11737.873	1149.149	3261387.17
47.3109621512303	47.3280821375343	14995.271	1443.146	3694192.43
57.3109541512367	57.3279741376207	18042.96	1759.385	4139254.29
67.3109461512431	67.3280461375631	21116.396	2082.278	4572088.83
77.3099381520495	77.3259581392335	24606.054	2383.789	5006567.04
87.3109301512559	87.3278301377359	27378.908	2686.732	5431702.77
97.3109221512623	97.3279021376783	30529.264	4815.827	5859379.92
