0.00199999840000128	0.0179999856000115	8.09	0.565	787.92
0.00299999760000192	0.0199799840160128	9.168	0.658	1177.65
0.00399999680000256	0.0199799840160128	9.185	0.673	1531.2
0.00399999680000256	0.0219599824320141	9.651	0.785	1965.13
0.00699999440000448	0.0239399808480153	10.795	0.75	2732.54
0.0099999920000064	0.0259199792640166	11.683	0.57	4054.4
0.013999988800009	0.0298799760960191	12.947	1.01	6493.24
0.0199999840000128	0.0379799696160243	16.525	0.732	9582.99
0.0289999768000186	0.0458999632800294	20.526	0.993	11877.19
0.0429999656000275	0.0601199519040385	24.794	1.095	16300.93
0.063999948800041	0.0818999344800524	25.455	1.308	26675.4
0.0949999240000608	0.111959910432072	29.398	1.742	37463.98
0.141999886400091	0.158039873568101	29.855	3.557	51813
0.211999830400136	0.229859816112147	41.13	4.31	76907.83
0.316999746400203	0.334079732736214	44.326	5.718	137475.06
0.474999620000304	0.491939606448315	45.313	10.23	183250.98
0.711999430400456	0.727919417664466	65.534	11.868	272261.77
1.06699914640068	1.08395913283269	76.373	20.156	420852.48
1.59999872000102	1.61603870716903	92.097	26.9	570056.08
2.39899808080154	2.41613806708955	134.991	45.388	782160.89
3.5979971216023	3.61403710877031	158.226	68.276	1094376.03
5.39599568320345	5.41187567049946	236.151	105.002	1474528.93
8.09299352560518	8.10989351208519	312.673	152.556	1885066.5
12.1379902896078	12.1541302766958	441.025	229.335	2152191.8
18.2079854336117	18.2239054208757	582.809	344.987	2425273.5
27.3109781512175	27.3281181375055	810.459	516.117	2811369.21
37.3109701512239	37.3278301377359	1117.761	713.592	3244291.93
47.3109621512303	47.3279021376783	1332.225	884.474	3681481.47
57.3109541512367	57.3279741376207	1588.985	1080.505	4093618.86
67.3109461512431	67.3280461375631	1911.971	1268.75	4542075.19
77.3109381512495	77.3279381376495	2162.895	1453.643	4967989.63
87.3109301512559	87.3280101375919	2441.223	1643.409	5421723.09
97.3109221512623	97.3279021376783	2681.446	1840.353	5849506.82
