0.00199999840000128	0.0179999856000115	8.261	0.555	803.99
0.00299999760000192	0.0199799840160128	9.226	0.679	1507.1
0.00299999760000192	0.0201599838720129	9.148	0.636	1073.19
0.0049999960000032	0.0219599824320141	9.99	0.779	2037.45
0.00599999520000384	0.0219599824320141	9.895	0.752	2792.81
0.0099999920000064	0.0278999776800179	11.985	0.958	3463.77
0.013999988800009	0.0300599759520192	13.206	0.842	6115.56
0.0199999840000128	0.0379799696160243	16.458	0.794	7377.17
0.0289999768000186	0.0460799631360295	20.192	0.848	11463.37
0.0419999664000269	0.0601199519040385	24.605	1.469	15806.73
0.063999948800041	0.0820799343360525	25.624	2.013	23589.54
0.0949999240000608	0.111959910432072	29.278	1.686	32256.5
0.141999886400091	0.158039873568101	29.259	2.263	55136.11
0.211999830400136	0.228059817552146	39.325	3.98	83409.82
0.316999746400203	0.334079732736214	40.719	4.807	105745.6
0.473999620800303	0.491939606448315	45.916	7.349	202585.45
0.711999430400456	0.728099417520466	65.715	13.022	267043.24
1.06699914640068	1.08413913268869	76.774	18.015	380211.13
1.59999872000102	1.61603870716903	83.627	30.372	521984.79
2.39899808080154	2.41595806723355	132.427	44.842	765328.16
3.5979971216023	3.61385710891431	160.837	69.215	1085669.64
5.39499568400345	5.41205567035546	240.16	102.957	1492811.86
8.09199352640518	8.11007351194119	310.548	153.743	1938151.34
12.1389902888078	12.1561102751118	437.972	228.799	2158868.82
18.2079854336117	18.2260654191477	577.447	341.208	2430123.06
27.3109781512175	27.3279381376495	803.292	516.946	2826441.67
37.3109701512239	37.3278301377359	1081.93	703.023	3259993.12
47.3109621512303	47.3280821375343	1338.078	892.019	3682831.22
57.3099541520367	57.3279741376207	1633.944	1090.517	4096556.88
67.3109461512431	67.3278661377071	1875.487	1254.617	4547762.85
77.3109381512495	77.3279381376495	2198.399	1441.915	4973241.52
87.3109301512559	87.3280101375919	2445.304	1652.08	5405971.32
97.3109221512623	97.3279021376783	2654.517	1855.136	5847780.07
