0.002	0.0199799840160128	5.47	0.396	1205.95
0.002	0.0199799840160128	5.511	0.574	900.55
0.004	0.0199799840160128	5.83	0.615	1631.89
0.005	0.0221399822880142	6.147	0.487	2319.05
0.007	0.0241199807040154	6.735	0.699	2885.65
0.01	0.0259199792640166	7.445	0.664	4384.53
0.014	0.0318599745120204	8.497	0.778	6056.19
0.02	0.0381599694720244	10.288	0.942	8101.58
0.029	0.0460799631360295	11.974	1.09	12043.73
0.043	0.0599399520480384	15.824	1.371	19236.9
0.063	0.0800999359200513	20.36	1.786	21869.09
0.095	0.111959910432072	29.063	1.38	43819.2
0.142	0.158039873568101	40.027	1.749	55369.36
0.212	0.228059817552146	56.465	2.709	90375.43
0.317	0.333899732880214	83.137	3.803	123266.06
0.475	0.491939606448315	122.736	6.075	170707.47
0.711	0.728099417520466	178.993	9.734	278892.78
1.066	1.08395913283269	268.379	16.713	340674.61
1.6	1.61603870716903	396.451	26.305	600057.12
2.399	2.41595806723355	587.32	40.091	798883.42
3.598	3.61601710718631	891.507	69.626	1129005.12
5.396	5.41205567035546	1314.644	104.308	1444062.46
8.093	8.10989351208519	1973.214	156.027	1918642.28
12.139	12.1561102751118	2941.809	233.619	2156179.56
18.208	18.2258854192917	4415.562	351.3	2413352.37
27.311	27.3279381376495	6619.841	540.012	2809987.5
37.311	37.3280101375919	9027.28	729.223	3261093.27
47.311	47.3279021376783	11469.509	907.156	3689520.44
57.311	57.3277941377647	13880.31	1112.789	4137427.51
67.311	67.3278661377071	16317.513	1357.097	4546881.71
77.311	77.3279381376495	18710.386	1512.223	4987876.46
87.311	87.3280101375919	21116.962	1691.37	5422109.43
97.311	97.3279021376783	23605.65	2165.359	5846155.78
