0.002	0.0179999856000115	2.277	0.532	832.44
0.003	0.0199799840160128	3.354	0.573	1065.57
0.004	0.0219599824320141	2.938	0.426	1535.83
0.005	0.0219599824320141	2.565	0.511	2086.5
0.007	0.0239399808480153	3.71	0.49	2677.36
0.01	0.028079977536018	3.97	0.511	4108.27
0.014	0.0300599759520192	5.43	0.568	4904.12
0.02	0.0379799696160243	7.294	0.593	7492.66
0.028	0.0458999632800294	11.224	0.718	11423.73
0.043	0.0601199519040385	15.498	1.282	17895.17
0.062	0.0779399376480499	17.321	1.224	26557.43
0.095	0.111959910432072	20.453	1.863	39360.18
0.142	0.158039873568101	21.207	1.814	48738.39
0.212	0.230039815968147	32.282	2.627	90779.99
0.317	0.334079732736214	37.435	3.635	131655.76
0.474	0.491939606448315	44.427	5.753	175539.29
0.712	0.730079415936467	68.559	10.153	268436.85
1.067	1.08413913268869	87.774	16.653	398278.8
1.599	1.61585870731303	134.087	26.459	586639.69
2.399	2.41595806723355	181.257	44.977	813885.66
3.598	3.61385710891431	254.239	68.771	1120522.41
5.396	5.41403566877147	355.896	105.628	1494307.77
8.092	8.10809351352519	477.08	157.683	1851072.16
12.138	12.1539502768398	704.592	243.702	2159896.22
18.208	18.2258854192917	957.197	352.207	2415528.42
27.311	27.3279381376495	1394.909	529.77	2824651.65
37.31	37.3280101375919	1863.774	725.569	3240433.03
47.311	47.3280821375343	2376.387	921.541	3716171.82
57.311	57.3279741376207	2801.137	1113.447	4149567.23
67.311	67.3278661377071	3414.672	1322.189	4576966.81
77.311	77.3279381376495	3903.868	1536.745	5012932.52
87.311	87.3278301377359	4320.906	1706.882	5444634.16
97.311	97.3279021376783	4779.581	3584.807	5864205.79
