0.00199999840000128	0.0179999856000115	1.714	0.477	820.31
0.00299999760000192	0.0199799840160128	2.564	0.668	1157.92
0.00399999680000256	0.0199799840160128	1.793	0.504	1575.89
0.0049999960000032	0.0219599824320141	2.836	0.565	2078.27
0.00699999440000448	0.0239399808480153	2.973	0.55	2918.27
0.00899999280000576	0.0259199792640166	3.482	0.627	3673.84
0.013999988800009	0.0320399743680205	5.411	0.663	5832.1
0.0199999840000128	0.0379799696160243	6.888	0.947	8179.25
0.0289999768000186	0.0458999632800294	8.743	0.831	11048.91
0.0419999664000269	0.0599399520480384	12.076	1.099	17294.72
0.063999948800041	0.0818999344800524	17.961	1.34	23946.54
0.0939999248000602	0.112139910288072	25.601	1.722	37716.77
0.141999886400091	0.158039873568101	38.655	3.263	54900.01
0.211999830400136	0.227879817696146	54.527	5.34	80858.99
0.316999746400203	0.334079732736214	82.388	5.02	126956.4
0.474999620000304	0.491939606448315	122.949	10.144	204176.23
0.710999431200455	0.728099417520466	180.346	14.637	273138.4
1.06699914640068	1.08413913268869	273.407	18.02	365549
1.59999872000102	1.61801870558504	406.275	29.827	566573.46
2.39899808080154	2.41595806723355	607.152	48.403	789077.52
3.5979971216023	3.61403710877031	898.119	70.634	1085862.99
5.39499568400345	5.41187567049946	1348.332	104.405	1475871.17
8.09299352560518	8.11007351194119	2020.006	160.58	1883325.34
12.1389902888078	12.1559302752558	3020.66	253.059	2164136.01
18.2079854336117	18.2239054208757	4502.844	355.684	2428222.67
27.3109781512175	27.3281181375055	6754.164	538.526	2812232.2
37.3109701512239	37.3278301377359	9237.016	729.368	3250891.08
47.3109621512303	47.3280821375343	11683.988	913.696	3667476.59
57.3109541512367	57.3279741376207	14160.611	1109.43	4107527.49
67.3109461512431	67.3278661377071	16662.214	1303.694	4546999.88
77.3109381512495	77.3279381376495	19071.096	1531.983	4985763.41
87.3109301512559	87.3278301377359	21590.665	1718.19	5423537.95
97.3109221512623	97.3279021376783	24074.797	1901.315	5860293.49
