0.00102999917600066	0.0185399851680119	2.747	0.512	434.64
0.00196999842400126	0.0350999719200225	4.051	0.55	770.52
0.00301999758400193	0.0543599565120348	5.761	0.717	1073.4
0.00395999683200253	0.0707399434080453	7.306	0.737	1730.7
0.00613999508800393	0.10889991288007	10.664	0.988	2383.82
0.00916999266400587	0.160559871552103	15.223	1.076	3114.58
0.0135099891920086	0.23453981236815	21.545	2.336	5155.79
0.0192899845680123	0.333179733456213	30.363	1.737	7489.57
0.0282199774240181	0.475559619552304	41.226	3.502	9439.59
0.0429899656080275	0.701459438832449	58.189	4.651	16135.39
0.0617099506320395	0.957239234208613	75.236	5.585	23724.59
0.0939899248080601	1.36691890646487	96.05	6.543	39313.38
0.14027988777609	1.85255851795319	116.64	9.967	45387.83
0.208459833232133	2.40065807947354	94.147	11.997	78670.92
0.314269748584201	3.05333755732995	91.212	13.381	104087.44
0.475089619928304	3.60863711309031	88.902	16.997	142740.35
0.711309430952455	4.12811669750664	86.104	19.795	280079.83
1.06685914651268	4.64489628408297	100.888	27.732	367103.23
1.60012871989702	5.22395582083534	91.519	32.68	486406.02
2.38754808996153	5.84585532331574	93.516	36.876	571510.26
3.56707714633828	6.80705455435636	90.29	49.34	660606.68
5.39653568277145	9.03599277120578	148.487	67.71	712038.34
8.09802352158118	11.7548905960875	174.438	89.072	741086.08
12.1361102911118	15.7690673847461	229.656	132.164	723090.97
18.2083354333317	21.846582522734	313.076	212.324	735534.55
27.3130281495775	30.9515152387878	402.779	285.422	756742.94
37.3114501508399	40.9609472312422	517.342	369.04	777947.7
47.3107021514383	50.9498592401126	677.929	511.502	800947.37
57.3161441470847	60.963611229111	812.901	621.55	822396.6
67.3051461558831	70.8322833341733	923.503	729.188	844948.28
77.3083481533215	80.9554752356198	1093.321	802.528	866196.67
87.3074101540719	90.9694072244742	1082.212	816.165	888749.96
97.2069222344622	99.8432201254239	1306.685	1047.754	911602.2
