0.001	0.0179999856000115	6.016	0.636	375.17
0.00198	0.0356399714880228	11.552	0.595	719.26
0.00312	0.0559799552160358	15.238	0.799	1077.32
0.00417	0.0739799408160473	21.875	0.804	1640.98
0.0061	0.107819913744069	31.183	0.616	2430.33
0.00835	0.146879882496094	39.109	0.747	3029.74
0.01309	0.228059817552146	60.026	1.036	5239.49
0.01931	0.333179733456213	82.869	1.133	7459.5
0.02792	0.4688996248803	112.096	1.763	10869.97
0.04216	0.690659447472442	160.663	2.425	15404.7
0.06258	0.96911922470462	204.598	2.981	22545.76
0.09368	1.36673890660887	257.153	5.996	35862.93
0.14164	1.8728985016812	301.325	6.918	49558.94
0.18188	2.01509838792129	157.672	8.069	60305.77
0.31661	3.02939757648194	217.943	11.633	100297.25
0.47542	3.5967571225943	198.32	16.77	142995.99
0.7063	4.00247679801856	172.945	19.683	190650.06
1.07019	4.61429630856295	258.527	24.337	373521.91
1.60143	5.22431582054734	214.139	30.534	465723.67
2.39294	6.04097516721987	211.987	37.103	573814.61
3.59556	7.23023421581263	281.165	47.992	653348.41
5.39473	9.02249278200577	304.639	62.755	723617.58
8.06722	11.3353109317513	282.614	89.062	740983.28
12.13336	15.7737473810021	442.531	132.917	724267.23
18.20839	21.849282520574	547.767	188.252	738243.13
27.31039	30.9482752413798	751.163	270.74	758256.69
37.31775	40.9582472334022	945.233	362.731	780448.88
47.30878	50.9480592415526	1191.266	511.406	803373
57.307	60.955871235303	1305.891	543.111	825544.93
67.30814	70.9575632339494	1585.636	726.291	846375.73
77.306	80.9468352425318	1694.717	711.591	869088.03
87.3089	90.8615873107302	1874.583	1146.743	890063.88
97.1351	99.6153403077277	1989.207	1256.071	911438.43
