0.00094	0.0169199864640108	1.448	0.565	426.72
0.00184	0.0331199735040212	1.872	0.695	904.4
0.00309	0.0552599557920354	3.079	0.72	1187.18
0.00432	0.0770399383680493	3.375	0.676	1625.37
0.00617	0.10997991201607	4.257	0.943	2666.5
0.009	0.158399873280101	5.229	0.858	3549.55
0.01296	0.223919820864143	7.142	0.9	5167.21
0.0175	0.302399758080194	10.522	1.197	6554.86
0.02884	0.482039614368309	14.473	2.629	10747.73
0.04208	0.68723945020844	22.324	2.703	15815.7
0.06336	0.986579210736631	30.183	3.813	24676.81
0.09305	1.35089891928086	39.336	5.389	35512.72
0.14297	1.8700185039852	57.898	10.076	50899.62
0.18869	2.08493833204933	62.382	10.642	64568.48
0.31762	3.02129758296193	87.224	13.749	95019.58
0.47395	3.5904571276343	103.748	18.16	136336.71
0.7107	4.10579671536263	119.908	20.584	197090.31
1.06554	4.62887629689896	142.391	26.681	346677.84
1.59735	5.22089582328334	154.686	32.655	489102.09
2.40057	6.04007516793987	182.458	41.377	568223.51
3.60061	7.23059421552463	211.081	49.005	663074.66
5.39177	9.03995276803779	265.277	68.081	720210.87
8.09553	11.7350906119275	360.525	95.727	740961.98
12.14038	15.7696073843141	497.094	137.97	723320.86
18.20593	21.845142523886	656.928	191.535	735750.31
27.30955	30.9691552246758	937.153	280.312	756500.48
37.31108	40.9542872365702	1279.213	376.052	778101.99
47.31103	50.9309592552326	1611.001	503.423	800098.39
57.30912	60.950111239911	1883.55	559.556	821910.09
67.30786	70.9611632310694	2201.319	713.104	845159.18
77.1453	79.735436211651	2531.021	791.298	867147.87
87.31089	90.9487072410342	2718.037	1734.203	890409.5
97.03079	99.3620805103356	2964.072	1934.816	911002.41
