0.000949999240000608	0.0170999863200109	7.903	0.616	367.24
0.00204999836000131	0.0367199706240235	16.584	0.59	837.49
0.00298999760800191	0.0532799573760341	22.482	0.707	1347.79
0.00388999688800249	0.0698399441280447	29.439	0.74	1429.94
0.00565999547200362	0.100799919360065	41.187	0.975	2623.94
0.00924999260000592	0.162899869680104	67.592	1.704	3829.86
0.0133499893200085	0.232559813952149	90.083	1.989	4614.56
0.0185999851200119	0.319679744256205	122.327	2.726	7139.66
0.0282599773920181	0.475919619264305	187.464	2.184	10272.98
0.042169966264027	0.685079451936438	238.876	4.114	15197.13
0.0643699485040412	0.999179200656639	325.564	5.607	24758.05
0.0953999236800611	1.37951889638488	401.901	7.619	37467.08
0.141929886456091	1.8746985002412	394.626	9.319	49459.51
0.208979832816134	2.41325806939354	370.123	11.824	63656.61
0.318109745512204	3.04901756078595	300.411	15.665	97338.05
0.477259618192305	3.62591709926632	289.343	18.568	151746.16
0.708629433096454	4.13297669361865	252.936	20.36	284557.39
1.05918915264868	4.48649641080287	239.74	25.004	366873.93
1.59845872123302	5.21153583077134	302.521	32.097	451843.71
2.39892808085754	6.04529516376387	300.37	40.513	574038.31
3.6011371190903	7.25345419723664	323.423	50.402	649191.08
5.39086568730745	9.03383277293378	344.09	63.637	722948.57
8.09062352750118	11.7466106027115	419.788	93.987	740802.56
12.1390302887758	15.7931873654501	455.207	130.537	724888.26
18.2027454378036	21.84496252403	617.657	193.712	737057.65
27.3118381505295	30.9444952444038	809.821	278.052	757766.81
37.3062001550399	40.9449272440582	1031.503	412.232	780277.79
47.3136421490863	50.9487792409766	1171.863	437.959	801777.87
57.3048541561167	60.954251236599	1393.223	544.318	824449.94
67.3071861542511	70.9609832312134	1676.971	727.364	846957.08
77.3073281541375	80.9297352562118	1819.607	702.155	868001.16
87.3043101565519	90.9701272238982	2058.253	929.829	890209.48
97.1644022684782	99.7006602394718	2091.274	1030.682	911471.24
