0.000929999256000595	0.0167399866080107	3.553	0.53	367.24
0.00197999841600127	0.0354599716320227	5.773	0.573	833.55
0.00291999766400187	0.0523799580960335	8.436	0.658	1077.32
0.00410999671200263	0.0728999416800467	10.697	0.765	1582.43
0.00592999525600379	0.105839915328068	15.549	1.201	2391.57
0.00964999228000618	0.169919864064109	24.918	1.122	3756.96
0.0123899900880079	0.217439826048139	30.5	1.448	5277.52
0.0191999846400123	0.331199735040212	44.779	2.808	8468.76
0.0282499774000181	0.476099619120305	63.929	2.855	10540.13
0.0418399665280268	0.684179452656438	88.556	4.107	18219.96
0.0643099485520412	0.995399203680637	121.48	4.278	22407.05
0.0928799256960594	1.35053891956886	145.683	6.676	36968.6
0.13992988805609	1.86227851017719	178.278	9.582	51718.83
0.212419830064136	2.43125805499356	132.491	11.036	77835.39
0.316099747120202	3.01373758900993	130.741	14.059	108557.51
0.475639619488304	3.61187711049831	114.99	18.82	163253.6
0.710779431376455	4.12217670225864	111.719	22.183	300737.75
1.06512914789668	4.64075628739497	125.523	25.931	344679.76
1.59903872076902	5.23439581248335	140.191	31.884	465519.88
2.39747808201753	6.04709516232387	129.09	39.279	570426.96
3.5926971258423	7.23203421437263	150.898	47.972	665567.61
5.39338568529145	9.01961278430977	181.947	64.542	721299.49
8.09458352433318	11.7350906119275	217.864	89.022	741094.46
12.1387502889998	15.7930073655941	260.37	137.024	723404.56
18.2026654378677	21.84226252619	346.463	208.467	738065.02
27.3063781548975	30.9578152337478	440.071	279.487	756950.35
37.3037101570319	40.9505072395942	572.392	360.701	780328.17
47.3075921539263	50.9453592437126	727.882	505.495	802025.25
57.3094941524047	60.956231235015	839.404	630.934	824458.34
67.3158461473231	70.9617032306374	990.081	732.03	845464.76
77.3106081515135	80.9356752514598	1019.079	731.582	868542.49
87.3122001502399	90.9361072511142	1244.502	939.927	890418.03
97.1765622587502	99.7514201988638	1170.333	885.669	911261.68
