0.00199999840000128	0.0179999856000115	15.046	0.824	805.98
0.00299999760000192	0.0199799840160128	14.375	0.821	1144.04
0.00299999760000192	0.0199799840160128	15.126	0.798	1664.4
0.0049999960000032	0.0219599824320141	14.738	0.866	2046.06
0.00699999440000448	0.0239399808480153	14.81	0.81	2631.68
0.0099999920000064	0.0259199792640166	15.21	0.895	4021.56
0.013999988800009	0.0318599745120204	15.075	0.897	5604.27
0.0199999840000128	0.0379799696160243	15.146	1.03	7500.85
0.0289999768000186	0.0460799631360295	15.115	1.034	11402.99
0.0429999656000275	0.0601199519040385	15.595	1.214	17512.14
0.063999948800041	0.0820799343360525	16.46	1.424	24616.72
0.0949999240000608	0.111959910432072	16.802	1.755	32194.86
0.141999886400091	0.160019871984102	17.708	2.304	50896.32
0.211999830400136	0.230039815968147	18.64	3.101	67165.19
0.316999746400203	0.334079732736214	23.496	4.364	105583.36
0.474999620000304	0.492119606304315	25.961	5.817	157477.81
0.711999430400456	0.728099417520466	38.431	8.668	276245.95
1.06699914640068	1.08395913283269	45.744	12.707	359201.44
1.59999872000102	1.61603870716903	61.374	18.986	446460.04
2.39899808080154	2.41595806723355	83.592	28.12	568378.88
3.5979971216023	3.61601710718631	120.544	41.123	671553.88
5.39599568320345	5.41403566877147	155.599	63.595	716150.33
8.09299352560518	8.10989351208519	218.291	94.997	741007.59
12.1389902888078	12.1559302752558	311.386	152.552	723386.94
18.2079854336117	18.2240854207317	445.245	224.719	738425.92
27.3109781512175	27.3281181375055	672.268	340.263	757563.01
37.3109701512239	37.3280101375919	919.774	469.4	779385.87
47.3109621512303	47.3280821375343	1151.682	583.081	802503.02
57.3109541512367	57.3279741376207	1391.219	706.715	823341.71
67.3109461512431	67.3280461375631	1648.576	836.182	844197.04
77.3109381512495	77.3279381376495	1894.603	951.647	866506.01
87.3109301512559	87.3280101375919	2171.439	1100.815	889673.9
97.3109221512623	97.3279021376783	1660.481	1600.248	911962.34
