0.00199999840000128	0.0179999856000115	24.707	0.889	727.15
0.00199999840000128	0.0199799840160128	25.469	0.773	1257.72
0.00399999680000256	0.0199799840160128	23.833	0.814	1680
0.0049999960000032	0.0219599824320141	25.278	0.904	1995.51
0.00699999440000448	0.0241199807040154	23.933	0.856	2314.01
0.0099999920000064	0.0259199792640166	23.618	0.893	3964.08
0.013999988800009	0.0318599745120204	26.234	1.046	5608.07
0.0179999856000115	0.0338399729280217	24.386	1.007	7147.19
0.0289999768000186	0.0458999632800294	27.245	1.226	11269.9
0.0429999656000275	0.0599399520480384	27.211	1.277	15841.15
0.0629999496000403	0.0799199360640512	29.798	1.503	23604.11
0.0949999240000608	0.111959910432072	32.149	1.845	35430.42
0.141999886400091	0.158039873568101	37.83	2.562	43394
0.211999830400136	0.228059817552146	44.467	3.283	76920.39
0.316999746400203	0.334079732736214	52.143	4.498	109601.74
0.474999620000304	0.491939606448315	66.832	6.4	152042.07
0.711999430400456	0.727919417664466	85.172	8.995	188743.42
1.06599914720068	1.08197913441669	106.516	13.049	351495.91
1.59999872000102	1.61801870558504	148.873	18.704	477712.42
2.39899808080154	2.41595806723355	200.024	27.526	578297.99
3.5979971216023	3.61601710718631	276.577	41.885	653763.87
5.39599568320345	5.41385566891547	400.18	61.816	723202.6
8.09299352560518	8.11007351194119	571.177	91.384	740595.21
12.1389902888078	12.1559302752558	850.519	150.523	723692.61
18.2079854336117	18.2240854207317	1261.318	229.114	737867.11
27.3099781520175	27.3279381376495	1872.865	342.171	757588.73
37.3099701520239	37.3258501393199	2552.551	468.905	779851.72
47.3109621512303	47.3279021376783	3213.194	593.108	802661.93
57.3109541512367	57.3279741376207	3897.133	714.227	823919.54
67.3109461512431	67.3280461375631	4628.44	836.94	844783.93
77.3109381512495	77.3279381376495	5419.153	973.242	867765.6
87.3109301512559	87.3278301377359	6176.481	1089.918	889369.15
97.3109221512623	97.3279021376783	4173.641	1211.575	911847.58
