0.00060999951200039	0.010979991216007	15.847	0.783	271.92
0.00161999870400104	0.0291599766720187	33.856	0.933	585.02
0.00252999797600162	0.0455399635680291	47.916	0.97	1038.05
0.00298999760800191	0.0538199569440344	55.411	1.073	1347.79
0.00440999647200282	0.0793799364960508	77.959	1.106	1722.9
0.00480999615200308	0.0865799307360554	83.35	1.16	1898.23
0.0102599917920066	0.184499852400118	174.018	1.649	4316.52
0.0141999886400091	0.254519796384163	230.061	2.048	5011.12
0.0219699824240141	0.393839684928252	343.029	2.745	7812.62
0.0364399708480233	0.653219477424418	559.672	3.999	13093.83
0.0424299660560272	0.758699393040486	624.732	4.401	15768.45
0.0691299446960442	1.23443901244879	965.961	7.068	23540.31
0.116829906536075	2.07305834155333	1486.65	10.692	42683.29
0.154479876416099	2.72573781940974	1737.289	14.128	50238.42
0.176409858872113	3.07745753803397	1632.745	15.601	58811.42
0.392099686320251	6.7138146289483	1692.973	32.871	128084.09
0.530289575768339	8.85905291275767	1461.018	43.203	148765.51
0.941089247128602	15.1883878492897	1744.553	110.864	335847.48
1.26151899078481	19.3177645457884	1850.149	176.356	398586.95
2.10366831706535	29.8392961285631	2249.384	292.061	525362.32
3.13008749593	39.7632281894174	2514.938	369.835	616055.39
3.9020368783705	42.3188661449071	2630.373	432.505	660721.25
6.71012463190029	59.1567726745819	3170.12	583.693	737677.03
9.77489218008626	66.2082670333864	3317.229	676.709	733825.24
16.1767670585864	81.8306345354924	3770.945	839.754	732969.71
22.9550416359667	83.5265931787255	3812.062	901.85	747132.57
31.4342448526041	89.3900884879292	4004.295	947.595	766589.84
39.4088584729132	93.2604453916437	4250.393	1043.672	784534.09
51.7856385714891	99.8421401262879	4473.24	1129.626	812116.38
56.5560147551882	99.2067406346075	4501.58	1125.175	822218.92
65.662597469922	99.955180035856	4543.12	1182.259	842488.4
72.9891916086467	99.999640000288	4615.018	1215.755	858222.64
78.6502870797703	100.0	4566.323	1173.105	870442.96
