0.000729999416000467	0.0131399894880084	19.002	0.715	355.33
0.00166999866400107	0.0300599759520192	33.838	0.865	671.91
0.0023499981200015	0.0422999661600271	43.401	0.943	813.86
0.00337999729600216	0.0608399513280389	63.098	1.053	1437.76
0.00503999596800323	0.0905399275680579	88.64	1.31	1952.72
0.00633999492800406	0.114119908704073	107.42	1.273	2356.68
0.00711999430400456	0.127979897616082	119.249	1.386	2751.57
0.014099988720009	0.252899797680162	221.938	1.878	5011.12
0.0150599879520096	0.270719783424173	238.231	2.117	5839.7
0.0213899828880137	0.383219693424245	329.639	2.729	8588.47
0.0521499582800334	0.934019252784598	765.932	5.268	19960.2
0.0825899339280529	1.47257882193694	1141.59	7.715	28766.47
0.100819919344065	1.78865856907314	1273.135	9.198	33872.91
0.183509853192117	3.22883741693007	2029.366	15.716	59982.2
0.261579790736167	4.55921635262692	2419.804	21.812	90405.43
0.291179767056186	4.99229600616319	1402.389	25.236	88936.59
0.554299556560355	9.25451259638992	1537.898	44.501	158401.17
0.895679283456573	14.4205084635932	1725.954	108.096	331384.38
1.31617894705684	18.8773048981561	1686.016	167.587	414816.71
1.44146884682492	22.1493422805262	2005.841	184.775	457944.94
3.13657749073801	34.8418521265183	2267.278	313.484	625121.46
3.14415748467401	39.9464680428256	2509.448	373.008	620468.81
5.58623553101158	49.5120203903837	2801.933	489.526	720603.47
11.2503909996872	78.2255974195221	3589.281	802.543	722468.07
14.2864685708251	71.7729625816299	3548.939	750.027	727531.89
25.1737198610241	92.6995658403473	4094.513	970.28	753710.51
34.5428723657021	97.5320219743824	4359.882	1063.345	774530.3
43.3625953099238	99.2083606333115	4424.893	1108.009	793861.37
50.7874093700725	99.2929605656315	4465.437	1128.221	810183.02
58.0442135646291	99.6985002411998	4478.375	1151.5	825394.55
66.3196969442424	99.98380001296	4464.905	1133.772	843829.4
72.8885516891586	99.999460000432	4611.421	1207.154	858190.72
78.6197771041783	100.0	4627.448	1210.796	870345.96
