0.00104999916000067	0.0188999848800121	24.046	0.789	390.35
0.00172999861600111	0.0311399750880199	34.23	0.945	836.57
0.00303999756800195	0.0543599565120348	53.299	0.954	1322.99
0.00402999677600258	0.0714599428320457	64.944	0.912	1745.07
0.00648999480800415	0.114659908272073	91.346	1.177	2392.29
0.00928999256800594	0.163799868960105	116.552	1.413	3445.51
0.0127999897600082	0.223559821152143	143.639	1.52	4969.09
0.0192999845600124	0.333359733312213	188.725	1.95	8064.49
0.0282199774240181	0.471959622432302	206.892	2.231	10950.87
0.0420199663840269	0.682559453952437	249.108	2.86	17776.95
0.0627499498000402	0.971639222688622	269.81	3.863	22432.27
0.0932099254320597	1.35521891582487	307.363	5.579	44057.15
0.14127988697609	1.86029851176119	339.669	7.959	54578.51
0.207959833632133	2.39435808451353	379.949	11.671	89931.67
0.315839747328202	3.01229759016193	421.588	17.682	113083.91
0.474539620368304	3.6007171194263	453.343	20.597	180959.73
0.712289430168456	4.10831671334663	512.976	31.345	256960.25
0.912579269936584	3.4311572550742	402.322	34.206	282934.03
1.59810872151302	5.21909582472334	636.761	61.733	587957.95
2.40146807882554	6.04943516045187	724.599	93.035	778192.29
3.6000371199703	7.23275421379663	861.241	138.621	1084332.11
5.24827580137936	7.91369366904506	967.656	214.519	1435422.09
8.09150352679718	11.7271706182635	1485.694	294.604	1883361.19
12.1427102858318	15.7769873784101	1875.594	472.381	2166215.25
18.2015154387876	21.854142516686	2685.715	679.062	2428298.31
27.3088881528895	30.9475552419558	3882.508	1050.828	2812769.93
37.2677601857919	40.4214876628099	4968.379	1455.348	3245859.79
47.3082821533743	50.9440992447206	6123.913	1723.633	3670219.01
57.3113641509087	60.958391233287	7339.126	2151.425	4100801.17
67.3065061547951	70.9440632447494	8715.759	2600.493	4561395.53
77.2739181808655	80.5524555580355	10199.947	2967.101	4976491.51
87.3084801532159	90.9197272642182	11572.152	3706.64	5407165.75
97.2208422233262	99.8981200815039	12568.644	8167.407	5847300.51
