0.00120999903200077	0.0217799825760139	26.664	0.824	378.29
0.00211999830400136	0.0377999697600242	38.663	0.807	824.51
0.00308999752800198	0.0552599557920354	53.122	0.912	1318.97
0.00409999672000262	0.0730799415360468	63.859	0.989	1568.19
0.00600999519200385	0.107099914320069	84.638	1.088	2645.55
0.00912999269600584	0.161099871120103	113.458	1.265	3517.87
0.0127499898000082	0.223199821440143	137.633	1.478	5194.21
0.018679985056012	0.320759743392205	173.411	1.677	8333.83
0.0279999776000179	0.469799624160301	207.279	2.366	12265.43
0.0415699667440266	0.680399455680435	236.914	3.011	17776.95
0.0641799486560411	0.993419205264636	265.757	3.994	24936.81
0.0935799251360599	1.36115891107287	297.004	5.572	39578.51
0.139739888208089	1.84715852227318	336.603	7.508	55668.05
0.185799851360119	2.05487835609732	281.827	9.292	75509.43
0.3131997494402	3.01301758958593	405.718	14.379	133422.55
0.475099619920304	3.61187711049831	452.787	22.217	181104.51
0.715539427568458	4.14377668497865	504.338	32.077	240814.53
1.06379914896068	4.64111628710697	545.998	41.105	417691.97
1.60363871708903	5.21855582515534	622.679	67.216	595918.25
2.39991808006554	6.03017517585986	724.787	93.796	836178.53
3.60222711821831	7.23311421350863	891.245	147.073	1084408.79
5.39863568109145	9.04463276429379	1100.994	209.747	1438636.25
8.09644352284518	11.7340106127915	1405.267	330.351	1856821.69
12.1398602881118	15.7874273700581	1950.339	464.032	2151022.51
18.2070654343477	21.855942515246	2678.481	694.485	2407964.73
27.3104781516175	30.9776152179078	3783.414	1085.378	2797501.69
37.3101001519199	40.9595072323942	4977.333	1420.391	3254254.89
47.3069621544303	50.9635392291686	6171.238	1808.323	3678761.05
57.3072141542287	60.959471232423	7572.752	2165.452	4105950.73
67.2971661622671	70.8036633570693	8767.664	2576.334	4554002.37
77.3084581532335	80.9430552455558	9896.134	2934.41	4980928.19
87.3039901568079	90.8344073324741	11306.757	3715.759	5408558.23
97.1586722730622	99.7107402314078	12262.038	7540.852	5841647.83
