0.0010999991200007	0.0197999841600127	25.858	0.752	390.35
0.00211999830400136	0.0381599694720244	38.878	0.948	760.19
0.00261999790400168	0.0469799624160301	46.007	0.978	1109.93
0.00386999690400248	0.0692999445600443	61.215	1.02	1765.17
0.00621999502400398	0.10997991201607	90.95	1.12	2219.43
0.0085999931200055	0.151199879040097	106.534	1.26	3469.63
0.0121199903040078	0.212219830224136	134.933	1.474	4969.09
0.0186399850880119	0.320219743824205	170.74	1.863	8361.97
0.0279099776720179	0.470879623296301	206.72	2.247	10544.85
0.0426899658480273	0.694439444448444	235.938	2.92	16044.31
0.0626999498400401	0.96929922456062	262.716	3.878	26605.19
0.0955399235680611	1.37933889652888	302.589	5.468	40579.59
0.14073988740809	1.84877852097718	336.623	7.998	49894.73
0.211069831144135	2.41163807068954	365.946	10.285	85975.27
0.292839765728187	2.68487785209772	330.5	13.633	112151.03
0.474889620088304	3.5942371246103	458.228	21.921	197308.09
0.715339427728458	4.13639669088265	497.544	29.973	290347.97
1.06700914639268	4.62059630352296	552.369	42.346	420742.37
1.59636872290502	5.21621582702734	612.637	60.873	580078.41
2.39904808076154	6.05213515829187	730.506	94.687	800458.39
3.5982771213783	7.23581421134863	870.534	134.58	1029872.31
5.39313568549145	9.03131277494978	1071.648	211.527	1440956.95
8.09297352562118	11.7125906299275	1365.343	311.571	1933239.03
12.1344302924558	15.7589873928101	1923.171	443.621	2161535.43
18.2065954347237	21.839742528206	2565.882	670.528	2432894.29
27.3097881521695	30.9549352360518	3652.429	984.698	2802718.39
37.3139101488719	40.9766072187142	4953.28	1401.935	3243352.19
47.3051821558543	50.9530992375206	6126.293	1758.317	3679889.07
57.3126341498927	60.955151235879	7479.387	2172.95	4101673.53
67.3152961477631	70.9626032299174	8428.628	2429.041	4538239.55
77.3088981528815	80.9416152467078	9961.383	2931.226	4968725.27
87.0101303918957	89.3467085226332	10978.677	3313.763	5386844.65
96.932292454166	99.1613806708955	12077.865	7430.829	5820609.73
