0.000939999248000602	0.0169199864640108	22.548	0.839	398.39
0.00183999852800118	0.032759973792021	35.674	0.882	880.79
0.00309999752000198	0.0552599557920354	51.776	0.96	1158.17
0.00394999684000253	0.0705599435520452	62.155	1.092	1765.17
0.00611999510400392	0.10943991244807	84.676	1.241	2456.61
0.00916999266400587	0.162359870112104	114.149	1.359	3586.21
0.0126999898400081	0.222299822160142	136.906	1.544	5073.61
0.0189199848640121	0.322019742384206	170.742	1.891	7590.13
0.0283599773120181	0.475199619840304	204.833	2.555	11163.93
0.0414699668240265	0.67247946201643	238.204	3.277	18199.07
0.0615199507840394	0.962999229600616	266.788	4.244	27200.19
0.0947799241760607	1.37105890315288	300.331	6.214	40555.45
0.141689886648091	1.85777851377719	334.794	8.345	51639.59
0.213799828960137	2.45897803281757	374.147	11.618	90474.49
0.317599745920203	3.03065757547394	418.113	15.902	136325.87
0.473749621000303	3.58415713267429	456.118	22.568	181691.69
0.710509431592455	4.11659670672263	504.814	31.968	288992.29
1.06472914821668	4.61573630741095	557.781	47.477	436558.15
1.59661872270502	5.22035582371534	636.195	65.39	553646.95
2.39574808340153	6.02171518262785	725.799	110.255	768232.39
3.5975771219383	7.23005421595663	880.696	144.104	1085042.23
5.39640568287545	9.03905276875778	1081.913	210.707	1480447.01
8.08953352837318	11.7199706240235	1387.01	321.858	1918426.21
12.1337802929758	15.7750073799941	1896.155	478.691	2164064.07
18.2050854359317	21.858642513086	2698.492	698.709	2419903.21
27.3122381502095	30.9612352310118	3824.866	1068.531	2808127.83
37.3115301507759	40.9454672436262	4898.096	1399.179	3240391.57
47.3055621555503	50.9358192513446	6202.81	1795.028	3680924.61
57.3114441508447	60.945971243223	7578.812	2222.642	4109510.93
67.3112861509711	70.9424432460454	8832.552	2643.154	4557877.35
77.3087881529695	80.9677152258278	9819.656	2947.886	4973711.11
87.3152301478159	90.9555472355622	11207.588	3412.202	5405274.63
97.1577022738382	99.7015602387518	12252.392	3753.405	5843488.71
