0.000949999240000608	0.0169199864640108	8.41	0.836	374.27
0.00221999822400142	0.0397799681760255	9.508	0.919	724.01
0.00258999792800166	0.0462599629920296	11.003	0.932	1174.25
0.00420999663200269	0.0755999395200484	14.038	1.053	1769.19
0.00602999517600386	0.106559914752068	16.265	1.193	2424.45
0.00875999299200561	0.1555198755841	20.079	1.324	3915.85
0.0129499896400083	0.225899819280145	32.138	1.558	6150.97
0.0188499849200121	0.323459741232207	34.169	1.971	6794.17
0.0270799783360173	0.460619631504295	44.989	2.447	11606.15
0.0425599659520272	0.693899444880444	55.214	3.221	18215.15
0.0632699493840405	0.98387921289663	96.252	4.124	26605.19
0.0933899252880598	1.35773891380887	93.197	5.702	39658.91
0.142479886016091	1.8705585035532	123.208	8.247	60681.59
0.211609830712135	2.43773804980956	152.296	11.817	84515.75
0.315379747696202	3.02435758051394	185.096	16.689	125203.33
0.472079622336302	3.60179711856231	221.539	23.082	173519.75
0.711469430824455	4.11461670830663	264.094	30.064	291035.87
1.06837914529668	4.64525628379497	311.486	47.048	390239.71
1.60204871836103	5.23637581089935	373.297	65.368	562963.13
2.38967808825753	5.90147527881978	456.113	96.218	788221.05
3.5977071218343	7.23203421437263	811.195	139.558	1127898.49
5.39357568513945	9.04193276645379	813.446	209.735	1476694.05
8.09043352765318	11.7260906191275	1105.987	300.565	1884696.53
12.1444102844718	15.7940873647301	1975.472	467.304	2155266.43
18.2069754344197	21.845142523886	3090.672	687.187	2433041.15
27.3126481498815	30.9389152488678	4307.48	995.846	2820620.05
37.3076401538879	40.9625672299462	5441.699	1419.608	3253160.43
47.3104321516543	50.9460792431366	5616.803	1767.263	3669938.03
57.3081941534447	60.958391233287	6732.743	2150.104	4107145.69
67.3073461541231	70.9483832412934	8882.677	2442.295	4561173.21
77.2208682233054	80.1170359063713	8755.13	2879.588	4973916.63
86.9910104071917	89.3035085571932	11099.399	3290.238	5385242.71
97.0464923628061	99.4056404754876	12115.186	3581.35	5830317.39
