0.000789999368000506	0.014039988768009	7.013	0.784	446.63
0.0021799982560014	0.0386999690400248	9.431	0.867	884.81
0.00338999728800217	0.0608399513280389	11.69	0.951	1117.97
0.00402999677600258	0.0721799422560462	11.9	1.009	1608.39
0.00605999515200388	0.107639913888069	14.83	1.035	2645.55
0.00919999264000589	0.162719869824104	18.559	1.267	3968.11
0.0125799899360081	0.21923982460814	21.617	1.395	5238.43
0.0192199846240123	0.333359733312213	27.16	1.804	7035.37
0.0253199797440162	0.427859657712274	28.966	2.082	10175.01
0.0413999668800265	0.680219455824435	53.332	3.115	16016.17
0.0583699533040374	0.896759282592574	50.041	3.697	22822.21
0.0950999239200609	1.38905888875289	76.926	5.561	37202.53
0.14077988737609	1.86425850859319	98.983	8.062	56114.33
0.209999832000134	2.42009806392155	125.248	12.728	82794.87
0.314979748016202	3.01463758828993	171.866	15.409	116188.11
0.475449619640304	3.60359711712231	254.234	21.12	177653.97
0.714779428176457	4.12811669750664	366.24	28.96	294471.37
1.05984915212068	4.61789630568296	495.307	42.557	381270.51
1.59196872642502	5.21549582760334	654.947	61.404	585993.07
2.39930808055354	6.04367516505987	861.36	95.727	866837.31
3.5944971244023	7.23923420861263	1180.435	136.312	1146285.09
5.39252568597945	9.04769276184579	1633.165	201.576	1444789.81
8.09172352662118	11.7557905953675	2359.424	296.806	1853356.67
12.1341002927198	15.7728473817221	3392.684	439.998	2164953.01
18.2074654340277	21.826782538574	4969.561	692.047	2407922.65
27.3089781528175	30.9444952444038	7333.432	1043.874	2795057.17
37.3075301539759	40.9492472406022	10013.88	1445.512	3250761.83
47.3109221512623	50.9624592300326	12677.318	1829.787	3670860.59
57.3095041523967	60.954971236023	15379.534	2082.126	4108730.81
67.3107361514111	70.9496432402854	17835.001	2558.278	4535006.43
77.3085081531935	80.9480952415238	20407.629	2954.726	4973732.21
87.3153301477359	90.9607672313862	23390.189	3612.87	5405631.17
97.2106722314622	99.8682401054079	25575.877	20059.117	5847636.11
