0.000549999560000352	0.00989999208000634	15.971	0.799	338.09
0.00162999869600104	0.0293399765280188	33.799	0.893	744.11
0.00243999804800156	0.043739965008028	46.821	0.962	916.97
0.00247999801600159	0.0444599644320285	47.415	0.935	1093.85
0.00365999707200234	0.0656999474400421	65.488	1.015	1379.27
0.00654999476000419	0.117539905968075	110.181	1.307	2613.38
0.00746999402400478	0.134459892432086	124.814	1.333	3135.96
0.0169699864240109	0.304739756208195	262.193	1.943	6609.22
0.0220899823280141	0.397079682336254	342.554	2.304	8072.49
0.0323899740880207	0.580499535600371	486.797	3.092	12317.63
0.0553699557040354	0.989639208288633	791.727	4.221	21825.12
0.0788699369040505	1.4045388763689	1086.639	5.455	29077.48
0.117369906104075	2.08493833204933	1506.7	7.958	43478
0.185359851712119	3.25925739259409	2166.273	11.56	74503.87
0.262639789888168	4.58279633376293	2712.638	18.025	96275.99
0.370309703752237	6.34265492587606	3250.564	22.306	142855.58
0.553359557312354	9.26639258688593	3975.186	30.548	210941.17
0.587149530280376	9.52271238183009	3565.623	34.423	204337.2
0.996789202568638	15.3223077421538	4710.531	62.668	396092.42
2.06532834773732	29.2361166111067	7579.288	121.698	717508.24
2.92910765671387	37.0027503977997	8564.564	188.106	907008.75
4.64328628537097	50.5482795613764	10671.12	307.164	1337757.66
6.64815468147625	58.5420731663415	11720.329	436.442	1647014.14
10.4454916436067	71.1069631144295	13744.773	729.124	2084185.48
16.4369168504665	83.5766331386935	15885.624	1183.274	2348653.54
23.0772315382148	83.9495928403257	16210.849	1657.66	2620518.5
32.5287039770368	92.0855863315309	18068.888	2469.776	3026852.71
40.2860877711298	94.6556242755006	18146.574	2870.253	3378572.42
50.9010192791846	99.3422805261756	20553.808	3848.582	3842527.65
59.5518023585581	99.963820028944	20911.1	4530.276	4213587.23
65.0443479645216	99.9110800711359	21594.753	4978.649	4453943.28
72.9615116307907	99.999280000576	21805.332	5542.46	4793258.69
78.6660970671224	100.0	22038.244	5939.614	5037866.78
