0.000879999296000563	0.0158399873280101	22.224	0.72	301.88
0.00112999909600072	0.020339983728013	26.114	0.76	466.68
0.00237999809600152	0.0428399657280274	46.299	0.836	985.2
0.00258999792800166	0.0464399628480297	50.377	0.841	1025.39
0.00445999643200285	0.0802799357760514	78.722	0.981	1507.72
0.00699999440000448	0.125999899200081	117.897	1.115	3063.25
0.0100999919200065	0.181799854560116	166.725	1.275	4273.15
0.0146499882800094	0.263339789328169	246.1	1.568	6355.25
0.0225399819680144	0.403919676864259	347.267	2.011	9193.03
0.0263699789040169	0.472679621856303	402.557	2.182	10282.32
0.0323499741200207	0.579419536464371	476.853	2.684	14104.97
0.0501699598640321	0.893879284896572	706.936	3.562	21014.7
0.117229906216075	2.08097833521733	1523.189	7.236	44228.84
0.179539856368115	3.16475746819403	2120.156	10.084	66354.78
0.261579790736167	4.56389634888292	2749.34	14.693	97925.56
0.384899692080246	6.58115473507621	3425.693	20.384	142944.08
0.555209555832355	9.25415259667792	4053.6	29.109	223436.57
0.74965940027248	12.0796103363117	4365.094	37.854	269563.21
1.35495891603287	20.7512833989733	6380.917	71.105	475634.44
2.14813828148937	30.5497555601956	8218.918	118.942	731755.05
2.9662376270099	37.528889976888	8891.327	170.647	902775.81
4.83320613343509	52.9228376617299	11587.171	287.664	1382837.4
5.96244523004382	52.5055979955216	10957.196	357.537	1588803.21
10.5680115455908	72.2136022291182	14439.9	687.562	2089080.38
15.4707176234259	77.7134978292017	15475.877	986.257	2301245.72
20.8130033495973	76.6822786541771	15388.396	1335.242	2532028.01
34.8559221152623	98.3596613122709	20094.072	4508.481	3137533.91
39.081808734553	92.7269258184593	18769.634	3691.133	3321572.65
51.8511085191132	99.8603201117439	21815.467	7039.433	3861475.15
57.823683741053	99.6236203011038	22109.131	7912.337	4122866.19
66.6355566915546	99.994420004464	23358.793	10334.036	4518626.05
72.9328016537587	99.99910000072	23522.227	11752.711	4788600.28
78.6565570747543	100.0	23534.909	14080.107	5033827.38
