0.000849999320000544	0.0152999877600098	21.623	0.751	346.13
0.00157999873600101	0.0284399772480182	33.796	0.772	527.03
0.00266999786400171	0.0480599615520308	49.639	0.851	965.21
0.00338999728800217	0.0610199511840391	68.319	0.963	1250.63
0.00517999585600331	0.0930599255520596	88.507	1.026	1925.96
0.00638999488800409	0.115019907984074	109.044	1.185	2742.02
0.00705999435200452	0.127079898336081	124.528	1.234	2806.34
0.0112599909920072	0.201779838576129	179.53	1.579	4345.99
0.023449981240015	0.420839663328269	361.889	2.079	8703.65
0.0278899776880179	0.499139600688319	408.175	2.268	12156.83
0.043709965032028	0.782999373600501	625.029	3.262	16361.79
0.0711599430720455	1.26863898508881	976.131	4.805	28313.62
0.119939904048077	2.12813829748936	1545.064	7.301	48467.23
0.163229869416104	2.87405770075384	1911.052	9.834	64729.9
0.284279772576182	4.95485603611517	2981.808	16.574	112769.66
0.310449751640199	5.3152157478274	2728.668	16.895	133417.81
0.369229704616236	6.20459503632397	2769.558	20.928	144874.27
0.89025928779257	14.3571485142812	5145.949	47.593	309125.19
1.27766897786482	19.5339443728445	5874.87	71.087	437396.89
2.05074835940131	29.0462167630266	7405.547	109.546	705000.92
2.48248801400959	31.5078947936842	7288.186	138.078	824547.5
4.695316243747	51.1395790883367	10657.125	270.714	1353847
7.35483411613271	65.7442274046181	12913.711	461.556	1793284.89
11.0453711637031	76.2740389807688	14401.216	718.438	2113384.01
13.2133594293125	66.9700264239789	13043.544	863.771	2201184.94
19.3974944820044	72.6168019065585	14083.149	1317.769	2463359.02
34.7782321774143	98.2246614202709	18969.91	4341.132	3147613.55
43.1180155055876	98.9081208735033	19670.488	5124.908	3501413.09
49.7355902115278	98.5758411393271	19829.235	5355.927	3789661.59
58.2084034332773	99.7157802273758	21381.595	7500.981	4161685.65
66.2994269604584	99.984160012672	22531.167	9730.29	4508356.54
72.5648119481504	99.997480002016	23021.138	11370.1	4773881.21
78.6555270755783	100.0	22642.413	13599.414	5038294.59
