0.00085999931200055	0.0154799876160099	21.604	0.833	346.1
0.00149999880000096	0.0269999784000173	32.344	0.844	647.56
0.00253999796800163	0.0457199634240293	49.568	0.947	965.1
0.00269999784000173	0.0485999611200311	51.789	0.977	1005.3
0.00330999735200212	0.0595799523360381	61.859	1.007	1387.15
0.0043799964960028	0.0788399369280505	78.893	1.116	1893.59
0.00814999348000522	0.146519882784094	136.257	1.347	3195.9
0.0163499869200105	0.293579765136188	260.814	1.83	6576.32
0.023439981248015	0.419939664048269	363.102	2.243	9663.34
0.0239999808000154	0.430379655696275	379.298	2.318	8927.74
0.0433199653440277	0.773999380800495	641.16	3.455	17027.23
0.0551699558640353	0.985499211600631	776.405	4.297	22317.07
0.113649909080073	2.01581838734529	1487.782	7.484	45764.44
0.154709876232099	2.71817782545774	1850.377	10.42	61478.45
0.180049855960115	3.13829748936201	1925.793	11.428	71657.29
0.347939721648223	5.95061523950781	3137.552	22.023	135795.14
0.370479703616237	6.21827502537998	2891.309	22.228	148987.41
0.820769343384525	13.2134294292565	4883.667	48.754	328451.45
1.33192893445685	20.373463701229	6386.298	81.791	456603.27
2.15410827671338	30.6023155181476	8331.972	125.112	735062.03
2.19727824217741	28.109497512402	6946.093	130.487	741394.19
4.61794630564296	50.2327398138082	11175.9	290.753	1305313.27
6.94377444498044	61.4726508218793	13057.968	441.263	1712856.52
9.66039227168618	65.4038476769219	13568.909	606.671	2050341.33
16.3998968800825	83.3519933184053	16727.061	1061.561	2338852.73
20.5798735361012	75.9953992036806	15104.955	1262.972	2520136.72
33.0690235447812	93.5075851939318	18929.891	2195.466	3068106.3
42.7156158275073	98.3078213537429	20156.77	2870.48	3472050.94
51.6994886404091	99.7966001627199	20768.57	3332.134	3855080.61
59.360122511902	99.94240004608	21292.736	3962.746	4193928.96
66.0934771252183	99.979120016704	21585.725	4338.371	4482784.39
72.7837017730386	99.998560001152	21916.845	4833.129	4782038.12
78.6563870748903	100.0	22291.301	5161.527	5033890.19
