0.000779999376000499	0.014039988768009	20.598	0.718	301.91
0.00117999905600076	0.0212399830080136	27.29	0.818	587.33
0.0021799982560014	0.0392399686080251	43.767	0.915	941.09
0.00275999779200177	0.0494999604000317	52.778	0.897	1218.47
0.00470999623200301	0.0847799321760543	83.808	0.991	1769.19
0.00715999427200458	0.128699897040082	119.376	1.275	2971.14
0.0107899913680069	0.194039844768124	178.044	1.443	4161.05
0.0136799890560088	0.245879803296157	218.744	1.547	5443.43
0.0139299888560089	0.25037979969616	227.304	1.693	5897.66
0.0213399829280137	0.382319694144245	326.78	1.965	8832.27
0.0552599557920354	0.989459208432633	813.883	3.911	23083.41
0.0806199355040516	1.43693885044892	1127.432	5.256	33809.23
0.102009918392065	1.80917855265716	1331.492	6.541	40028.58
0.146479882816094	2.57669793864165	1762.289	8.497	60850.12
0.258839792928166	4.49621640302688	2706.188	15.065	98845.3
0.389629688296249	6.53633477093218	2982.18	21.972	138379.94
0.393339685328252	6.7242546205963	3529.303	23.736	146663.74
0.888299289360569	14.3308685353052	5250.456	49.446	309692.43
0.941219247024602	14.4806284154973	4601.109	52.33	337621.06
1.36605890715287	19.5524843580125	5392.112	72.918	473071.56
2.05511835590532	26.4545788363369	6515.262	108.617	672907.5
4.49911640070688	48.7909409672472	10766.104	248.047	1270120.87
6.13126509498792	53.8289569368345	11399.913	355.365	1554685.93
8.20470343623725	56.5170747863402	11620.659	461.885	1922955.31
16.3650469079625	83.0947735241812	16464.723	958.314	2344078.66
23.6871310502952	86.2604309916552	17324.155	1389.114	2650996.11
31.9967844025725	90.7658273873381	18141.931	1880.472	3007215.06
41.8558665153068	97.0777023378381	19850.541	4210.393	3438130.81
51.4608288313369	99.6659202672638	22070.038	6589.841	3872925.53
57.1125143099886	99.4216604626716	21570.709	7134.799	4107674.97
65.582927533658	99.954460036432	22810.985	9012.565	4475870.26
72.7971917622466	99.998740001008	23475.388	12493.058	4782209.24
78.6654570676343	100.0	24082.422	14753.841	5037875.18
