0.000659999472000422	0.0118799904960076	17.558	0.809	297.89
0.00118999904800076	0.0214199828640137	26.364	0.927	462.71
0.00225999819200145	0.040679967456026	45.034	1.008	808.43
0.00232999813600149	0.0419399664480268	45.282	0.959	993.35
0.00334999732000214	0.0601199519040385	62.335	1.089	1210.43
0.00685999451200439	0.123299901360079	123.084	1.259	2806.34
0.0105799915360068	0.189899848080122	169.298	1.579	3819.35
0.0112499910000072	0.202139838288129	187.273	1.594	4671.59
0.0162599869920104	0.292139766288187	258.641	1.924	6404.2
0.0230199815840147	0.411299670960263	349.984	2.304	8426.25
0.0456199635040292	0.815579347536522	654.686	3.989	17981.88
0.0743899404880476	1.32173894260885	985.703	5.384	29495.55
0.0822399342080526	1.46753882596894	1164.03	5.92	33499.69
0.122029902376078	2.14811828150537	1455.079	8.07	47687.29
0.217769825784139	3.78539697168242	2233.718	12.777	90518.24
0.289569768344185	4.97105602315518	2599.655	19.109	116734.34
0.557129554296357	9.32291254166997	4063.344	34.147	206661.85
0.646089483128414	10.4594316324547	3840.527	40.014	231405.31
1.35071891942486	20.6753234597412	6195.454	75.154	481644.71
1.52965877627298	21.7405626075499	5771.068	92.899	585885.23
3.18283745373004	40.5210275831779	9417.633	192.929	1013745.46
4.44306644554684	48.1382614893908	10293.766	274.841	1249117.14
5.47800561759551	48.6550410759671	9775.669	330.295	1514422.28
7.40211407830874	52.2942781645775	10219.196	449.745	1817028.65
15.0542079566336	75.3828596937122	14747.348	981.504	2276066.22
24.8840900927279	91.3013269589384	17420.882	1642.812	2707812.03
34.4574824340141	97.3343821324943	18757.767	2255.449	3132597.08
40.3904076876739	94.8210441431647	18557.153	2645.487	3383818.26
50.7961793630565	99.3183405453276	19765.178	3359.327	3830597.66
59.1354426916458	99.9118000705599	20521.954	4000.968	4196465.61
66.6582666733867	99.993340005328	20875.094	4370.837	4512285.7
72.9295716563427	99.998560001152	21125.928	4753.861	4792336.25
78.6669770664183	100.0	21445.71	5107.234	5037858.58
