0.00101	0.00125999899200081	2.16	1.54	426.72
0.00201	0.0023399981280015	2.343	1.078	1022.34
0.00301	0.00323999740800207	2.663	1.646	1375.18
0.00401	0.00413999668800265	2.58	1.61	1761.89
0.00601	0.00611999510400392	2.844	1.173	2154.87
0.00901	0.00917999265600588	3.235	1.639	3156.98
0.013	0.0131399894880084	4.332	1.802	5930.66
0.01901	0.0192599845920123	4.447	2.143	8431.33
0.028	0.0282599773920181	4.634	2.119	13566.97
0.042	0.0422999661600271	5.434	2.79	15804.8
0.06301	0.0631799494560404	7.034	3.551	23926.49
0.09401	0.0941399246880602	8.89	4.443	32747.93
0.14101	0.14111988710409	11.175	5.748	52951
0.21101	0.211319830944135	12.917	7.782	77305.22
0.31601	0.316259746992202	18.214	9.874	109616.36
0.47401	0.474119620704303	25.08	13.946	157624.92
0.71101	0.711179431056455	39.933	19.042	284162.66
1.06601	1.06613914708868	51.223	26.174	348692.34
1.59901	1.59911872070502	69.429	38.911	482807.21
2.39801	2.39813808148954	101.614	53.681	570216.09
3.59701	3.5972971221623	147.259	84.911	666115.17
5.39501	5.39513568389145	217.815	124.485	722567.46
8.092	8.09207352634118	298.576	181.336	740400.71
12.13801	12.1382902893678	455.796	237.295	723582.77
18.20701	18.2071654342677	675.469	404.938	737072.89
27.31	27.3102981517615	1030.344	647.343	758467.52
37.31001	37.3101901518479	1349.521	880.326	779850.15
47.31001	47.3100821519343	1715.408	921.101	802525.54
57.31001	57.3101541518767	2064.728	1143.18	822508.02
67.31001	67.3100461519631	2480.839	1589.331	847140.57
77.31001	77.3101181519055	2787.769	1411.297	868137.02
87.31001	87.3101901518479	3194.874	1709.666	888893.33
97.31001	97.3100821519343	3610.21	1841.499	911553.58
