0.00101	0.00107999913600069	2.21	1.386	406.9
0.00201	0.00215999827200138	2.326	1.534	1022.34
0.00301	0.00323999740800207	2.844	1.479	1402.57
0.00401	0.00431999654400277	2.628	1.596	1527.75
0.00601	0.00611999510400392	2.772	1.594	2290.74
0.00901	0.00917999265600588	3.456	1.637	3684.01
0.01301	0.0131399894880084	3.554	1.955	4637.46
0.01901	0.0192599845920123	3.958	2.01	8120.21
0.02801	0.0282599773920181	4.874	2.541	10614.28
0.04201	0.042119966304027	6.629	2.135	15804.8
0.06301	0.0631799494560404	8.916	3.616	20894.82
0.09401	0.0943199245440604	11.199	4.628	33786.78
0.141	0.14111988710409	15.433	5.699	48908.95
0.21101	0.211139831088135	22.631	5.122	67647.03
0.31601	0.316079747136202	25.228	7.985	101492.02
0.47401	0.474299620560304	35.153	13.461	133358.45
0.71101	0.711179431056455	57.011	19.038	282724.99
1.06601	1.06613914708868	70.728	27.005	371934.39
1.599	1.59911872070502	119.654	35.666	460676.88
2.39801	2.39831808134553	159.456	57.551	589566.95
3.597	3.5971171223063	231.247	85.24	659743.84
5.39501	5.39531568374745	332.272	125.613	723203.44
8.09201	8.09207352634118	488.976	188.348	740267.65
12.138	12.1381102895118	709.718	287.744	724223.68
18.20701	18.2071654342677	1132.439	432.519	737814.74
27.31001	27.3101181519055	1722.127	658.275	758000.69
37.31001	37.3100101519919	2121.539	899.597	780433.42
47.31001	47.3100821519343	2832.81	783.193	800831.86
57.31001	57.3101541518767	3489.614	1121.552	824521.31
67.31001	67.3102261518191	4015.728	1379.948	846574.66
77.31001	77.3101181519055	4642.682	1486.533	868276.68
87.31001	87.3101901518479	4888.094	1761.442	890289.76
97.31001	97.3102621517903	5816.505	2239.771	911755.12
