0.00099999920000064	0.00107999913600069	4850.332	749.256	705556.12
0.00200999839200129	0.00215999827200138	4960.086	764.082	705556.12
0.00299999760000192	0.00323999740800207	4851.253	757.641	705556.12
0.00400999679200257	0.00413999668800265	4892.985	753.858	705556.12
0.00600999519200385	0.00629999496000403	4853.226	765.737	705556.12
0.00900999279200577	0.00917999265600588	4843.006	750.793	705556.12
0.0130099895920083	0.0131399894880084	4840.236	755.684	705556.12
0.0190099847920122	0.0192599845920123	4883.156	750.475	705556.12
0.0279999776000179	0.0282599773920181	4818.261	743.081	705556.12
0.0420099663920269	0.042119966304027	4900.216	748.602	705556.12
0.0630099495920403	0.0631799494560404	4911.59	745.737	705556.12
0.0940099247920602	0.0941399246880602	4873.545	755.231	705556.12
0.14100988719209	0.14111988710409	4998.171	747.601	705556.12
0.210999831200135	0.211139831088135	4859.349	751.997	705556.12
0.316009747192202	0.316259746992202	4838.926	751.088	705556.12
0.474009620792303	0.474299620560304	4939.867	762.51	705556.12
0.711009431192455	0.711179431056455	4860.966	755.952	705556.12
1.06599914720068	1.06613914708868	4902.525	767.484	705556.12
1.59899872080102	1.59911872070502	4930.446	748.486	705556.12
2.39800808159353	2.39813808148954	4929.259	772.121	705556.12
3.5970071223943	3.5972971221623	4851.108	763.575	705556.12
5.39500568399545	5.39513568389145	4802.12	755.161	705556.12
8.09200352639718	8.09225352619718	4791.904	756.733	705556.12
12.1380002895998	12.1381102895118	4825.728	775.533	705556.12
18.2069954344037	18.2071654342677	4882.073	778.76	705556.12
27.3099881520095	27.3101181519055	4809.26	791.201	705556.12
37.3099801520159	37.3101901518479	4817.711	834.632	705556.12
47.3099721520223	47.3102621517903	4861.055	840.356	705556.12
57.3099541520367	57.3099741520207	4935.549	842.468	705556.12
67.3099561520351	67.3100461519631	4880.656	859.574	705556.12
77.3099481520415	77.3101181519055	4882.762	881.922	705556.12
87.3099401520479	87.3101901518479	4903.636	912.633	705556.12
97.3099321520543	97.3100821519343	4852.485	911.107	705556.12
