0.00100999919200065	0.00107999913600069	2485.175	603.603	705556.12
0.00200999839200129	0.00215999827200138	2502.889	616.503	705556.12
0.00300999759200193	0.00323999740800207	2485.296	618.158	705556.12
0.00400999679200257	0.00413999668800265	2490.637	612.755	705556.12
0.00600999519200385	0.00629999496000403	2516.945	619.864	705556.12
0.00900999279200577	0.00917999265600588	2528.214	607.225	705556.12
0.0130099895920083	0.0133199893440085	2512.442	626.243	705556.12
0.0190099847920122	0.0190799847360122	2511.28	613.389	705556.12
0.0280099775920179	0.028079977536018	2480.639	615.419	705556.12
0.0420099663920269	0.042119966304027	2499.67	609.722	705556.12
0.0630099495920403	0.0631799494560404	2515.956	612.834	705556.12
0.0940099247920602	0.0943199245440604	2469.289	626.877	705556.12
0.14100988719209	0.14129988696009	2513.852	618.08	705556.12
0.211009831192135	0.211139831088135	2509.62	624.861	705556.12
0.316009747192202	0.316079747136202	2479.333	617.595	705556.12
0.474009620792303	0.474119620704303	2481.565	623.46	705556.12
0.711009431192455	0.711179431056455	2511.961	612.352	705556.12
1.06600914719268	1.06613914708868	2481.854	617.342	705556.12
1.59900872079302	1.59911872070502	2490.002	623.982	705556.12
2.39800808159353	2.39831808134553	2488.251	610.58	705556.12
3.5970071223943	3.5971171223063	2506.817	612.808	705556.12
5.39500568399545	5.39513568389145	2511.062	619.479	705556.12
8.09200352639718	8.09225352619718	2511.895	623.935	705556.12
12.1380002895998	12.1381102895118	2507.763	639.374	705556.12
18.2069954344037	18.2071654342677	2498.502	650.61	705556.12
27.3099881520095	27.3101181519055	2499.455	710.714	705556.12
37.3099701520239	37.3101901518479	2513.278	675.618	705556.12
47.3099721520223	47.3102621517903	2517.986	684.222	705556.12
57.3099641520287	57.3101541518767	2484.383	698.615	705556.12
67.3099561520351	67.3100461519631	2487.522	729.691	705556.12
77.3099481520415	77.3101181519055	2497.001	762.172	705556.12
87.3099401520479	87.3101901518479	2479.383	771.127	705556.12
97.3099321520543	97.3100821519343	2485.743	794.357	705556.12
