0.00300999759200193	0.00323999740800207	2518.922	1089.853	705556.12
0.00600999519200385	0.00611999510400392	2533.447	1078.7	705556.12
0.00899999280000576	0.00917999265600588	2509.815	1071.443	705556.12
0.0130099895920083	0.0131399894880084	2513.029	1090.449	705556.12
0.0189899848080122	0.0190799847360122	2504.68	1085.462	705556.12
0.0280099775920179	0.0282599773920181	2496.523	1081.812	705556.12
0.0419999664000269	0.042119966304027	2490.79	1091.874	705556.12
3.5970071223943	3.5971171223063	2505.264	1091.644	705556.12
5.39500568399545	5.39513568389145	2519.472	1093.328	705556.12
12.1380002895998	12.1381102895118	2517.411	1111.775	705556.12
27.3099881520095	27.3101181519055	2477.582	1154.769	705556.12
37.3099801520159	37.3101901518479	2517.289	1152.224	705556.12
67.3099561520351	67.3102261518191	2515.346	1169.649	705556.12
77.3099481520415	77.3101181519055	2514.136	1196.462	705556.12
97.3099321520543	97.3100821519343	2516.321	1222.991	705556.12
