0.000809999352000518	0.0145799883360093	2361.947	2102.117	705556.12
0.003129997496002	0.0563399549280361	2380.539	2101.888	705556.12
0.00490999607200314	0.0883799292960566	2379.806	2103.612	705556.12
0.00744999404000477	0.133919892864086	2369.35	2112.78	705556.12
0.0173199861440111	0.310139751888198	2349.758	2106.691	705556.12
0.0411399670880263	0.731879414496468	2378.944	2101.278	705556.12
0.0616299506960394	1.0918791264967	2386.557	2111.64	705556.12
0.137029890376088	2.33477813217749	2382.199	2106.881	705556.12
0.388329689336249	5.88545529163577	2407.21	2102.324	705556.12
1.06534914772068	15.0899279280577	2350.929	2114.452	705556.12
1.32864893708085	14.1992886405691	2428.712	2106.506	705556.12
3.5900371279703	32.0603143517485	2388.382	2119.544	705556.12
4.38424649260281	27.5651779478576	2393.699	2102.587	705556.12
8.08299353360517	42.7892057686354	2392.209	2096.302	705556.12
18.1437854849716	53.6629970696023	2390.353	2115.303	705556.12
24.6863102509518	48.6314610948311	2359.838	2108.204	705556.12
34.5711123431101	58.3536133171093	2380.005	2103.654	705556.12
90.56058755153	100.0	2377.383	2097.67	705556.12
