0.000919999264000589	0.0163799868960105	2964.854	724.008	705556.12
0.00191999846400123	0.0345599723520221	2935.54	663.594	705556.12
0.00208999832800134	0.0372599701920238	2976.561	693.462	705556.12
0.00209999832000134	0.0377999697600242	2948.461	706.247	705556.12
0.00528999576800339	0.0952199238240609	2957.101	705.003	705556.12
0.00897999281600575	0.161459870832103	2974.769	704.745	705556.12
0.0123799900960079	0.222479822016142	2975.539	695.226	705556.12
0.0198599841120127	0.356219715024228	2970.534	710.268	705556.12
0.0279799776160179	0.501299598960321	2975.236	693.039	705556.12
0.0387799689760248	0.692279446176443	2931.431	692.634	705556.12
0.0636699490640407	1.12931909654472	2967.465	723.705	705556.12
0.0747899401680479	1.31309894952084	2949.258	670.907	705556.12
0.141979886416091	2.47787801769759	2928.505	690.179	705556.12
0.209189832648134	3.58343713325029	2949.97	695.571	705556.12
0.301999758400193	5.02433598053122	2970.553	698.122	705556.12
0.451469638824289	7.23491421206863	2968.681	701.176	705556.12
0.523469581224335	7.88309369352505	2965.071	697.105	705556.12
0.954789236168611	13.2310694151445	2927.113	667.862	705556.12
1.59580872335302	20.1635838691329	2990.065	699.08	705556.12
2.22632821893742	23.452901237679	2942.473	698.28	705556.12
3.55174715860227	31.3329349336521	2957.307	678.55	705556.12
5.19192584645932	34.7349322120542	2932.112	701.48	705556.12
7.53453397237282	36.3221709422632	2942.311	704.253	705556.12
12.1190903047278	47.8167817465746	2980.869	722.934	705556.12
15.689107448714	39.6107683113853	2973.872	727.788	705556.12
27.3087581529935	63.6169891064087	2972.372	739.157	705556.12
33.5587631529895	56.0100151919878	2953.027	766.71	705556.12
47.2784321772543	82.9928936056851	2945.094	747.947	705556.12
56.0999151200679	83.3879932896054	2946.437	798.279	705556.12
66.5152367878106	95.1378438897249	2955.164	799.166	705556.12
73.6622010702391	95.4658036273571	2943.323	802.14	705556.12
84.0438027649578	99.984160012672	2964.542	821.586	705556.12
90.600227519818	100.0	2957.178	824.69	705556.12
