0.000919999264000589	0.0165599867520106	1940.391	1620.916	705556.12
0.00211999830400136	0.0379799696160243	1957.114	1636.671	705556.12
0.00256999794400164	0.0460799631360295	1946.27	1632.903	705556.12
0.0026499978800017	0.0476999618400305	1955.68	1634.812	705556.12
0.00627999497600402	0.113039909568072	1937.481	1625.334	705556.12
0.00854999316000547	0.153899876880098	1948.127	1638.034	705556.12
0.0122899901680079	0.220139823888141	1930.793	1652.527	705556.12
0.0198199841440127	0.355499715600228	1920.547	1637.975	705556.12
0.0240799807360154	0.429839656128275	1954.433	1640.166	705556.12
0.0342099726320219	0.606959514432388	1993.2	1716.289	705556.12
0.0409299672560262	0.730619415504468	1907.817	1628.209	705556.12
0.092229926216059	1.62287870169704	1924.215	1643.82	705556.12
0.137059890352088	2.38859808912153	1957.38	1648.292	705556.12
0.175589859528112	2.98133761492991	1965.747	1635.341	705556.12
0.269849784120173	4.32971653622677	1963.948	1621.681	705556.12
0.313659749072201	5.24285580571536	1908.518	1641.648	705556.12
0.669909464072429	10.1230119015905	1950.052	1665.537	705556.12
0.786649370680503	10.872351302119	1958.188	1649.487	705556.12
1.51773878580897	18.9363448509241	1958.88	1699.331	705556.12
2.37445810043352	25.7289994168005	1932.984	1651.599	705556.12
3.54165716667427	31.1091951126439	1956.372	1655.457	705556.12
3.56877714497828	23.0160415871667	1955.577	1655.933	705556.12
7.90902367278106	40.0638279489376	1977.884	1661.112	705556.12
8.79620296303763	30.3431157255074	1958.084	1650.136	705556.12
18.1889454488436	54.3286365370908	1994.093	1661.027	705556.12
27.0333883732893	60.0096119923104	1990.476	1674.84	705556.12
36.9060704751436	68.5846251322999	1988.645	1702.598	705556.12
44.2262946189643	67.4468460425232	1983.32	1688.309	705556.12
56.8526045179164	88.0492695605843	2023.537	1725.542	705556.12
65.7781473774821	91.8674265060588	2072.8	1757.097	705556.12
76.0176891858487	99.6612402710078	2073.408	1763.685	705556.12
83.8247529401976	99.953560037152	2081.133	1766.505	705556.12
90.60268751785	100.0	2104.124	1771.021	705556.12
