0.00110999911200071	0.0199799840160128	814.727	753.028	705556.12
0.00176999858400113	0.0316799746560203	813.208	760.317	705556.12
0.00221999822400142	0.0399599680320256	840.403	771.339	705556.12
0.00354999716000227	0.0637199490240408	823.82	749.017	705556.12
0.00648999480800415	0.116279906976074	801.163	744.129	705556.12
0.00854999316000547	0.153539877168098	822.953	748.51	705556.12
0.0111399910880071	0.199619840304128	829.891	751.02	705556.12
0.0161399870880103	0.288359769312185	828.966	782.56	705556.12
0.0192299846160123	0.344699724240221	821.291	790.637	705556.12
0.0389499688400249	0.694619444304445	820.916	752.754	705556.12
0.0616099507120394	1.0929591256327	855.608	823.851	705556.12
0.0841599326720539	1.48085881531295	832.149	796.84	705556.12
0.134379892496086	2.3416181267055	797.631	746.587	705556.12
0.207839833728133	3.56183715053028	821.441	760.978	705556.12
0.270289783768173	4.48307641353887	844.711	789.647	705556.12
0.380329695736243	6.04079516736387	832.624	799.815	705556.12
0.694179444656444	10.5465515627587	829.471	783.382	705556.12
1.00129919896064	12.3598701121039	828.914	791.905	705556.12
1.04286916570467	14.7050882359294	817.785	811.887	705556.12
1.82456854034517	18.8641649086681	819.84	786.144	705556.12
3.07653753876997	25.4899596080323	825.161	837.787	705556.12
5.1567758745793	34.2417326066139	855.897	840.647	705556.12
8.07052354358117	42.4077860737711	841.772	809.655	705556.12
11.3550909159273	39.9858880112896	858.748	828.832	705556.12
16.1970770423384	41.1186271050983	853.512	834.962	705556.12
27.3012681589855	63.4944092044726	870.574	852.565	705556.12
34.8121021503183	58.9999928000058	892.154	852.648	705556.12
47.2815821747343	83.1982734413812	909.015	909.158	705556.12
57.0739243408605	90.2641677886658	926.451	887.348	705556.12
65.3808676953058	90.5341675726659	960.101	913.6	705556.12
75.7071194343045	99.1147607081914	942.847	909.831	705556.12
84.1103227117418	99.990280007776	979.015	927.566	705556.12
90.603177517458	100.0	960.871	930.278	705556.12
