0.0011	0.0197999841600127	6.1	0.686	391.04
0.0018	0.0323999740800207	9.04	0.957	817.8
0.00262	0.0471599622720302	13.104	0.649	971.26
0.00286	0.0514799588160329	14.279	0.812	1183.25
0.00576	0.103139917488066	26.746	0.904	2158.75
0.00607	0.10889991288007	27.742	0.896	2162.64
0.00673	0.121139903088078	30.49	1.141	2782.49
0.01866	0.334079732736214	82.407	3.13	7260.13
0.02797	0.498779600976319	121.917	3.735	10643.94
0.04095	0.729719416224467	173.827	4.874	15299.1
0.06159	1.0909791272167	262.169	6.804	23852.13
0.09064	1.59587872329702	376.461	9.004	32550.99
0.10532	1.82771853782517	414.426	9.742	42862.4
0.21047	3.60845711323431	805.911	17.465	71328.43
0.31772	5.3114357508514	1141.641	23.384	101429.57
0.39454	6.27245498203601	1271.344	31.03	120511.81
0.56105	8.42435326051739	1560.955	38.775	164524.92
0.78284	10.7891913686469	1753.228	51.4	313632.92
1.04137	12.7909697672242	1611.263	76.101	347233.07
1.35937	14.4754084196733	809.795	87.169	431666.4
3.21	26.9794584164333	985.822	181.215	633860.23
5.35538	37.0794303364557	1623.673	267.15	722509.38
6.02761	28.178977456818	729.442	202.387	730885.95
11.92748	45.0055439955648	1271.722	325.808	723460.23
16.37634	41.7615865907307	926.908	320.94	733246.5
25.78523	52.1041983166413	1168.565	395.319	753774.26
37.29334	73.445881243295	2130.552	563.016	778304.54
46.85863	78.2434174052661	1735.217	644.434	800381.11
57.00726	89.5708083433533	1868.221	716.706	821498.49
66.06626	93.0304055756755	1884.547	753.362	841878.41
75.97909	99.6193003045598	2057.456	847.282	863913.26
83.94586	99.974980020016	2071.451	844.415	881597.84
90.60009	99.999820000144	2075.967	858.614	896649.74
