0.00107999913600069	0.0192599845920123	15.422	0.771	414.83
0.00209999832000134	0.0376199699040241	26.816	0.913	809.92
0.00275999779200177	0.0494999604000317	33.801	0.652	1359.53
0.00412999669600264	0.0737999409600472	51.467	0.796	1613.66
0.0059399952480038	0.105659915472068	73.59	1.442	2294.62
0.00876999298400561	0.154259876592099	103.108	1.199	3445.74
0.0132399894080085	0.232199814240149	151.948	1.532	4915.88
0.0190399847680122	0.32759973792021	203.744	2.834	7451.98
0.0279599776320179	0.471059623152301	287.628	3.722	11062.46
0.0322599741920206	0.520199583840333	292.532	2.711	3941.08
0.0630499495600404	0.980999215200628	545.098	4.461	22343.01
0.0800799359360513	1.13237909409672	551.296	6.767	29059.67
0.141569886744091	1.86623850700919	851.724	8.042	48905.63
0.198689841048127	1.81871854502516	462.297	8.303	27748.38
0.209179832656134	2.42693805844955	921.921	12.302	71407.4
0.471599622720302	3.6007171194263	792.044	17.769	152568.71
0.707619433904453	4.11731670614664	798.722	21.461	285509
1.07104914316069	4.63679629056297	821.594	26.15	354864.94
1.59711872230502	5.23565581147535	873.405	31.857	471466.8
2.39539808368153	6.04295516563587	915.981	41.233	551844.79
3.5969471224423	7.22411422070862	948.647	48.116	663244.8
5.39368568505145	9.04877276098179	1061.216	66.852	719151.35
8.08657353074118	11.7439106048715	1168.103	93.697	740179.2
12.1359202912638	15.7827473738021	1211.571	132.79	723546.82
18.2065154347877	21.822822541742	1462.599	208.437	736720.88
27.3079681536255	30.9261352590918	1721.28	270.567	757095.66
37.3117601505919	40.9517672385862	2049.605	361.626	778909.18
47.2812721749823	50.5979595216324	2238.284	513.881	801701.62
57.3067341546127	60.953711237031	2677.677	617.604	823282.06
67.3123861500911	70.9739432208454	2841.298	611.18	845648.86
77.3163381469295	80.9655552275558	3093.946	727.17	867179.13
87.3134401492479	90.9409672472262	3244.136	814.606	889900.68
97.1634622692302	99.6855402515678	2957.093	889.061	911131.07
