0.000959999232000614	0.0172799861760111	3.274	0.513	398.97
0.00188999848800121	0.0340199727840218	4.147	0.703	758.69
0.00289999768000186	0.0518399585280332	5.244	0.523	1226.37
0.00412999669600264	0.0737999409600472	7.1	0.805	1633.18
0.00605999515200388	0.107279914176069	9.169	0.686	2310.14
0.00880999295200564	0.155159875872099	12.639	1.141	3622.56
0.0130199895840083	0.227519817984146	18.244	0.903	5045.4
0.0197899841680127	0.338759728992217	27.302	1.371	7771.33
0.0272499782000174	0.458819632944294	39.063	1.615	11021.76
0.0405099675920259	0.665459467632426	54.03	3.295	16237.02
0.0631999494400405	0.989819208144634	82.997	5.109	22812.31
0.09378992496806	1.36529890776087	111.551	5.126	37671.78
0.14077988737609	1.85921851262519	144.45	8.788	52411.44
0.208359833312133	2.37707809833752	175.987	10.923	68146.62
0.314129748696201	3.00077759937792	189.955	15.278	100425.38
0.473329621336303	3.56453714837028	193.032	18.318	138089.35
0.709989432008454	4.11443670845063	199.511	22.484	274213.72
1.07150914279269	4.64867628105898	210.527	24.276	373505.96
1.59798872160902	5.22935581651535	224.116	32.441	478123.89
2.39378808496953	6.02639517888386	280.646	37.306	590004.12
3.5987071210343	7.22735421811663	525.147	49.894	666003.22
5.39571568342745	9.03599277120578	639.5	64.375	718248.7
8.09522352382118	11.7444506044395	892.16	89.303	740874.58
12.1362902909678	15.7802273758181	1136.953	130.936	723218.29
18.2085754331397	21.850002519998	1198.432	187.38	736887.26
27.2761381790895	30.5288755768995	1418.616	263.501	757296.24
37.3136101491119	40.9503272397382	1869.679	365.15	779353.14
47.3138021489583	50.9484192412646	2204.819	453.76	801534.02
57.2894441684447	60.6939714448228	2476.869	541.34	823869.83
67.257436194051	70.321983742413	2793.797	628.691	844836.13
77.3125081499935	80.9529552376358	3212.436	834.447	867098.2
87.2196202243038	90.0604079516736	3446.521	1679.725	890215.72
97.2034822372142	99.8441201247039	3177.26	1878.071	911335.85
