0.000969999224000621	0.0174599860320112	2.587	0.431	391.04
0.00203999836800131	0.0363599709120233	3.784	0.574	802.04
0.00323999740800207	0.0583199533440373	3.842	0.815	1214.62
0.00415999667200266	0.0746999402400478	5.49	0.784	1484.77
0.00623999500800399	0.110339911728071	7.097	0.892	2410.95
0.00912999269600584	0.160739871408103	8.204	1.234	3453.43
0.0128699897040082	0.225179819856144	11.103	0.967	5190.04
0.0193199845440124	0.330119735904211	17.862	1.368	7075.63
0.0269499784400172	0.455399635680291	20.869	1.67	10769.96
0.0407999673600261	0.661859470512424	28.075	2.472	14562.22
0.0621899502480398	0.970199223840621	41.83	3.561	25036.99
0.095279923776061	1.36511890790487	67.869	5.184	34420.65
0.142329886136091	1.86515850787319	102.808	9.481	49058.27
0.210149831880135	2.40785807371354	142.402	11.865	72424.29
0.314549748360201	3.03245757403394	187.122	14.945	102574.27
0.471679622656302	3.57587713929829	233.706	18.637	139406.38
0.712669429864456	4.11551670758663	274.619	19.647	296966.8
1.06912914469668	4.61735630611495	309.719	24.233	365676.94
1.59916872066502	5.20307583753933	338.951	30.349	464041.98
2.39985808011354	6.04259516592387	391.101	38.927	547699.98
3.5980471215623	7.24517420386064	470.432	49.54	666659.71
5.39540568367545	9.05147275882179	608.352	68.83	715636.75
8.09377352498118	11.7377906097675	778.62	95.295	740885.58
12.1401502878798	15.7834673732261	1045.8	137.736	723798.49
18.2064454348437	21.84136252691	1450.562	203.891	737531.89
27.3127981497615	30.9531352374918	2043.216	283.622	757355.97
37.3049101560719	40.9463672429062	2753.115	363.935	779866.6
47.3138021489583	50.9536392370886	3383.782	503.127	800566.69
57.3111341510927	60.956231235015	4089.006	605.839	822950.43
67.3122161502271	70.9496432402854	4725.982	731.625	846094.13
77.3081881534495	80.9425152459878	5394.748	800.592	868379.09
87.3082801533759	90.9710272231782	6000.02	1763.015	890480.33
97.2265722187422	99.9157600673919	6628.287	1929.139	912018.67
