0.000949999240000608	0.0170999863200109	3.347	0.554	418.79
0.00208999832800134	0.037439970048024	4.444	0.698	912.27
0.00313999748800201	0.0561599550720359	6.104	0.569	1214.62
0.00412999669600264	0.0737999409600472	7.412	0.85	1570.72
0.00558999552800358	0.0993599205120636	9.178	0.581	2333.41
0.00922999261600591	0.162719869824104	17.036	0.904	3883.56
0.0129699896240083	0.223919820864143	19.398	0.978	5205.26
0.0196799842560126	0.335699731440215	28.579	1.378	6962.33
0.0277099778320177	0.467279626176299	39.447	1.671	10981.04
0.0420399663680269	0.676799458560433	59.441	2.354	15761.18
0.0631199495040404	0.98441921246463	86.964	3.271	24662.68
0.0914199268640585	1.33037893569685	118.739	4.861	34523.82
0.14126988698409	1.8705585035532	155.816	6.818	50906.22
0.209499832400134	2.41253806996954	188.011	9.602	73448.44
0.314889748088202	2.9696376242899	232.663	13.911	97590.81
0.475379619696304	3.61637710689831	269.586	15.916	147716.53
0.715789427368458	4.13315669347465	334.371	19.775	192211.69
1.06506914794468	4.62671629862696	402.548	25.47	374378.13
1.560208751833	4.73975620819503	327.948	28.559	456781.13
2.39317808545753	6.03161517470786	492.267	38.888	553687.54
3.5964771228183	7.23779420976463	568.115	46.388	661865.4
5.39391568486745	9.05057275954179	685.201	63.028	719888.82
8.08999352800518	11.7460706031435	759.874	89.246	740239.75
12.1383502893198	15.7840073727941	832.504	130.655	722934.17
18.2041354366917	21.853242517406	1031.939	187.414	737429.1
27.3074581540335	30.9533152373478	1376.281	303.549	757049.18
37.0955303235757	39.5969083224733	1696.334	392.567	778611.25
47.2709321832543	50.4903196077443	2036.115	495.295	801696.69
57.3119541504367	60.949391240487	2328.838	619.32	823457.56
67.3108361513311	70.9705232235814	2566.795	631.744	845698.61
77.3073381541295	80.9457552433958	3010.671	829.374	867978.31
87.1001003199197	89.5987083210333	3089.138	799.993	887934.56
97.2273822180942	99.9128800696959	3199.501	1106.866	911429.27
