0.00100999919200065	0.0181799854560116	18.365	0.788	16.05
0.00194999844000125	0.0349199720640224	31.327	0.78	23.32
0.00304999756000195	0.0541799566560347	48.124	0.971	31.81
0.00417999665600267	0.0741599406720475	59.782	1.092	41.68
0.00592999525600379	0.105119915904067	76.265	1.127	61.92
0.00914999268000586	0.160019871984102	108.418	1.484	90.4
0.0132899893680085	0.232559813952149	141.819	1.429	121.78
0.0189499848400121	0.329219736624211	166.368	1.833	177.23
0.0282199774240181	0.475379619696304	193.941	2.282	246.21
0.0431099655120276	0.701459438832449	233.006	3.048	363.49
0.0635999491200407	0.991079207136634	259.517	3.872	541.75
0.0941899246480603	1.36817890545688	284.364	5.078	819.17
0.139039888768089	1.84427852457718	327.983	7.642	1249.11
0.212479830016136	2.42639805888155	366.727	10.998	1924.5
0.314559748352201	3.02273758180993	404.696	15.303	2782.82
0.475059619952304	3.5963971228823	440.443	19.868	4243.36
0.712509429992456	4.13333669333065	508.995	31.34	6350.33
1.06564914748068	4.62221630222696	559.199	42.717	9355.18
1.59634872292102	5.22737581809935	636.939	63.365	13533.66
2.0282783773773	4.27355658115474	490.812	71.929	13216.95
3.5977571217943	7.22231422214862	927.598	142.506	30553.54
5.39762568189945	9.03473277221378	1169.579	200.432	46818.75
8.09118352705318	11.7289706168235	1501.837	296.5	70947.43
12.1408702873038	15.7822073742341	2169.231	482.922	106572.53
18.2152554277957	21.865122507902	2966.348	711.3	156939.64
27.3069781544175	30.9464752428198	4260.865	1046.914	236657.49
37.3168101465519	40.9458272433382	5690.087	1458.2	319957.66
47.3191521446783	50.9718192225446	7094.115	1805.695	405518.75
57.3127341498127	60.950651239479	8297.531	2224.203	496752.84
67.3112161510271	70.9478432417254	9798.885	2587.145	584607.53
77.3111081511135	80.9578152337478	10881.978	2892.889	676369.38
87.3121601502719	90.9584272332582	12691.554	3640.787	760783.87
97.0584123532701	99.4366004507196	13886.068	7776.943	840077.98
