0.00105999915200068	0.0190799847360122	18.64	0.885	15.77
0.0018799984960012	0.0336599730720215	31.716	0.947	23.24
0.00324999740000208	0.0579599536320371	49.251	1.06	30.39
0.0035899971280023	0.0637199490240408	52.599	1.022	44.27
0.00592999525600379	0.105119915904067	79.168	1.176	60.23
0.00939999248000602	0.164519868384105	107.13	1.408	91.84
0.0116699906640075	0.204299836560131	119.933	1.631	100.31
0.0175699859440112	0.300059759952192	158.718	1.833	147.24
0.0282699773840181	0.474659620272304	200.839	2.53	244.39
0.0415499667600266	0.67229946216043	230.579	3.335	367.72
0.0629799496160403	0.976499218800625	261.015	4.2	597.88
0.0946399242880606	1.37681889854488	286.962	5.929	830.76
0.13996988802409	1.85345851723319	325.738	7.628	1208.97
0.211399830880135	2.42909805672155	366.541	11.105	1791.63
0.3129297496562	3.00941759246593	411.721	16.502	2865.62
0.473439621248303	3.5967571225943	456.2	22.377	4170.82
0.708589433128453	4.12541669966664	502.257	32.472	6341.68
1.06822914541668	4.65407627673898	571.734	51.878	9954.76
1.59707872233702	5.21387582889934	630.925	80.137	13790.58
2.37564809948152	5.69357544513964	686.912	93.538	19811.82
3.5952071238343	7.24679420256464	941.555	144.151	32089.25
5.40099567920346	9.03995276803779	1189.256	230.602	46917.44
7.90369367704506	10.4531316374947	1377.557	302.289	65032.69
12.1356102915118	15.8002073598341	2204.617	497.474	104912.32
18.2109554312357	21.82786253771	2992.184	703.465	155847.77
27.3151381478895	30.9520552383558	4302.277	1093.776	236177.89
37.0010203991837	39.3357285314172	5397.416	1425.612	310585.43
47.3132321494143	50.9422992461606	6930.385	1807.137	411007.39
57.3087941529647	60.948491241207	8396.54	2365.221	498551.88
67.2965661627471	70.6794634564292	9851.917	2596.601	578948.53
77.3130881495295	80.9441352446918	11439.993	3102.213	669894.89
87.2824801740159	90.5384875692099	12800.804	3499.881	762435.84
97.1322322942142	99.6176803058558	13965.259	3792.12	845658.26
