0.000949999240000608	0.0170999863200109	17.96	1.387	15.87
0.00206999834400132	0.0368999704800236	34.433	0.954	24.39
0.00334999732000214	0.0601199519040385	50.196	0.997	30.31
0.00385999691200247	0.0689399448480441	54.805	1.031	43.1
0.00583999532800374	0.103679917056066	76.94	1.143	58.91
0.00887999289600568	0.1556998754401	104.339	1.329	87.63
0.0128299897360082	0.224999820000144	133.841	1.578	123.3
0.0195899843280125	0.336239731008215	166.378	2.215	185.87
0.028109977512018	0.472319622144302	204.86	2.618	274.6
0.0417699665840267	0.680939455248436	232.919	3.258	363.57
0.0634499492400406	0.982439214048629	261.116	4.323	551.78
0.0877499298000562	1.26503898796881	246.649	5.573	696.18
0.14020988783209	1.85957851233719	337.92	8.062	1211.73
0.211509830792135	2.42171806262555	380.899	11.031	1808.66
0.316929746456203	3.03263757388994	411.74	16.431	2489.32
0.471399622880302	3.5969371224503	446.741	22.556	4331.63
0.711379430896455	4.13423669261065	504.792	31.677	5665.1
1.07069914344069	4.63409629272297	571.24	45.352	8989.47
1.59673872260902	5.23007581593935	644.599	75.057	14559.13
2.39967808025754	6.03179517456386	756.565	95.738	20907.5
3.49733720213024	6.29711496230803	782.679	136.471	28967.57
5.39715568227545	9.01511278790977	1172.024	219.763	46668.51
8.09447352442118	11.7473306021355	1536.388	314.686	70781.87
12.1393202885438	15.7685273851781	2121.662	498.488	103455.45
18.2099954320037	21.842622525902	2912.801	671.404	157570.76
27.3075381539695	30.9434152452678	4242.808	1088.225	234718.06
37.3093801524959	40.9539272368582	5686.848	1460.273	321647.63
47.3121121503103	50.9565192347846	6978.863	1770.281	405955.01
57.3088541529167	60.941831246535	8474.736	2303.811	499000.14
67.3099061520751	70.9507232394214	9794.928	2633.61	582942.08
77.2851281718975	80.5429155656675	11105.229	3046.546	665530.48
87.3126301498959	90.9586072331142	12627.334	3445.122	760380.59
97.1328222937422	99.6194803044158	14110.629	3798.234	845671.95
