0.00111999910400072	0.0199799840160128	19.35	0.797	17.2
0.0020299983760013	0.0361799710560232	34.448	0.983	24.42
0.00278999776800179	0.050039959968032	43.792	0.906	29.03
0.00422999661600271	0.0752399398080481	59.241	1.186	42.8
0.00554999556000355	0.0986399210880631	73.328	1.1	61.95
0.00894999284000573	0.157679873856101	101.566	1.306	88.82
0.0129699896240083	0.225719819424144	130.35	1.644	108.96
0.0189699848240121	0.32795973763221	164.784	1.974	190.49
0.0287599769920184	0.480599615520308	195.565	2.42	289.29
0.0427699657840274	0.700919439264449	230.002	3.466	332.23
0.0633999492800406	0.980459215632628	253.104	4.421	528.21
0.0949999240000608	1.37537889969688	281.151	5.629	755.06
0.14003988796809	1.85111851910518	314.662	7.811	1162.69
0.210309831752135	2.41577806737755	350.157	11.329	1713.86
0.314559748352201	3.01247759001793	386.25	15.615	2517.77
0.463309629352297	3.44951724038621	380.582	20.853	3786.87
0.713069429544456	4.13441669246665	475.754	31.462	6893.79
1.06893914484868	4.63445629243497	529.594	46.285	10505.11
1.33576893138485	3.70727703417837	405.749	51.303	8100.76
2.39594808324153	6.03251517398786	711.797	102.07	20640.91
3.6008371193303	7.25759419392464	865.205	138.118	31956.49
5.1605858715313	7.59833392133286	893.097	190.896	41509.93
8.10124351900518	11.7397706081835	1465.566	315.183	72563.78
12.1431902854478	15.7665473867621	2049.097	481.777	109132.2
18.2079454336437	21.859722512222	2800.172	676.793	158475.57
27.3139081488735	30.9651952278438	3969.612	1031.606	240588.12
37.3124701500239	40.9654472276422	5272.952	1381.088	329290.78
47.3107021514383	50.9554392356486	6715.003	1922.168	412763.77
57.2500541999566	60.2929317656546	7936.677	2180.526	497768.98
67.3113261509391	70.9266032587174	9124.878	2576.38	585819.12
77.3163381469295	80.9403552477158	10665.84	2956.48	678627.64
87.3052701557839	90.9566272346982	11594.276	3220.595	762619.93
97.2258222193422	99.9092800725759	12793.967	3658.745	847650.57
