0.000929999256000595	0.0167399866080107	16.805	0.722	16.1
0.00213999828800137	0.0383399693280245	32.884	0.803	24.65
0.00316999746400203	0.0568799544960364	47.701	0.873	31.72
0.00402999677600258	0.0721799422560462	59.35	0.998	42.8
0.00617999505600396	0.10997991201607	81.57	1.074	58.99
0.00711999430400456	0.12563989948808	81.618	1.14	21.73
0.0122099902320078	0.213479829216137	135.645	1.368	118.8
0.0195699843440125	0.336419730864215	174.943	1.765	190.52
0.0273699781040175	0.464039628768297	195.189	2.123	274.72
0.0410899671280263	0.670499463600429	225.065	2.732	361.96
0.0630899495280404	0.985139211888631	263.093	3.637	607.93
0.0933099253520597	1.36007891193687	293.532	5.157	919.71
0.14047988761609	1.84625852299318	324.057	7.635	1195.65
0.212059830352136	2.43791804966556	361.612	10.138	1872.14
0.317059746352203	3.04703756236995	405.523	14.966	2751.67
0.363219709424232	2.5016379986896	286.856	14.415	1091
0.716489426808459	4.13423669261065	503.388	29.624	6158.78
1.06616914706468	4.62491630006696	548.493	40.829	10421.53
1.59403872476902	5.10299591760327	582.706	60.767	13985.02
2.40289807768154	6.03701517038786	730.657	94.143	23516.09
3.5969771224183	7.23617421106063	906.897	138.515	31227.39
5.10150591879527	7.44731404214877	917.609	184.176	40229.07
8.08989352808518	11.7289706168235	1500.382	296.164	67940.7
12.1372202902238	15.7701473838821	2036.967	449.514	106872.29
18.2129354296517	21.828582537134	2820.598	648.89	163572.03
27.3097581521935	30.9488152409478	4093.304	979.287	238823.91
37.3116701506639	40.9685072251942	5422.415	1367.428	329060.64
47.3128021497583	50.9588592329126	6695.247	1685.089	413837.91
57.3098241521407	60.951371238903	7982.806	2103.84	504897.62
67.3107861513711	70.9447832441734	9481.098	2442.018	589975.08
77.3129981496015	80.9448552441158	10718.496	2835.981	674983.9
87.3104801516159	90.9265672587462	12010.915	3432.888	760998.97
96.9785924171261	99.2447206042235	13261.635	7419.687	843225
