0.000969999224000621	0.0174599860320112	17.269	0.772	15.75
0.00200999839200129	0.0356399714880228	32.015	0.878	23.27
0.00354999716000227	0.0635399491680407	52.38	1.052	45.92
0.00364999708000234	0.0649799480160416	49.218	1.014	17.54
0.00915999267200586	0.161819870544104	104.368	1.292	87.53
0.0135699891440087	0.236879810496152	138.079	1.575	120.44
0.0186499850800119	0.321479742816206	167.839	1.739	164.84
0.0276199779040177	0.464579628336297	195.688	2.28	253.16
0.0423499661200271	0.688499449200441	233.415	2.831	363.49
0.0628299497360402	0.977579217936626	258.823	3.837	546.08
0.0945899243280605	1.37789889768088	296.061	5.602	810.46
0.211009831192135	2.42675805859355	360.542	10.346	1885.8
0.317019746384203	3.04127756697795	409.271	14.559	2715.79
0.473869620904303	3.57029714376228	452.534	21.665	4512.54
0.706299434960452	4.10615671507463	495.762	28.949	5935.48
1.06533914772868	4.63013629589096	554.073	41.571	9468.82
1.59885872091302	5.23025581579535	630.073	61.404	14717.33
2.39802808157753	6.05087515929987	743.881	87.874	21144.07
3.5939071248743	7.23383421293263	901.633	138.549	30665.18
5.39835568131546	9.03473277221378	1175.865	202.368	46921.37
8.09653352277318	11.7406706074635	1533.343	308.023	69512.6
12.1374702900238	15.7897673681861	2065.62	452.298	104631.47
18.2014954388037	21.84406252475	2866.551	665.065	157288.63
27.3088481529215	30.9471952422438	4186.594	1007.757	233473.43
37.3106101515119	40.9533872372902	5565.513	1407.342	321750.05
47.3017421586063	50.7977593617925	6784.373	1789.628	404629.9
67.3208261433391	70.9608032313574	9741.933	2561.105	580157.71
77.3088381529295	80.9556552354758	10896.996	2836.862	673527.55
87.3045701563439	90.9166672666662	12359.999	3570.156	758226.93
