0.00102999917600066	0.0185399851680119	17.836	0.873	15.78
0.00319999744000205	0.0568799544960364	47.907	0.945	33.19
0.00594999524000381	0.105839915328068	80.08	1.14	64.62
0.00942999245600603	0.166139867088106	111.348	1.374	94.55
0.0129799896160083	0.227519817984146	138.398	1.659	131.68
0.0184199852640118	0.319319744544204	173.631	1.993	181.67
0.0637799489760408	0.992699205840635	271.167	4.303	661.14
0.0941099247120602	1.38005889595288	296.419	5.99	919.71
0.318169745464204	3.03155757475394	408.91	16.611	3075.11
2.37752809797752	5.77025538379569	676.591	91.764	19986.67
3.60347711721831	7.22771421782863	907.166	137.704	31812.31
5.39070568743545	9.04463276429379	1161.292	216.95	49911.55
8.09740352207718	11.7304106156715	1558.333	304.662	71590.72
18.2035954371236	21.851082519134	2965.89	697.688	161422.16
27.3122581501935	30.9527752377798	4167.953	1041.895	238469.79
37.3117301506159	40.9465472427622	5582.902	1430.681	326350.88
57.3107641513887	60.945431243655	8534.462	2194.011	500334.12
67.3071961542431	70.9653032277574	9824.832	2855.213	587848.67
77.3113381509295	80.9392752485798	11159.25	2981.599	673479.27
87.3163301469359	90.9472672421862	12551.36	3456.581	761202.19
97.2013022389582	99.8273801380959	13813.403	3736.777	847076.86
