0.00110999911200071	0.0197999841600127	19.594	0.769	14.66
0.00206999834400132	0.0365399707680234	32.184	0.813	22.9
0.00253999796800163	0.045359963712029	40.296	0.869	29.03
0.00348999720800223	0.0617399506080395	52.738	0.937	47.23
0.00604999516000387	0.107639913888069	80.729	1.051	61.8
0.00918999264800588	0.162719869824104	109.02	1.249	88.82
0.0123399901280079	0.215819827344138	130.373	1.667	117.33
0.0192699845840123	0.332639733888213	166.396	1.713	159.12
0.0272099782320174	0.458279633376293	193.164	2.135	253.43
0.0383899692880246	0.585719531424375	144.902	2.586	117.33
0.0418199665440268	0.680399455680435	231.35	3.1	430.69
0.09376992498406	1.36115891107287	298.533	5.344	798.41
0.13986988810409	1.84715852227318	324.436	7.489	1358.19
0.214269828584137	2.44673804260957	365.612	11.306	1684.07
0.3130997495202	3.00581759534592	402.003	15.375	2699.87
0.475359619712304	3.61385710891431	458.039	21.62	4466.51
0.710739431408455	4.15691667446666	503.152	28.866	6053.04
1.07240914207269	4.63139629488296	548.975	41.717	9878.47
1.59858872112902	5.22665581867535	640.404	60.302	14164.71
2.37762809789752	5.7832153734277	673.857	89.021	20003.16
3.5943471245223	7.23545421163663	905.22	138.177	29417.6
5.40290567767546	9.03797276962178	1155.067	195.933	47688.73
8.09373352501318	11.7401306078955	1517.158	292.614	69782.49
12.1382302894158	15.7825673739461	2013.412	444.68	106533.04
18.2070254343797	21.874302500558	2811.856	680.584	158244.93
27.3122681501855	30.9551152359078	4076.619	988.128	239509.93
37.3136201491039	40.9699472240422	5405.506	1380.941	329248.67
47.3133621493103	50.9557992353606	6768.995	1727.355	413377.12
57.3110741511407	60.952991237607	8115.072	2147.959	497899.82
67.3131561494751	70.9561232351014	9514.153	2489.964	590022.78
77.3094081524735	80.9488152409478	10866.683	2870.05	680922.8
87.3160801471359	90.9400672479462	12170.111	3441.184	762129.06
97.1717722625822	99.7343202125438	13350.199	7437.091	847342.69
