0.000909999272000582	0.0163799868960105	5.232	0.836	15.87
0.00220999823200141	0.0394199684640252	8.023	1.027	24.34
0.0028199977440018	0.0505799595360324	8.507	1.02	31.98
0.00391999686400251	0.0700199439840448	9.573	1.086	41.71
0.0060999951200039	0.108539913168069	12.634	1.183	58.76
0.00915999267200586	0.161999870400104	15.492	1.418	83.28
0.0133099893520085	0.233099813520149	19.576	1.615	117.45
0.0191699846640123	0.32849973720021	29.693	2.008	166.01
0.0288999768800185	0.48509961192031	30.076	2.493	255.92
0.0416899666480267	0.682199454240437	36.733	3.047	384.56
0.0631299494960404	0.982079214336628	54.099	4.466	607.55
0.0928699257040594	1.34639892288086	71.316	5.312	810.46
0.142309886152091	1.86569850744119	95.807	9.409	1293.37
0.212159830272136	2.43575805139356	130.327	12.476	1805.53
0.314959748032202	3.02669757864194	159.612	16.331	2879.94
0.476319618944305	3.5980171215863	264.2	23.293	4471.1
0.710369431704455	4.11389670888263	380.267	34.027	6297.72
1.06345914923268	4.64525628379497	491.396	47.572	9752.06
1.59554872356102	5.22989581608335	653.07	64.344	13772.5
2.39357808513753	6.03431517254786	865.365	96.114	20820.36
3.5999271200583	7.24391420486864	1199.21	139.213	31668.16
5.39505568395545	9.05039275968579	1683.592	212.033	47174.19
8.08882352894118	11.7316706146635	2427.24	303.773	70892.17
12.1433902852878	15.7818473745221	3544.037	455.46	106595.7
18.2072854341717	21.833082533534	5203.816	684.867	157358.18
27.3104681516255	30.9369352504518	7696.054	1040.543	234553.1
37.3080201535839	40.9343072525542	10414.272	1397.878	322057.96
47.3104521516383	50.9514792388166	13188.107	1737.334	411547.28
57.3113141509487	60.960011231991	15995.713	2206.329	503269.11
67.3086161531071	70.9476632418694	18587.799	2647.498	580931.86
77.3111481510815	80.9457552433958	21177.648	2983.503	670024.58
87.3080501535599	90.9024472780422	24074.288	3357.922	762062.65
97.1695722643422	99.7188402249278	26388.006	3710.507	845731.91
