0.00101	0.00107999913600069	1.012	0.463	15.51
0.00201	0.00215999827200138	0.948	0.648	24.93
0.00301	0.00323999740800207	1.11	0.475	29.19
0.004	0.00413999668800265	1.148	0.556	45.44
0.00601	0.00611999510400392	1.506	0.482	56.2
0.00901	0.00917999265600588	1.516	0.56	92.8
0.01301	0.0131399894880084	1.423	0.755	117.19
0.019	0.0190799847360122	1.844	0.696	183.74
0.02801	0.0282599773920181	2.136	0.74	216.12
0.04201	0.042119966304027	2.869	0.818	358.57
0.06301	0.0631799494560404	3.449	1.006	579.75
0.09401	0.0941399246880602	4.346	1.215	829.36
0.14101	0.14111988710409	5.696	1.136	1240.3
0.21101	0.211139831088135	7.766	1.571	1795.24
0.31601	0.316079747136202	9.814	2.358	2773.17
0.47401	0.474119620704303	14.982	3.615	4275.18
0.71101	0.711179431056455	19.16	5.459	6183.8
1.066	1.06631914694468	26.916	7.659	8551.05
1.59901	1.59911872070502	39.308	13.048	14091.25
2.39801	2.39831808134553	59.859	20.205	20582.27
3.59701	3.5971171223063	90.024	26.212	29433.67
5.39501	5.39531568374745	132.579	41.794	45530.71
8.09201	8.09225352619718	186.653	59.98	68045.7
12.13801	12.1382902893678	273.415	94.163	103892.64
18.20701	18.2071654342677	407.288	140.623	153835.89
27.31001	27.3102981517615	594.446	205.39	232159.72
37.31001	37.3101901518479	811.074	270.606	322357.34
47.31001	47.3100821519343	1023.579	360.965	405725.96
57.31001	57.3101541518767	1251.802	433.738	491373.74
67.31001	67.3100461519631	1454.388	483.027	581104.8
77.31001	77.3101181519055	1652.359	568.531	666638.72
87.31001	87.3101901518479	1850.832	635.827	754823.16
97.31001	97.3100821519343	2056.468	1632.435	841778.61
