0.00099999920000064	0.00107999913600069	1.009	0.368	15.47
0.00200999839200129	0.00215999827200138	0.876	0.56	23.51
0.00300999759200193	0.00323999740800207	1.07	0.515	30.23
0.00400999679200257	0.00413999668800265	1.303	0.534	42.5
0.00600999519200385	0.00611999510400392	1.347	0.524	57.59
0.00900999279200577	0.00917999265600588	1.375	0.623	80.38
0.0130099895920083	0.0131399894880084	1.387	0.795	130.59
0.0190099847920122	0.0192599845920123	2.071	0.672	178.13
0.0279999776000179	0.028079977536018	2.1	0.691	261.06
0.0419999664000269	0.042119966304027	3.263	0.804	368.07
0.0630099495920403	0.0631799494560404	3.556	0.735	530.91
0.0940099247920602	0.0941399246880602	5.028	0.997	823.86
0.14099988720009	0.14111988710409	5.547	1.581	1123.78
0.211009831192135	0.211139831088135	6.813	1.61	1941.82
0.316009747192202	0.316259746992202	10.661	2.238	2632.2
0.474009620792303	0.474119620704303	13.778	3.583	4094.7
0.711009431192455	0.711179431056455	19.542	5.507	5548.73
1.06600914719268	1.06613914708868	28.97	8.017	9172.19
1.59899872080102	1.59929872056102	39.703	13.19	13936.38
2.39800808159353	2.39813808148954	56.089	18.661	20026.08
3.5970071223943	3.5971171223063	83.21	27.656	31304.48
5.39499568400345	5.39513568389145	129.364	40.566	45678.43
8.09199352640518	8.09207352634118	184.476	63.267	68985.82
12.1380002895998	12.1381102895118	275.962	96.818	102476.29
18.2069954344037	18.2071654342677	400.865	134.824	156330.43
27.3099881520095	27.3101181519055	597.535	201.465	237122.05
37.3099801520159	37.3100101519919	800.282	272.694	319400.08
47.3099621520303	47.3102621517903	1014.746	350.559	409036.24
57.3099641520287	57.3101541518767	1241.957	404.097	493814.46
67.3099561520351	67.3100461519631	1422.166	496.832	580615.22
77.3099481520415	77.3101181519055	1639.397	557.506	667112.22
87.3099401520479	87.3100101519919	1840.195	659.673	756862.46
97.3099221520623	97.3100821519343	2058.426	1633.658	842236.08
