0.00099999920000064	0.00125999899200081	0.862	0.463	15.5
0.00200999839200129	0.00215999827200138	0.982	0.476	22.09
0.00300999759200193	0.00305999755200196	1.118	0.547	31.78
0.00400999679200257	0.00431999654400277	1.292	0.507	42.59
0.00600999519200385	0.00611999510400392	1.28	0.563	55.98
0.00899999280000576	0.00917999265600588	1.538	0.485	84.66
0.0130099895920083	0.0131399894880084	1.409	0.749	114.42
0.0190099847920122	0.0190799847360122	1.989	0.622	172.78
0.0280099775920179	0.0282599773920181	2.103	0.759	231.21
0.0420099663920269	0.0422999661600271	2.741	0.846	357.21
0.0630099495920403	0.0631799494560404	3.401	0.697	581.15
0.0940099247920602	0.0941399246880602	4.771	1.218	883.77
0.14100988719209	0.14129988696009	5.67	1.286	1103.55
0.211009831192135	0.211139831088135	6.991	2.238	1723.32
0.315999747200202	0.316259746992202	10.132	2.283	2770.7
0.473999620800303	0.474119620704303	15.179	3.408	3868.24
0.711009431192455	0.711179431056455	17.552	5.006	5707.68
1.06600914719268	1.06613914708868	26.689	7.591	8868.41
1.59900872079302	1.59911872070502	38.561	12.126	13273.16
2.39800808159353	2.39813808148954	58.138	17.803	20186.3
3.5969971224023	3.5971171223063	86.49	28.834	31008.84
5.39500568399545	5.39531568374745	122.698	42.629	47200.83
8.09200352639718	8.09207352634118	191.085	57.93	67452.7
12.1380002895998	12.1382902893678	273.586	89.084	107225.89
18.2069954344037	18.2071654342677	406.99	123.83	159956.53
27.3099881520095	27.3101181519055	595.788	203.976	236792.14
37.3099801520159	37.3101901518479	794.376	258.135	320713.22
47.3099721520223	47.3102621517903	1026.343	347.848	406957.76
57.3099641520287	57.3101541518767	1236.531	410.237	494008.35
67.3099561520351	67.3100461519631	1427.782	487.182	581946.11
77.3099481520415	77.3101181519055	1651.706	560.57	670541.46
87.3099401520479	87.3101901518479	1852.127	617.138	757016.9
97.3099221520623	97.3100821519343	2033.711	1612.769	842676.78
