0.00100999919200065	0.00107999913600069	1.052	0.404	15.54
0.00200999839200129	0.0023399981280015	1.039	0.616	22.23
0.00300999759200193	0.00323999740800207	1.346	0.632	31.81
0.00400999679200257	0.00413999668800265	1.395	0.612	45.42
0.00600999519200385	0.00611999510400392	1.426	0.63	58.72
0.00900999279200577	0.00917999265600588	1.45	0.701	87.36
0.0130099895920083	0.0131399894880084	1.665	0.82	110.25
0.0190099847920122	0.0192599845920123	1.947	0.529	189.06
0.0279999776000179	0.0282599773920181	2.461	0.878	254.19
0.0420099663920269	0.042119966304027	2.761	0.689	334.14
0.0630099495920403	0.0631799494560404	3.45	0.9	566.36
0.0940099247920602	0.0941399246880602	4.912	1.458	711.3
0.14100988719209	0.14111988710409	5.936	1.532	1180.57
0.210999831200135	0.211139831088135	7.892	1.975	1846.75
0.316009747192202	0.316259746992202	10.236	2.786	2691.96
0.474009620792303	0.474299620560304	16.623	5.456	4089.25
0.711009431192455	0.711179431056455	19.02	5.784	5655.99
1.06600914719268	1.06631914694468	29.294	9.702	8707.09
1.59900872079302	1.59911872070502	46.387	14.332	14085.64
2.39800808159353	2.39813808148954	60.671	18.849	20460.26
3.5970071223943	3.5971171223063	81.489	28.512	30997.82
5.39500568399545	5.39531568374745	121.474	40.585	45406.1
8.09200352639718	8.09225352619718	183.709	61.481	69570.26
12.1379902896078	12.1381102895118	270.404	90.303	104344.48
18.2069954344037	18.2071654342677	400.083	139.339	155831.38
27.3099881520095	27.3101181519055	593.802	192.135	236257.61
37.3099701520239	37.3101901518479	814.84	271.118	323005.7
47.3099621520303	47.3100821519343	1015.639	343.205	408960.32
57.3099641520287	57.3101541518767	1209.485	412.38	492319.53
67.3099561520351	67.3102261518191	1431.501	492.985	579941.1
77.3099481520415	77.3101181519055	1643.353	550.376	667710.61
87.3099401520479	87.3100101519919	1840.279	647.556	756885.38
97.3099321520543	97.3100821519343	2063.168	692.156	842572.58
