0.001	0.00107999913600069	0.923	0.61	16.69
0.00201	0.00215999827200138	1.019	0.388	23.55
0.00301	0.00323999740800207	1.301	0.408	27.68
0.00401	0.00413999668800265	1.217	0.499	46.5
0.00601	0.00629999496000403	1.169	0.443	57.53
0.00901	0.00917999265600588	1.484	0.452	90
0.01301	0.0131399894880084	1.354	0.46	114.56
0.01901	0.0192599845920123	2.212	0.562	170.07
0.02801	0.028079977536018	2.341	0.643	262.12
0.042	0.0422999661600271	3.232	0.772	366.64
0.06301	0.0631799494560404	3.521	0.843	578.45
0.09401	0.0941399246880602	4.655	1.155	822.43
0.14101	0.14111988710409	5.854	1.412	1137.43
0.21101	0.211319830944135	7.775	2.685	1751.93
0.316	0.316079747136202	11.844	3.146	2567.09
0.47401	0.474119620704303	14.901	4.561	3768.97
0.71101	0.711179431056455	22.706	8.206	6765.6
1.06601	1.06613914708868	31.948	11.599	8677.11
1.59901	1.59911872070502	48.539	17.431	13894.35
2.39801	2.39831808134553	68.102	23.708	19650.27
3.59701	3.5971171223063	100.148	36.038	30794.32
5.39501	5.39513568389145	147.461	55.207	48190.91
8.09201	8.09225352619718	211.315	74.852	68376.71
12.13801	12.1382902893678	318.998	117.769	103330.99
18.20701	18.2071654342677	460.477	175.523	156924.73
27.31	27.3101181519055	703.921	270.121	235522.49
37.31001	37.3101901518479	951.023	349.364	319379.58
47.31001	47.3100821519343	1196.198	455.801	407790.82
57.31001	57.3101541518767	1452.439	576.969	491483.7
67.31001	67.3100461519631	1672.439	640.787	579494.72
77.31001	77.3101181519055	1931.848	717.012	666618.3
87.31001	87.3101901518479	2197.445	854.399	755480.96
97.31001	97.3100821519343	2409.202	2003.851	841906.38
