0.00101	0.00107999913600069	0.998	0.608	15.51
0.00201	0.00215999827200138	1.431	0.665	24.92
0.003	0.00305999755200196	1.708	0.645	29.19
0.00401	0.00413999668800265	2.346	0.556	45.16
0.00601	0.00611999510400392	2.673	0.685	61.52
0.00901	0.00917999265600588	3.674	0.762	75.22
0.01301	0.0131399894880084	4.862	0.621	117.28
0.01901	0.0192599845920123	6.977	0.739	172.83
0.02801	0.028079977536018	9.789	0.734	262.16
0.04201	0.0422999661600271	3.182	0.87	362.75
0.063	0.0631799494560404	20.698	1.011	548.62
0.09401	0.0941399246880602	30.821	1.414	789.99
0.14101	0.14129988696009	45.691	1.861	1218.59
0.21101	0.211139831088135	67.308	2.542	1921.51
0.31601	0.316079747136202	103.133	4.506	2503.21
0.47401	0.474119620704303	150.184	5.38	3960.28
0.71101	0.711179431056455	222.06	9.129	5459.26
1.06601	1.06613914708868	272.76	12.373	9824.57
1.59901	1.59929872056102	438.349	17.771	13608.09
2.39801	2.39813808148954	668.354	26.142	20959.46
3.59701	3.5972971221623	809.576	37.7	31029.22
5.39501	5.39513568389145	950.588	55.571	47321.48
8.09201	8.09225352619718	1608.456	86.315	68730.55
12.13801	12.1381102895118	1855.987	128.508	102461.52
18.20701	18.2071654342677	2116.924	185.597	156642.55
27.31001	27.3101181519055	2676.523	273.101	233437.35
37.31	37.3101901518479	4274.523	390.612	320460.74
47.31	47.3100821519343	4592.889	479.003	405356.89
57.31001	57.3101541518767	5935.345	589.291	491953.08
67.31001	67.3100461519631	6313.978	687.77	580332.92
77.31001	77.3101181519055	6261.751	784.776	667489.24
87.31001	87.3100101519919	7456.224	875.718	755812.3
97.31001	97.3100821519343	8525.248	971.454	841812.66
