0.00101	0.00125999899200081	1.089	0.452	15.44
0.00201	0.00215999827200138	0.964	0.412	23.47
0.003	0.00305999755200196	1.186	0.581	29.07
0.00401	0.00413999668800265	1.416	0.64	44.08
0.00601	0.00611999510400392	1.467	0.608	60.06
0.00901	0.00917999265600588	1.756	0.51	80.68
0.01301	0.0131399894880084	1.955	0.765	117.19
0.01901	0.0190799847360122	3.047	0.635	160.63
0.02801	0.0282599773920181	2.973	0.7	252.94
0.04201	0.042119966304027	4.362	0.854	388.51
0.06301	0.0631799494560404	6.779	1.299	578.53
0.09401	0.0943199245440604	7.337	1.338	783.19
0.14101	0.14129988696009	9.185	1.746	1065.49
0.21101	0.211139831088135	14.05	2.532	1751.93
0.31599	0.316259746992202	26.917	3.404	2713.57
0.47401	0.474119620704303	41.526	5.453	3910.21
0.71101	0.711179431056455	40.024	8.826	5517.6
1.06601	1.06613914708868	52.706	12.13	9009.57
1.599	1.59911872070502	81.178	15.99	12460.66
2.39801	2.39813808148954	135.413	24.939	21058.42
3.59701	3.5971171223063	163.222	38.637	30970.72
5.395	5.39513568389145	254.418	54.247	45654.07
8.092	8.09207352634118	368.468	78.871	70390.93
12.138	12.1381102895118	547.457	115.556	102649.91
18.20701	18.2071654342677	771.061	177.592	156189.39
27.31001	27.3101181519055	1165.619	264.886	236200.6
37.31001	37.3101901518479	1637.551	352.414	319078.26
47.31001	47.3100821519343	2072.692	477.435	406296.98
57.31001	57.3101541518767	2566.572	557.898	495201.91
67.31	67.3100461519631	2925.627	642.703	583915.76
77.31001	77.3101181519055	3693.819	752.519	668734.42
87.31001	87.3101901518479	3709.871	840.645	754622.4
97.31001	97.3100821519343	4201.838	957.203	842100.06
