0.00045	0.00809999352000518	3.766	0.46	212.24
0.0017	0.0305999755200196	11.084	0.587	738.98
0.00247	0.0444599644320285	15.368	0.675	1014.48
0.00351	0.0631799494560404	21.703	0.506	1285.14
0.00393	0.0707399434080453	24.169	0.832	1828.13
0.00717	0.129059896752083	42.557	0.71	2863.62
0.00999	0.179639856288115	58.615	0.856	4144.15
0.0157	0.282419774064181	92.362	1.066	6260.04
0.02139	0.383759692992246	124.441	1.583	8906.14
0.02523	0.45323963740829	148.508	2.66	9920.02
0.05344	0.955619235504612	310.892	3.854	20175.21
0.0776	1.38419889264089	450.79	6.931	25517.09
0.10329	1.83509853192117	593.069	8.865	35893.76
0.14605	2.57201794238565	834.247	12.687	45357.69
0.26988	4.70483623613101	1531.416	18.36	88192.36
0.35159	6.02603517917186	1937.008	25.662	111115.11
0.39445	6.63155469475624	1991.128	30.237	119517.77
0.74278	11.9906904074477	2703.99	70.124	185972.02
0.8212	12.7085298331761	1997.9	71.457	303205.88
2.00278	28.3132573493941	2158.115	176.255	514193.86
2.08084	26.7886585690731	1610.752	163.849	537940.02
3.78397	41.1699270640583	1762.234	266.507	663262.6
6.31061	55.4905356075715	1872.928	376.832	734750.51
11.14752	77.1279582976334	1870.785	536.89	722018.76
17.08574	88.2721093823125	1865.291	607.841	734897.88
19.23452	72.2299822160142	1926.332	547.805	739298.6
31.64176	89.8222681421855	1924.718	666.86	767420.15
41.45585	96.4343828524937	2086.191	1639.872	788652.05
51.64553	99.7586201931039	2045.84	1637.255	811350.43
57.42964	99.5136403890877	2082.537	1649.084	824498.52
65.19634	99.9280000576	2090.85	1678.284	841407.58
72.96063	99.999640000288	2088.205	1684.781	858096.11
78.65325	100.0	2129.554	1703.556	871032.07
