0.000629999496000403	0.0113399909280073	1.634	0.552	295.77
0.00175999859200113	0.0316799746560203	2.072	0.461	707.43
0.0026599978720017	0.0478799616960306	2.463	0.492	1010.56
0.00295999763200189	0.0532799573760341	2.577	0.613	1214.62
0.00506999594400324	0.0910799271360583	3.7	0.647	1832.03
0.00723999420800463	0.130139895888083	4.029	0.926	2906.24
0.0107099914320069	0.192419846064123	5.254	0.945	3921.91
0.010929991256007	0.196739842608126	4.924	0.934	4105.83
0.0217099826320139	0.39077968737625	9.165	2.195	8659.52
0.026529978776017	0.475739619408304	13.613	2.605	10840.34
0.0433699653040278	0.774539380368496	15.086	4.051	16070.03
0.0806399354880516	1.44089884728092	28.838	5.838	30157.57
0.12552989957608	2.22659821872143	43.567	9.715	41739.09
0.193279845376124	3.39803728157017	64.658	16.07	59891.56
0.244689804248157	4.20587663529869	75.923	17.597	78381.46
0.248359801312159	4.32647653881877	81.517	19.687	86046.18
0.405379675696259	6.80219455824435	120.209	31.837	123511.29
0.92221926222459	14.9018280785375	256.561	87.549	333358.19
1.34217892625686	20.5248435801251	333.659	136.209	437397.06
2.10632831493735	29.8864560908351	446.078	211.715	515362.32
3.05433755652995	38.7314690148248	533.013	269.932	629959.92
4.24346660522672	45.8947432842054	617.132	318.191	688358.11
4.64072628741897	42.4634060292752	594.837	296.849	699283.99
10.3718617025106	70.5505835595332	876.913	487.97	730499.13
12.9297396562083	65.8885872891302	854.551	477.869	725992.98
24.0570407543674	87.6899898480081	1031.164	647.18	748810.17
34.5601123519101	97.5350819719344	1142.566	1037.82	771894.27
41.5123267901386	96.5510227591818	1147.044	1012.158	787670.14
48.3131413494869	97.3675021059983	1169.887	1033.221	802757.8
56.28047497562	99.0821807342554	1194.33	1040.391	820379.01
66.1400170879863	99.978580017136	1244.562	1069.061	842197.91
72.7721617822706	99.998020001584	1262.929	1079.116	857109.46
78.7015170387864	99.999640000288	1275.696	1112.251	870274.43
