0.00199999840000128	0.0179999856000115	1681.491	498.466	705556.12
0.00199999840000128	0.0179999856000115	1658.596	497.13	705556.12
0.00399999680000256	0.0221399822880142	1648.804	500.113	705556.12
0.0049999960000032	0.0219599824320141	1687.23	494.967	705556.12
0.00699999440000448	0.0239399808480153	1658.431	501.825	705556.12
0.0099999920000064	0.028079977536018	1661.441	496.202	705556.12
0.013999988800009	0.0320399743680205	1642.914	501.456	705556.12
0.0199999840000128	0.035999971200023	1678.07	492.431	705556.12
0.0289999768000186	0.0460799631360295	1750.443	533.195	705556.12
0.0429999656000275	0.0599399520480384	1634.104	504.248	705556.12
0.063999948800041	0.0818999344800524	1673.331	490.376	705556.12
0.0939999248000602	0.10997991201607	1647.854	498.077	705556.12
0.141999886400091	0.160019871984102	1643.789	542.319	705556.12
0.211999830400136	0.230039815968147	1740.731	500.721	705556.12
0.316999746400203	0.334079732736214	1642.064	495.868	705556.12
0.474999620000304	0.492119606304315	1679.696	493.223	705556.12
0.711999430400456	0.729899416080467	1656.846	494.065	705556.12
1.06599914720068	1.08395913283269	1669.749	497.131	705556.12
1.59999872000102	1.61801870558504	1659.594	493.84	705556.12
2.39899808080154	2.41595806723355	1681.482	490.303	705556.12
3.5979971216023	3.61601710718631	1687.71	504.061	705556.12
5.39599568320345	5.41403566877147	1696.17	501.042	705556.12
8.09299352560518	8.10989351208519	1675.738	501.39	705556.12
12.1389902888078	12.1559302752558	1652.423	510.312	705556.12
18.2079854336117	18.2240854207317	1667.76	505.587	705556.12
27.3099781520175	27.3281181375055	1668.249	513.21	705556.12
37.3109701512239	37.3280101375919	1648.346	493.094	705556.12
47.3109621512303	47.3279021376783	1674.838	534.784	705556.12
57.3109541512367	57.3279741376207	1688.832	524.449	705556.12
67.3109461512431	67.3280461375631	1753.598	548.518	705556.12
77.3109381512495	77.3279381376495	1650.686	559.117	705556.12
87.3109301512559	87.3278301377359	1660.907	559.962	705556.12
97.3109221512623	97.3279021376783	1683.291	548.294	705556.12
