0.00199999840000128	0.0179999856000115	1679.7	498.149	705556.12
0.00299999760000192	0.0199799840160128	1692.356	504.032	705556.12
0.00299999760000192	0.0201599838720129	1691.08	490.242	705556.12
0.0049999960000032	0.0219599824320141	1671.731	498.996	705556.12
0.00699999440000448	0.0241199807040154	1694.841	506.371	705556.12
0.0099999920000064	0.0260999791200167	1677.245	496.425	705556.12
0.013999988800009	0.0320399743680205	1689.408	504.273	705556.12
0.0189999848000122	0.035999971200023	1686.982	492.716	705556.12
0.0289999768000186	0.0458999632800294	1732.205	510.359	705556.12
0.0429999656000275	0.0599399520480384	1706.259	491.9	705556.12
0.0629999496000403	0.0800999359200513	1717.781	517.08	705556.12
0.0949999240000608	0.111959910432072	1714.534	557.186	705556.12
0.141999886400091	0.158039873568101	1684.942	495.199	705556.12
0.210999831200135	0.227879817696146	1669.935	490.249	705556.12
0.314999748000202	0.332099734320213	1703.05	513.716	705556.12
0.474999620000304	0.491939606448315	1724.951	490.25	705556.12
0.710999431200455	0.727919417664466	1686.658	512.248	705556.12
1.06699914640068	1.08413913268869	1705.144	500.407	705556.12
1.59999872000102	1.61783870572904	1685.612	502.997	705556.12
2.39899808080154	2.41595806723355	1699.305	500.295	705556.12
3.5979971216023	3.61601710718631	1728.724	537.536	705556.12
5.39599568320345	5.41187567049946	1697.204	509.833	705556.12
8.09299352560518	8.10989351208519	1700.317	508.322	705556.12
12.1389902888078	12.1559302752558	1676.408	510.655	705556.12
18.2069854344117	18.2239054208757	1712.687	512.636	705556.12
27.3109781512175	27.3279381376495	1719.794	519.192	705556.12
37.3099701520239	37.3280101375919	1719.242	526.868	705556.12
47.3099621520303	47.3279021376783	1733.457	550.737	705556.12
57.3109541512367	57.3277941377647	1714.98	531.574	705556.12
67.3109461512431	67.3278661377071	1737.493	556.59	705556.12
77.3109381512495	77.3279381376495	1723.54	544.36	705556.12
87.3109301512559	87.3280101375919	1758.557	561.046	705556.12
97.3109221512623	97.3279021376783	1751.463	566.55	705556.12
