0.001	0.0179999856000115	1028.323	702.854	705556
0.003	0.0199799840160128	1026.601	701.67	705556
0.004	0.0221399822880142	1029.956	692.956	705556
0.005	0.0219599824320141	1065.055	723.545	705556
0.006	0.0239399808480153	1019.261	677.539	705556
0.01	0.0260999791200167	1018.858	684.691	705556
0.014	0.0318599745120204	1049.04	714.827	705556
0.02	0.0379799696160243	1044.385	715.038	705556
0.029	0.0458999632800294	1014.469	666.324	705556
0.043	0.0601199519040385	1049.221	697.06	705556
0.064	0.0800999359200513	1026.195	700.248	705556
0.095	0.111959910432072	1024.143	672.262	705556
0.142	0.160019871984102	1035.821	687.293	705556
0.212	0.228059817552146	1040.272	703.396	705556
0.317	0.333899732880214	1048.281	698.722	705556
0.475	0.492119606304315	1020.497	693.299	705556
0.712	0.730079415936467	1031.74	704.663	705556
1.067	1.08395913283269	1041.653	701.552	705556
1.6	1.61603870716903	1031.242	680.326	705556
2.399	2.41595806723355	1033.86	676.985	705556
3.597	3.61385710891431	1035.993	706.09	705556
5.395	5.41205567035546	1032.935	703.413	705556
8.093	8.11007351194119	1032.815	678.719	705556
12.139	12.1559302752558	1032.843	686.867	705556
18.208	18.2239054208757	1034.2	683.722	705556
27.309	27.3259581392335	1043.027	684.011	705556
37.311	37.3280101375919	1051.001	699.316	705556
47.311	47.3279021376783	1050.673	731.433	705556
57.311	57.3279741376207	1035.222	733.062	705556
67.311	67.3278661377071	1063.494	710.433	705556
77.311	77.3279381376495	1061.179	733.415	705556
87.311	87.3278301377359	1078.285	742.231	705556
97.311	97.3280821375343	1087.842	751.236	705556
