0.09899	1.76291858966513	165.674	21.074	34162.08
0.20218	3.57857713713829	307.764	32.598	68095.74
0.29849	5.23817580945935	474.918	55.994	100953.54
0.44979	7.809473752421	653.548	78.519	138172.54
0.67629	11.5079307936554	1044.906	114.327	186060.76
1.01098	16.7108266313387	1557.107	197.188	366250.46
1.5162	24.0420407663674	2192.134	349.371	465248.98
2.28209	33.9960328031738	3065.061	552.995	551170.46
3.41618	46.5085427931658	4032.982	706.604	653067.99
5.1211	61.1527910777671	5369.521	913.319	716012.56
7.68293	76.2949189640648	6577.049	1319.427	741092.2
11.51425	89.001108799113	8050.732	1495.422	722627.82
17.27555	96.7031226375019	8499.815	1679.4	736003.55
25.89837	99.5444203644637	8725.483	1871.555	754364.79
38.87673	99.98920000864	8783.698	1675.978	783315.29
58.32955	99.999820000144	8918.339	1781.809	826635.82
78.33588	100.0	9154.252	2119.223	869531.66
98.33558	100.0	9507.131	2013.99	914027.4
