0.00092	0.0165599867520106	5.533	1.9	359.3
0.00207	0.0372599701920238	10.004	2.268	904.4
0.00319	0.0574199540640368	14.728	2.765	1183.25
0.00393	0.0707399434080453	17.971	2.808	1500.4
0.00584	0.105119915904067	25.079	3.486	2348.92
0.009	0.161999870400104	37.958	2.913	3399.58
0.01299	0.233099813520149	53.729	5.411	4915.88
0.01834	0.329939736048211	75.918	6.426	7373
0.0273	0.489959608032314	110.723	8.058	12019.34
0.04288	0.769139384688492	175.455	11.112	14956.26
0.06264	1.12013910388872	265.912	13.575	22886.93
0.09405	1.68245865403308	439.478	18.795	36444.94
0.14286	2.53871796902562	688.477	27.084	50354.2
0.21286	3.76433698853041	1045.941	37.334	66741.11
0.31772	5.56937554449956	1588.026	54.672	111672.3
0.47507	8.20997343202125	2214.573	76.221	144732.53
0.71154	12.0533303573357	2414.87	158.651	285955.79
1.06781	17.5697859441712	2402.969	231.027	350515.69
1.60056	25.2273398181281	2490.991	397.127	451826.89
2.40509	35.5019115984707	2651.289	630.654	556702.37
3.58873	48.2207014234389	2768.268	862.021	663649.47
5.40878	63.2204494236405	3085.828	895.914	718380.23
8.08996	78.135777491378	3320.946	1401.3	741040.84
12.13947	90.2101678318657	3316.285	1680.913	723734.85
18.19636	97.3410421271663	3193.796	1674.737	736404.35
27.28961	99.6936402450878	3284.55	1956.448	756684.24
37.29775	99.979480016416	3288.422	2035.232	778754.76
47.29929	99.999640000288	3339.053	2120.571	800461.51
57.29627	99.999820000144	3468.34	1726.817	822402.33
67.31447	100.0	3472.762	2140.266	844651.2
77.2966	100.0	3510.176	2131.702	867460.21
87.31215	100.0	3557.656	1911.748	889304.38
97.30657	100.0	3688.308	2138.404	911744.74
