0.00096	0.0172799861760111	12.543	1.849	375.17
0.00183	0.0329399736480211	22.511	2.227	750.81
0.00291	0.0523799580960335	35.554	2.622	1261.64
0.00415	0.0745199403840477	51.371	2.915	1640.98
0.0059	0.106199915040068	72.881	3.594	2356.68
0.00925	0.166499866800107	110.544	4.645	3426.51
0.01262	0.227159818272145	148.429	5.474	5136.76
0.01949	0.350279719776224	233.152	6.818	7643.65
0.02792	0.501299598960321	330.6	8.571	10228.42
0.04286	0.768959384832492	496.387	8.027	14529.36
0.06318	1.13111909510472	740.891	14.444	21734.03
0.09364	1.67111866310507	1127.087	19.635	31574.58
0.14172	2.51963798428961	1707.198	28.613	49664.98
0.21092	3.72329702136238	2319.94	38.651	66179.34
0.31622	5.54129556696355	2660.758	58.18	100739.18
0.47499	8.22113342309326	2516.266	67.673	149771.77
0.713	12.1021103183117	2603.526	189.385	277431.19
1.06047	17.4529660376272	2889.434	236.839	389422.7
1.59953	25.2242798205761	3504.78	377.133	471865.6
2.3973	35.3910316871747	4874.727	596.424	575129.62
3.59694	48.2363614109109	5966.878	897.644	649501.01
5.39279	63.1065095147924	5712.605	1169.39	721232.22
8.09907	78.159897472082	5092.671	1222.971	740927.66
12.15332	90.2868477705218	5505.994	1747.709	723667.65
18.19001	97.3237621409903	5821.729	1824.499	736097.59
27.31146	99.6724002620798	5531.492	1820.904	756404.2
37.29727	99.981460014832	5979.802	1987.713	778972.95
47.30132	99.999280000576	6032.844	1801.502	801000.73
57.29286	100.0	5759.598	1835.223	822489.42
67.30504	100.0	5758.132	2161.341	844697.22
77.30878	100.0	5860.416	2359.136	866670.22
87.30631	100.0	6285.2	2365.297	889693.64
97.30573	100.0	6204.844	2402.33	911752.12
