0.10018	1.78865856907314	1182.666	16.586	40775.81
0.19972	3.52817717745826	2313.211	28.625	72926.82
0.30135	5.27975577619538	3494.322	40.69	117163.03
0.45364	7.85699371440503	5141.961	58.166	178889.27
0.68098	11.5604907516074	7649.329	84.061	249449.78
1.01533	16.7792265766187	10993.551	121.493	390904.36
1.51862	24.0845207323834	15871.033	174.722	551704.15
2.2697	33.8543729165017	22512.379	248.347	777343.69
3.41356	46.5143027885578	30437.344	373.446	1052619.08
5.11547	61.1578310737351	38910.749	520.65	1438783.25
7.68165	76.3211989430408	44783.511	754.832	1799148.91
11.51919	88.9233488613209	48676.239	1069.219	2124200.34
17.2839	96.7187826249739	49638.074	1538.07	2370042.71
25.91275	99.5491003607197	50601.883	2234.148	2737194.23
38.89637	99.983980012816	51763.627	3289.412	3290236
58.32327	100.0	53584.826	4701.805	4140014.76
78.32184	100.0	55166.736	6388.747	5024925.39
98.34001	100.0	56713.301	7714.426	5898954.06
