0.00106	0.0190799847360122	13.576	1.862	414.47
0.00207	0.0372599701920238	25.472	1.549	752.14
0.00293	0.0527399578080338	36.405	2.523	1343.07
0.00394	0.0709199432640454	46.681	2.914	1499.83
0.00521	0.0935999251200599	62.309	3.221	2540.99
0.00889	0.159659872272102	106.116	2.665	3473.59
0.01223	0.220139823888141	144.181	4.842	4768.01
0.01932	0.347399722080222	233.992	6.466	7115.64
0.02798	0.502199598240321	327.499	7.514	11766.71
0.0421	0.756359394912484	491.909	9.597	15613.86
0.0626	1.12085910331272	720.799	12.445	25965.51
0.09392	1.67435866051307	1074.404	16.783	34781.68
0.14123	2.51063799148961	1610.211	22.746	53214.59
0.21069	3.71933702453038	2395.077	30.322	80348.78
0.31686	5.54993556005155	3544.818	41.815	113781.41
0.47323	8.18945344843724	5298.66	54.02	190608.25
0.71592	12.1271302982958	7773.42	93.309	278121.7
1.0675	17.5780659375473	11264.256	136.833	376084.82
1.59719	25.1796398562881	16290.633	198.364	530512.88
2.39999	35.4182116654307	22837.494	253.478	807571.54
3.59149	48.2392414086069	30850.032	424.626	1120997.14
5.39378	63.1534894772084	38748.137	537.799	1413298.82
8.11172	78.158457473234	44229.554	861.127	1887863.78
12.15254	90.3584877132098	47297.17	1244.412	2159168.54
18.19111	97.3203421437263	48306.05	1811.981	2404214.35
27.30185	99.6850002519998	49542.449	2625.402	2794160.51
37.3157	99.976420018864	50249.985	3058.847	3228753.29
47.3168	99.99910000072	50675.77	4421.877	3657060.37
57.2986	100.0	51336.134	5375.503	4119085.78
67.28885	100.0	52228.845	6073.113	4533827.31
77.30422	100.0	53198.144	6964.955	4971443.42
87.31541	100.0	53178.112	5733.28	5405738.54
97.30506	100.0	54359.762	8828.317	5851820.96
