0.09879	1.76399858880113	1169.549	13.727	37165.65
0.19884	3.52079718336225	2314.27	29.355	84136.21
0.29834	5.24159580672336	3488.223	42.459	113387.36
0.453	7.84961372030902	5222.363	59.288	163301.98
0.67968	11.5397907681674	7679.551	87.403	252205.05
1.01236	16.7317066146347	11083.825	126.81	385910.8
1.51643	24.0515807587354	15798.495	181.94	577160.57
2.27449	33.9132328694137	22462.133	264.84	744686.08
3.42096	46.5733427413258	30650.81	365.618	1077554.12
5.14006	61.2746509802792	39188.262	549.377	1375314.7
7.68101	76.2045590363528	45276.987	784.433	1834279.51
11.5456	89.008308793353	48212.13	1165.79	2128444.08
17.29686	96.7119426304459	50343.672	1638.47	2373414.34
25.93794	99.5599003520797	51342.881	2379.756	2746000.21
38.88418	99.986140011088	52183.766	3518.039	3297385.61
58.34411	100.0	53846.979	5088.984	4139515.85
78.33106	100.0	56007.342	7014.697	5011649.24
98.33796	100.0	57651.462	8314.103	5898828.38
