0.00104	0.018719985024012	13.999	1.781	430.55
0.00205	0.0368999704800236	25.901	2.146	836.56
0.00278	0.050039959968032	34.043	2.503	1146.09
0.00425	0.076499938800049	54.505	2.977	1692.78
0.0057	0.102419918064066	70.092	3.155	2440.49
0.00924	0.165959867232106	108.524	4.134	3795.18
0.01319	0.237239810208152	157.053	3.117	5274.52
0.01872	0.336599730720215	217.683	5.935	7991.98
0.02786	0.500759599392321	330.157	7.87	12454.14
0.04198	0.753299397360482	495.004	9.674	16007.83
0.06271	1.12139910288072	734.707	12.443	28498.18
0.09294	1.66049867160106	1061.063	17.007	34805.8
0.14078	2.5052379958096	1606.537	21.778	55630.83
0.21211	3.7430970055224	2393.477	30.37	76263.88
0.31443	5.51807558553953	3560.267	42.843	133098.35
0.4713	8.15975347219722	5247.72	67.129	200751.05
0.71304	12.0941903246477	7809.198	96.974	292599.29
1.06692	17.5467459626032	11293.922	143.951	395592.19
1.59742	25.1846798522561	16256.067	193.854	593406.67
2.39017	35.3058917552866	22794.887	298.437	746567.42
3.60577	48.427341258127	31099.632	403.115	1126961.39
5.41037	63.2272894181685	39464.7	590.004	1417555.36
8.08037	77.9995176003859	44450.791	917.745	1862719.3
12.15665	90.2773077781538	47638.459	1164.7	2160078.63
18.20704	97.2863221709423	48973.405	1691.875	2411175.24
27.31986	99.6907602473918	49521.555	2054.66	2802866.06
37.28559	99.979840016128	51124.647	3366.334	3235110.57
47.2925	99.999460000432	51530.215	4093.916	3675037.07
57.3122	100.0	52422.659	5490.078	4094261.4
67.30044	100.0	52432.278	6381.241	4562254.11
77.30545	100.0	53747.501	7573.024	4967623.42
87.29445	100.0	54245.206	8334.512	5423883.04
97.30579	100.0	55104.646	9203.115	5852508.85
