0.09965	1.77749857800114	407.93	16.586	41246.18
0.29812	5.23817580945935	1200.542	35.396	111264.32
0.45091	7.814153748677	1798.226	59.014	166752.37
0.673	11.4560908351273	2622.574	85.108	252776.22
1.01342	16.7770665783467	3840.597	125.22	346322.94
1.52258	24.1293406965274	5547.681	174.266	521958.66
2.28079	33.9713728229017	7906.689	249.979	753802.87
3.41288	46.4671428262857	10716.372	380.454	1032563.56
5.11679	61.2114710308232	13837.405	541.633	1427823.29
7.67741	76.2653989876808	16514.116	788.705	1838563.18
11.5317	88.976628818697	19410.781	1112.602	2135597.87
25.91715	99.5420803663357	22767.571	2315.548	2738141.84
38.89691	99.985060011952	24276.255	3501.028	3291812.58
78.31887	100.0	27414.967	7095.233	5029064.11
