0.00109	0.0196199843040126	3.628	1.844	414.44
0.00205	0.0368999704800236	5.238	2.349	796.32
0.00296	0.0532799573760341	7.233	2.593	1150.05
0.00391	0.0701999438400449	8.037	2.953	1692.69
0.0058	0.104219916624067	11.595	3.523	2488.59
0.00928	0.166859866512107	17.316	4.277	3847.23
0.01289	0.231119815104148	21.671	5.165	5322.46
0.01976	0.354779716176227	31.19	6.317	7975.46
0.0278	0.49949960040032	44.673	7.659	11239.5
0.04338	0.777419378064498	59.756	10.317	17409.84
0.06381	1.14389908488073	93.684	13.015	25055.55
0.09575	1.70675863459309	126.762	11.812	37891.21
0.14024	2.4980380015696	196.35	22.956	62598.72
0.21137	3.72977701617839	292.592	29.929	78929.15
0.3156	5.53013557589154	393.138	46.205	118037.03
0.47808	8.25533339573328	628.527	67.757	181802.82
0.7149	12.1204703036238	897.112	91.712	279268.66
1.05965	17.4317260546192	1299.01	142.313	389844.49
1.59984	25.1956598434721	1974.056	186.019	535221.2
2.40239	35.4779716176227	2606.916	299.982	808316.46
3.59983	48.3081813534549	3569.403	419.897	1124171.16
5.38786	63.1381894894484	5373.746	568.303	1487147.73
8.0878	78.094557524354	7745.916	905.182	1912682.83
12.12903	90.2292478166017	13660.778	1355.133	2167223.83
18.21389	97.3392421286063	18059.652	1894.546	2429597.17
27.28369	99.6857202514238	20094.976	1953.905	2822913.65
37.30044	99.977140018288	21731.501	2666.691	3272913.15
47.30033	99.999460000432	21724.371	4525.592	3686143.12
57.29264	100.0	22905.773	5406.942	4134544.82
67.29137	100.0	23910.668	6573.497	4560878.34
77.28195	100.0	24208.011	7284.774	5002516.53
87.29033	100.0	24632.779	8349.196	5426485.04
97.30353	100.0	26021.196	9394.153	5852340.35
