0.000869999304000557	0.01565998747201	12.113	0.491	434.25
0.00206999834400132	0.0368999704800236	26.778	0.735	815.87
0.003129997496002	0.0561599550720359	39.178	0.642	1133.21
0.00384999692000246	0.0689399448480441	48.413	0.481	1510.79
0.00632999493600405	0.111779910576072	76.798	0.999	2535.12
0.00898999280800575	0.159119872704102	109.939	0.659	3587.55
0.0107399914080069	0.185219851824119	127.296	1.222	1824.11
0.0128499897200082	0.225719819424144	155.49	0.871	4893.07
0.0257299794160165	0.430019655984275	292.845	2.04	10348.15
0.0410999671200263	0.664199468640425	455.929	1.936	16454.09
0.0631399494880404	0.991439206848635	674.607	2.856	28947.39
0.0930999255200596	1.35755891395287	908.084	4.083	38034.37
0.14131988694409	1.85813851348919	1255.769	7.885	56526.32
0.210309831752135	2.39057808753753	1568.975	8.247	89868.4
0.3124597500322	3.01427758857793	1983.272	11.64	115450.27
0.475259619792304	3.60953711237031	2145.284	18.954	181113.75
0.711199431040455	4.13027669577864	2239.901	20.82	283626.95
1.06490914807268	4.63949628840297	2298.873	30.495	397330.66
1.60108871912902	5.23403581277135	2397.101	41.848	567861.52
2.30675815459348	5.1539358768513	1821.271	55.325	786623.06
3.5950671239463	7.22033422373262	2413.723	89.512	1134782.68
5.39246568602745	9.03455277235778	2541.439	137.859	1477693.54
8.09574352340518	11.7217706225835	2644.534	201.712	1898051.32
12.1330002935998	15.7874273700581	2814.546	301.838	2164534.63
18.2071354342917	21.856302514958	3057.62	434.501	2428464.57
27.3105281515775	30.9581752334598	3487.335	659.013	2802621.8
37.3094701524239	40.9688672249062	3898.155	899.183	3231921.8
47.3069421544463	50.9566992346406	4294.582	1141.747	3684753.37
57.3121941502447	60.960191231847	4709.071	1380.609	4126303.39
67.3117761505791	70.9654832276134	5125.666	1627.202	4558838.72
76.9101884718492	79.1372966901626	5528.678	1866.128	4941981.12
87.3132101494319	90.9451072439142	6011.093	2226.026	5428075.38
97.2211922230462	99.9069400744479	6076.325	3768.096	5853741.94
