0.00107999913600069	0.0194399844480124	14.867	0.539	422.5
0.00214999828000138	0.0385199691840247	27.607	0.699	788.32
0.00307999753600197	0.0548999560800351	39.89	0.65	1222.47
0.00397999681600255	0.0714599428320457	50.5	0.828	1536
0.00625999499200401	0.111059911152071	78.819	0.811	2500.77
0.00910999271200583	0.160379871696103	110.79	0.722	3750.94
0.0127899897680082	0.224639820288144	158.468	1.232	5431.26
0.0191499846800123	0.32849973720021	226.719	1.009	7163.84
0.0276099779120177	0.4679996256003	330.814	2.228	10343.58
0.0423799660960271	0.691199447040442	484.225	3.151	16823.78
0.0613699509040393	0.95273923780861	662.87	3.478	23919.13
0.095319923744061	1.38185889451288	972.666	5.931	38785.59
0.142039886368091	1.8757784993772	1278.157	5.749	55694.84
0.209089832728134	2.40317807745754	1615.519	10.573	82724.52
0.314629748296201	3.02453758036994	2021.558	14.356	119269.34
0.471279622976302	3.5904571276343	2202.068	15.734	207868.48
0.710419431664455	4.10453671637063	2277.666	21.058	276752.48
1.06316914946468	4.56479634816292	2279.434	33.285	379816.72
1.59738872208902	5.22935581651535	2359.142	42.385	552969.23
2.40217807825754	6.03755516995586	2445.546	61.517	785905.25
3.5956171235063	7.23077421538063	2471.641	90.874	1111657.59
5.39202568637945	9.03815276947778	2593.462	141.104	1469181.2
8.08703353037318	11.7323906140875	2688.199	201.962	1937903.15
12.1369202904638	15.7719473824421	2828.196	302.201	2153021.92
18.2056054355157	21.855402515678	3132.501	441.259	2429558.49
27.3086581530735	30.9536752370598	3555.882	656.317	2814739.46
37.3074601540319	40.9596872322502	3954.742	912.449	3257213.53
47.3099921520063	50.9561592350726	4397.151	1149.478	3703210.16
57.3100141519887	60.952811237751	4792.861	1375.862	4134366.53
67.155076275939	69.7778441777247	4527.509	1614.501	4553014.36
77.3131081495135	80.9396352482918	5679.187	1880.729	4974828.29
87.3096601522719	90.9478072417542	6108.09	2238.611	5426758.26
97.1473922820862	99.6448602841118	5797.753	3876.345	5837342.28
