0.00105999915200068	0.0190799847360122	2.999	0.635	422.2
0.0021799982560014	0.039059968752025	4.006	0.655	835.95
0.00299999760000192	0.0536399570880343	4.446	0.689	1185.43
0.00396999682400254	0.0705599435520452	6.274	0.716	1631.3
0.00595999523200381	0.105839915328068	6.745	0.876	2434.69
0.0092199926240059	0.162179870256104	10.849	0.777	3876.77
0.0135399891680087	0.235619811504151	13.664	1.262	4881.02
0.0194999844000125	0.333359733312213	18.555	1.199	8327.6
0.0274999780000176	0.464039628768297	25.266	2.065	10569.1
0.0404999676000259	0.663839468928425	38.237	1.92	18478.72
0.0633399493280405	0.987479210016632	52.983	3.912	26942.82
0.0940999247200602	1.36907890473688	75.043	5.428	36375.25
0.141599886720091	1.85327851737719	101.386	6.539	59848.75
0.209979832016134	2.40839807328154	141.683	9.982	95489.29
0.315189747848202	3.02201758238593	215.214	13.132	120870.59
0.477239618208305	3.5944171244663	436.613	14.441	200066.16
0.711349430920455	4.12199670240264	801.704	22.031	274960.54
1.06659914672068	4.63499629200297	1141.53	32.212	367668.99
1.59850872119302	5.23907580873935	1539.207	38.401	579327.69
2.39526808378553	6.00893519285185	2109.536	57.64	824457.16
3.5981671214663	7.24751420198864	2897.629	85.902	1095242.22
5.39234568612345	9.04607276314179	3884.066	133.953	1484612.25
8.09155352675718	11.7462506029995	5574.986	192.895	1908363.35
12.1405402875678	15.7906673674661	7995.74	295.196	2159505.67
18.2083954332837	21.844602524318	11192.821	425.387	2420267.37
27.3056081555135	30.9452152438278	14992.94	632.69	2818039.75
37.3102801517759	40.9560872351302	20267.406	858.556	3239754.58
47.3086821530543	50.9503992396806	24473.483	1080.792	3672092.93
57.3068341545327	60.954071236743	26456.413	1315.601	4121115.14
67.3063561549151	70.9278632577094	29064.905	1561.738	4553499.53
77.3128281497375	80.9527752377798	29248.774	1784.871	5002836.05
87.3106701514639	90.9499672400262	35743.595	2109.033	5432601.44
97.2037722369822	99.8452001238399	35925.631	3683.163	5850866.88
