0.00060999951200039	0.010979991216007	2691.4	317.919	705556.12
0.00133999892800086	0.0241199807040154	2667.352	325.905	705556.12
0.00193999844800124	0.0349199720640224	2692.219	321.865	705556.12
0.00219999824000141	0.0394199684640252	2675.369	319.753	705556.12
0.0040699967440026	0.0730799415360468	2632.414	320.094	705556.12
0.00922999261600591	0.165239867808106	2634.551	318.727	705556.12
0.0125799899360081	0.225359819712144	2742.453	332.991	705556.12
0.0229699816240147	0.410399671680263	2680.856	312.749	705556.12
0.026609978712017	0.475199619840304	2682.142	321.153	705556.12
0.0621699502640398	1.10159911872071	2656.66	316.626	705556.12
0.126759898592081	2.19635824291341	2706.366	312.503	705556.12
0.199499840400128	3.41225727019418	2719.93	314.84	705556.12
0.261199791040167	4.17563665949067	2658.37	318.237	705556.12
0.315909747272202	5.27921577662738	2633.187	315.017	705556.12
0.619829504136397	8.65061307950954	2705.289	316.497	705556.12
0.674599460320432	10.2194918244065	2644.147	305.778	705556.12
1.59877872097702	20.278603777117	2730.332	324.878	705556.12
1.83207853433717	18.8830648935481	2741.113	323.619	705556.12
3.46248723001022	30.0961559230753	2642.138	319.375	705556.12
5.39590568327545	37.6851298518961	2672.831	322.453	705556.12
8.04562356350115	41.8971264822988	2679.662	327.946	705556.12
11.9701804238557	45.5424835660131	2722.843	356.054	705556.12
18.1776054579156	53.9490168407865	2645.643	337.549	705556.12
25.9277892577686	52.7269978184017	2716.447	346.123	705556.12
33.4301032559174	55.7070754343397	2704.844	345.332	705556.12
47.2491722006622	82.812893749685	2697.493	388.737	705556.12
54.2566365946907	77.5522179582256	2708.272	367.69	705556.12
66.8700865039308	97.4823420141264	2670.571	378.765	705556.12
75.1086399130881	98.0273815780947	2680.091	382.86	705556.12
83.8379129296697	99.952480038016	2715.544	383.643	705556.12
90.574167540666	100.0	2740.827	387.387	705556.12
