0.000779999376000499	0.014039988768009	2661.815	728.134	705556.12
0.00137999889600088	0.0248399801280159	2653.256	721.144	705556.12
0.00206999834400132	0.0372599701920238	2675.729	685.006	705556.12
0.00408999672800262	0.0736199411040471	2726.658	695.495	705556.12
0.00613999508800393	0.110339911728071	2666.53	713.557	705556.12
0.00628999496800403	0.112679909856072	2729.815	724.598	705556.12
0.0128599897120082	0.230939815248148	2689.18	720.099	705556.12
0.0142199886240091	0.255239795808163	2631.155	713.42	705556.12
0.0163599869120105	0.292499766000187	2713.01	734.416	705556.12
0.0293899764880188	0.524699580240336	2697.22	726.295	705556.12
0.0608199513440389	1.08035913571269	2729.806	733.039	705556.12
0.0936399250880599	1.64933868052906	2680.721	717.049	705556.12
0.14044988764009	2.44673804260957	2643.422	750.534	705556.12
0.20247983801613	3.46337722929822	2744.418	720.467	705556.12
0.313519749184201	5.24987580009936	2707.687	726.977	705556.12
0.444679644256285	7.12799429760456	2649.167	707.771	705556.12
0.851529318776545	11.7815305747755	2697.25	719.966	705556.12
1.16383906892874	14.1852486518011	2737.258	699.372	705556.12
2.39790808167353	26.1363390909287	2717.987	702.17	705556.12
2.94797764161789	24.3912404870076	2719.188	724.158	705556.12
5.39006568794745	37.5902699277841	2729.247	723.907	705556.12
7.9719136224691	41.0210671831463	2680.287	712.031	705556.12
10.5437815649747	35.899351280519	2704.442	702.009	705556.12
18.2081554334757	54.5358163713469	2723.964	747.246	705556.12
37.3026601578719	73.6233611013111	2711.491	765.84	705556.12
44.0988747209002	67.182426254059	2724.996	727.612	705556.12
56.1179151056679	83.5831131335095	2674.389	752.949	705556.12
64.3295385363692	87.6876498498801	2739.075	781.09	705556.12
75.5451595638723	98.8165009467992	2726.048	769.28	705556.12
83.8069729544216	99.950680039456	2741.238	800.87	705556.12
90.565067547946	100.0	2682.79	791.926	705556.12
