0.000829999336000531	0.0149399880480096	2674.632	647.587	705556.12
0.001559998752001	0.028079977536018	2650.856	638.287	705556.12
0.00285999771200183	0.0512999589600328	2727.806	634.489	705556.12
0.00395999683200253	0.0712799429760456	2625.449	654.704	705556.12
0.00604999516000387	0.10889991288007	2648.041	664.838	705556.12
0.00816999346400523	0.146699882640094	2716.216	644.551	705556.12
0.0126999898400081	0.228239817408146	2695.304	643.148	705556.12
0.0161299870960103	0.289259768592185	2644.492	639.074	705556.12
0.0211599830720135	0.377819697744242	2661.6	740.629	705556.12
0.0231699814640148	0.412199670240264	2655.796	640.539	705556.12
0.0614099508720393	1.0882791293767	2668.574	683.574	705556.12
0.0880699295440564	1.54853876116899	2746.706	645.728	705556.12
0.14092988725609	2.44997804001757	2657.182	639.111	705556.12
0.209229832616134	3.5870371303703	2662.878	638.652	705556.12
0.315889747288202	5.26895578483537	2651.607	658.744	705556.12
0.360339711728231	5.73011541590767	2634.183	644.701	705556.12
0.695849443320445	10.6041515166788	2746.569	793.528	705556.12
1.06426914858468	15.0823679341057	2674.101	646.264	705556.12
1.58703873036902	20.1184039052769	2729.015	653.631	705556.12
2.19804824156141	23.0536615570708	2670.509	621.718	705556.12
3.10166751866599	25.7439394048485	2648.722	681.124	705556.12
5.09364592508326	33.5069731944214	2655.786	628.638	705556.12
8.08773352981318	42.7892057686354	2688.823	650.609	705556.12
10.5021415982867	35.7132314294149	2661.312	640.09	705556.12
18.0304555756355	51.9999784000173	2746.613	656.188	705556.12
27.2870581703535	63.6252690997847	2643.466	615.228	705556.12
34.7733021813583	58.8577929137657	2724.176	638.797	705556.12
47.2566621946702	82.7113738309009	2707.802	634.452	705556.12
56.0470251623799	83.2679333856533	2743.746	641.357	705556.12
65.9389872488102	92.4693460245232	2656.083	643.612	705556.12
75.1043399165281	98.0183815852947	2681.677	647.713	705556.12
84.0234227812618	99.97840001728	2729.517	641.136	705556.12
90.579917536066	100.0	2707.689	651.073	705556.12
