0.000839999328000538	0.0151199879040097	2693.129	521.645	705556.12
0.00134999892000086	0.0242999805600156	2689.829	519.253	705556.12
0.00283999772800182	0.0511199591040327	2678.366	525.961	705556.12
0.0034399972480022	0.0617399506080395	2694.012	501.977	705556.12
0.00502999597600322	0.0903599277120578	2710.673	520.49	705556.12
0.00747999401600479	0.134279892576086	2648.251	496.98	705556.12
0.0126599898720081	0.227159818272145	2650.854	509.063	705556.12
0.0184599852320118	0.329759736192211	2714.247	511.101	705556.12
0.0205899835280132	0.368999704800236	2657.76	519.618	705556.12
0.0345199723840221	0.613439509248393	2667.231	521.189	705556.12
0.0385899691280247	0.684179452656438	2703.027	514.804	705556.12
0.0675599459520432	1.18403905276876	2659.159	517.616	705556.12
0.0726199419040465	1.26467898825681	2699.944	507.139	705556.12
0.162809869752104	2.71961782430574	2689.227	512.265	705556.12
0.196879842496126	3.36833730533016	2649.796	509.533	705556.12
0.429469656424275	6.85223451821239	2691.152	521.478	705556.12
0.673769460984431	10.2191318246945	2741.881	509.332	705556.12
0.723689421048463	10.0006119995104	2707.296	512.978	705556.12
1.59165872667302	20.1992238406209	2723.633	510.126	705556.12
2.38876808898553	26.0675791459367	2672.928	520.792	705556.12
2.54371796502563	21.1177631057895	2656.409	527.924	705556.12
3.30200735839411	21.7139226288619	2652.767	510.756	705556.12
5.48256561394751	26.1204991036007	2745.772	516.611	705556.12
9.94026204779036	33.6777930577656	2704.77	522.022	705556.12
17.7234858212113	48.8030009575992	2659.953	520.306	705556.12
26.555738755409	55.8769952984038	2694.473	538.064	705556.12
33.9323628541097	56.7721345822923	2722.014	534.755	705556.12
47.2695421843663	82.809293752565	2705.657	555.533	705556.12
56.7742945805643	87.450410039672	2685.383	557.721	705556.12
66.7242066206347	96.3449229240617	2656.04	558.034	705556.12
75.6214595028324	98.9565408347673	2662.91	566.626	705556.12
84.0575227539818	99.984880012096	2705.101	578.26	705556.12
90.582527533978	100.0	2670.184	580.836	705556.12
