0.000689999448000442	0.0124199900640079	2622.486	501.252	705556.12
0.00221999822400142	0.0399599680320256	2647.9	505.359	705556.12
0.00261999790400168	0.0471599622720302	2706.91	525.383	705556.12
0.00403999676800259	0.0727199418240465	2761.477	510.691	705556.12
0.00485999611200311	0.087479930016056	2642.277	511.776	705556.12
0.00611999510400392	0.10943991244807	2720.913	506.461	705556.12
0.00834999332000534	0.150119879904096	2710.318	503.107	705556.12
0.0122299902160078	0.219779824176141	2709.108	502.435	705556.12
0.0207499834000133	0.370619703504237	2625.678	513.593	705556.12
0.0389299688560249	0.694439444448444	2712.161	527.725	705556.12
0.0570699543440365	1.01231919014465	2711.454	511.97	705556.12
0.0934799252160598	1.64285868571305	2661.532	537.119	705556.12
0.14120988703209	2.46131803094558	2681.172	501.539	705556.12
0.179319856544115	3.05405755675395	2674.141	506.305	705556.12
0.315899747280202	5.27687577849938	2678.039	516.097	705556.12
0.4683296253363	7.55279395776483	2634.146	524.442	705556.12
0.711239431008455	10.8289713368229	2689.617	527.21	705556.12
0.879259296592563	12.1618702705038	2705.478	520.669	705556.12
1.26844898524081	15.5181475854819	2675.012	514.26	705556.12
2.09121832702534	21.6633426693259	2695.362	505.695	705556.12
3.4371872502502	29.704116236707	2640.696	510.254	705556.12
3.4429772456182	22.3646221083023	2668.638	532.457	705556.12
8.07343354125317	42.3813260949391	2658.866	512.807	705556.12
8.76873298501361	30.2937957649634	2647.797	524.331	705556.12
16.2182970253624	41.2169070264744	2697.484	527.596	705556.12
26.0342191726247	53.177177458258	2675.491	529.859	705556.12
36.4245608603513	65.1271878982497	2700.207	532.955	705556.12
45.0286839770528	69.5539243568605	2641.269	557.966	705556.12
56.9545644363484	89.086428730857	2699.665	553.282	705556.12
66.3259769392184	94.1095047123962	2656.94	563.274	705556.12
75.9347292522166	99.5165203867837	2674.601	593.447	705556.12
83.0627735497812	99.7692401846079	2675.87	587.631	705556.12
90.568967544826	99.999640000288	2705.294	570.259	705556.12
