0.00101	0.0181799854560116	1066.628	709.82	705556
0.00211	0.0379799696160243	1065.764	734.691	705556
0.00318	0.0572399542080366	1075.985	733.101	705556
0.00395	0.0710999431200455	1061.571	720.917	705556
0.00626	0.112679909856072	1068.404	740.195	705556
0.00934	0.168119865504108	1080.75	714.701	705556
0.01285	0.230939815248148	1065.643	721.054	705556
0.01985	0.356759714592228	1065.041	700.145	705556
0.02717	0.487799609760312	1051.125	715.686	705556
0.04232	0.759059392752486	1082.46	719.662	705556
0.06307	1.12949909640072	1060.849	728.195	705556
0.09294	1.66193867044906	1055.226	701.254	705556
0.14092	2.5023579981136	1043.014	708.394	705556
0.21115	3.73319701344239	1065.281	700.441	705556
0.3166	5.54345556523555	1088.15	721.848	705556
0.47138	8.15201347838922	1083.162	718.102	705556
0.70797	12.0112103910317	1073.952	726.02	705556
1.068	17.5899459280433	1067.966	725.892	705556
1.59826	25.1709998632001	1060.951	706.346	705556
2.40005	35.3933716853027	1089.834	741.249	705556
3.59319	48.2536413970869	1049.95	704.119	705556
5.39009	63.0912095270324	1076.833	700.52	705556
8.09447	78.080157535874	1087.588	723.41	705556
12.13363	90.2162878269697	1090.517	743.318	705556
18.22527	97.3135021491983	1114.143	746.187	705556
27.33927	99.6848202521438	1116.937	755.639	705556
37.33227	99.979480016416	1132.993	790.574	705556
47.3336	99.998920000864	1147.564	801	705556
57.32152	100.0	1137.256	801.808	705556
67.32736	100.0	1145.17	791.929	705556
77.30506	100.0	1143.759	781.428	705556
87.31561	100.0	1137.58	798.391	705556
97.31085	100.0	1120.879	757.544	705556
