0.00115999907200074	0.0208799832960134	833.266	520.326	705556.12
0.0018699985040012	0.0336599730720215	825.38	500.959	705556.12
0.00287999769600184	0.0518399585280332	842.457	504.412	705556.12
0.00427999657600274	0.0770399383680493	838.345	506.972	705556.12
0.00589999528000378	0.106199915040068	819.947	527.19	705556.12
0.00948999240800607	0.170639863488109	822.993	518.897	705556.12
0.0130199895840083	0.23399981280015	777.148	495.758	705556.12
0.0193599845120124	0.347939721648223	798.316	541.946	705556.12
0.0276799778560177	0.497339602128318	778.624	499.461	705556.12
0.0430499655600276	0.771839382528494	826.576	484.592	705556.12
0.0631399494880404	1.13093909524872	822.147	524.502	705556.12
0.0928199257440594	1.65779867376106	817.686	535.65	705556.12
0.138489889208089	2.46185803051358	819.035	503.437	705556.12
0.209039832768134	3.69125704699436	840.042	501.989	705556.12
0.316079747136202	5.55011555990755	808.464	513.551	705556.12
0.474769620184304	8.20565343547725	812.114	540.256	705556.12
0.713189429448456	12.0850103319917	780.44	511.544	705556.12
1.07043914364869	17.6345858923313	837.502	515.72	705556.12
1.59943872044902	25.1855798515361	783.252	503.749	705556.12
2.40971807222554	35.5353915716867	802.037	522.338	705556.12
3.6008171193463	48.2937813649749	819.274	525.985	705556.12
5.40485567611546	63.1281094975124	819.24	538.907	705556.12
8.08979352816518	78.108957512834	810.834	545.672	705556.12
12.1365902907278	90.2497678001858	828	537.165	705556.12
18.2224054220757	97.3010821591343	798.64	553.319	705556.12
27.3168481465215	99.6819402544478	836.457	572.927	705556.12
37.3272501381999	99.977860017712	804.287	570.204	705556.12
47.3324421340463	99.999280000576	824.393	581.129	705556.12
57.3069441544447	100.0	865.533	593.011	705556.12
67.3171561462751	100.0	841.123	589.537	705556.12
77.3210081431935	100.0	854.226	575.346	705556.12
87.3174201460639	100.0	827.649	579.947	705556.12
97.3095921523263	100.0	804.171	579.477	705556.12
