0.00112	0.0201599838720129	1502.629	528.664	705556
0.00218	0.0392399686080251	1549.334	524.47	705556
0.00298	0.0536399570880343	1550.035	538.859	705556
0.00398	0.0716399426880459	1508.207	519.02	705556
0.0063	0.113399909280073	1566.362	525.468	705556
0.00864	0.1555198755841	1567.019	525.254	705556
0.01363	0.245339803728157	1575.327	544.414	705556
0.01948	0.349739720208224	1582.938	532.916	705556
0.02753	0.494999604000317	1521.608	521.253	705556
0.04279	0.767699385840491	1530.807	539.331	705556
0.06299	1.12895909683272	1491.155	513.333	705556
0.09365	1.67165866267307	1565.038	532.501	705556
0.14112	2.51171799062561	1615.543	612.771	705556
0.21105	3.73643701085039	1522.538	526.349	705556
0.31416	5.51357558913953	1483.225	526.359	705556
0.47152	8.15093347925322	1545.755	531.272	705556
0.71431	12.0958103233517	1566.723	557.349	705556
1.06317	17.5215459827632	1547.298	539.189	705556
1.59816	25.1843198525441	1613.58	542.723	705556
2.40218	35.4227116618307	1531.158	521.739	705556
3.59544	48.2898213681429	1523.608	536.916	705556
5.39011	63.1689694648244	1614.14	568.298	705556
8.09181	78.0452375638099	1573.155	540.475	705556
12.12996	90.2391478086818	1529.01	552.884	705556
18.19504	97.2762421790063	1590.076	587.159	705556
27.30363	99.6767202586238	1564.833	571.091	705556
37.30043	99.976960018432	1569.518	572.722	705556
47.31636	99.998920000864	1647.276	614.824	705556
57.31397	100.0	1554.948	577.165	705556
67.30858	100.0	1547.427	566.889	705556
77.3118	100.0	1554.15	570.995	705556
87.31153	100.0	1586.529	577.861	705556
97.31391	100.0	1616.297	572.497	705556
