0.0009	0.0161999870400104	1707.566	527.022	705556
0.00175	0.0314999748000202	1716.933	520.883	705556
0.00329	0.0592199526240379	1698.312	509.221	705556
0.00393	0.0707399434080453	1687.34	514.41	705556
0.00619	0.111419910864071	1713.794	527.437	705556
0.00834	0.150119879904096	1750.123	514.313	705556
0.01258	0.226439818848145	1794.843	528.28	705556
0.01871	0.336239731008215	1733.047	526.749	705556
0.02749	0.493739605008316	1698.836	515.078	705556
0.04263	0.76589938728049	1730.709	539.811	705556
0.0635	1.13759908992073	1697.099	516.816	705556
0.09227	1.64789868168105	1727.853	540.767	705556
0.14048	2.5003779996976	1705.256	517.368	705556
0.21014	3.71627702697838	1689.289	525.415	705556
0.31495	5.51483558813153	1688.402	517.698	705556
0.47802	8.2747733801813	1766.758	537.45	705556
0.71066	12.0522503581997	1697.066	532.728	705556
1.06692	17.5888659289073	1787.064	564.345	705556
1.60109	25.1893598485121	1705.969	525.84	705556
2.39564	35.4329716536227	1746.008	556.843	705556
3.60244	48.2991813606549	1700.022	525.891	705556
5.38529	63.0345095723923	1767.897	552.02	705556
8.10366	78.150897479282	1729.006	539.581	705556
12.13206	90.2283478173217	1746.655	551.398	705556
18.21642	97.3126021499183	1736.977	559.498	705556
27.32529	99.6905802475358	1738.652	557.252	705556
37.3125	99.975880019296	1771.717	580.429	705556
47.3203	99.999460000432	1814.689	596.155	705556
57.31949	99.999820000144	1754.008	574.95	705556
67.30977	100.0	1832.555	582.921	705556
77.31391	100.0	1728.294	557.836	705556
87.30253	100.0	1726.705	549.637	705556
97.31401	100.0	1723.4	550.862	705556
