0.00095	0.0170999863200109	1719.577	541.597	705556
0.00209	0.0376199699040241	1709.315	521.839	705556
0.00283	0.0509399592480326	1690.692	513.724	705556
0.00365	0.0656999474400421	1749.946	530.043	705556
0.00615	0.110519911584071	1758.842	514.111	705556
0.00932	0.167759865792107	1712.298	541.03	705556
0.01286	0.231479814816148	1707.673	521.629	705556
0.01868	0.336059731152215	1743.379	537.62	705556
0.02825	0.506699594640324	1728.574	522.598	705556
0.04293	0.769319384544492	1749.177	550.175	705556
0.06259	1.12139910288072	1747.437	531.955	705556
0.09482	1.69217864625708	1738.93	512.397	705556
0.13982	2.48993800804959	1689.808	509.922	705556
0.21261	3.76163699069041	1784.011	535.932	705556
0.31526	5.52131558294753	1705.183	506.055	705556
0.47359	8.18189345448524	1727.114	517.919	705556
0.71587	12.1395502883598	1710.388	610.414	705556
1.06615	17.5217259826192	1706.285	531.514	705556
1.60313	25.2541597966722	1803.368	539.768	705556
2.39692	35.3478317217346	1714.639	519.585	705556
3.60045	48.3377013298389	1770.516	545.383	705556
5.3918	63.1072295142164	1705.131	512.719	705556
8.09776	78.162417470066	1744.075	554.175	705556
12.14521	90.2902677677858	1723.712	540.726	705556
18.22251	97.3095421523663	1771.847	558.162	705556
27.32677	99.6862602509918	1742.699	548.241	705556
37.31129	99.98110001512	1772.762	595.434	705556
47.33626	99.99910000072	1741.272	596.571	705556
57.3347	100.0	1801.523	595.888	705556
67.32115	100.0	1819.839	587.934	705556
77.31415	100.0	1767.053	589.316	705556
87.31214	100.0	1760.086	560.909	705556
97.31443	100.0	1762.732	604.709	705556
