0.00063999948800041	0.0115199907840074	2008.758	1699.802	705556.12
0.00106999914400068	0.0192599845920123	1950.861	1623.566	705556.12
0.0028099977520018	0.0505799595360324	1942.892	1628.625	705556.12
0.00396999682400254	0.0714599428320457	1938.382	1626.996	705556.12
0.00425999659200273	0.0763199389440488	1978.959	1625.342	705556.12
0.00498999600800319	0.0896399282880574	1982.279	1615.227	705556.12
0.012549989960008	0.225719819424144	1883.611	1583.522	705556.12
0.0165799867360106	0.29699976240019	1953.954	1590.881	705556.12
0.0205199835840131	0.365759707392234	1935.786	1622.072	705556.12
0.0426899658480273	0.762659389872488	1929.949	1622.045	705556.12
0.0600199519840384	1.06379914896068	1931.8	1616.553	705556.12
0.0659499472400422	1.15775907379274	1927.61	1616.209	705556.12
0.14077988737609	2.45195803843357	1926.227	1616.16	705556.12
0.208109833512133	3.55355715715427	1931.203	1629.792	705556.12
0.247159802272158	3.98285681371455	1922.606	1632.442	705556.12
0.297759761792191	4.96709602632318	1944.233	1635.992	705556.12
0.706209435032452	10.7906313674949	1945.476	1628.834	705556.12
1.05485915611268	14.9313480549216	1944.828	1639.835	705556.12
1.28693897044882	15.7166874266501	1916.036	1618.27	705556.12
2.39629808296153	26.1327390938087	1989.514	1641.792	705556.12
3.5903971276823	32.0772343382125	1940.854	1627.248	705556.12
3.70286703770637	23.7313610149112	1959.702	1629.677	705556.12
8.06585354731716	42.4986860010512	1984.424	1660.325	705556.12
12.0536903570477	46.900222479822	1967.286	1648.751	705556.12
18.1698654641076	54.0582767533786	1975.505	1659.784	705556.12
27.0736083411133	60.4043516765187	2016.044	1680.297	705556.12
35.7590213927829	62.0472103622317	1978.304	1684.822	705556.12
45.1011139191089	69.8347241322207	2022.084	1700.5	705556.12
54.0302867757706	77.0595583523533	1980.304	1677.712	705556.12
66.3678669057065	94.3973244821404	2064.459	1724.364	705556.12
75.4710296231763	98.6627810697751	2087.391	1750.115	705556.12
83.6122731101815	99.9092800725759	2070.708	1714.958	705556.12
90.601097519122	100.0	2063.576	1745.114	705556.12
