0.00103999916800067	0.0185399851680119	2445.011	667.864	705556.12
0.00175999859200113	0.0316799746560203	2433.427	684.294	705556.12
0.00207999833600133	0.037439970048024	2489.659	666.771	705556.12
0.00382999693600245	0.0689399448480441	2436.178	697.747	705556.12
0.00505999595200324	0.0910799271360583	2494.354	694.643	705556.12
0.00869999304000557	0.1564198748641	2502.441	706.485	705556.12
0.0129899896080083	0.233459813232149	2507.512	708.939	705556.12
0.0132899893680085	0.238139809488152	2462.007	725.004	705556.12
0.0273099781520175	0.488339609328313	2440.616	687.837	705556.12
0.0415599667520266	0.739259408592473	2482.971	686.549	705556.12
0.0478999616800307	0.841679326656539	2477.234	706.569	705556.12
0.0599699520240384	1.06361914910468	2499.013	693.189	705556.12
0.135219891824087	2.3511581190735	2483.36	705.871	705556.12
0.212719829824136	3.63761708990633	2523.814	698.188	705556.12
0.3120897503282	5.20361583710733	2469.333	698.843	705556.12
0.403809676952258	6.46109483112413	2493.891	690.054	705556.12
0.577119538304369	8.1221335022932	2476.519	712.599	705556.12
0.681869454504436	10.3634917092066	2509.46	703.73	705556.12
1.559028752777	19.6016243187005	2500.485	714.702	705556.12
2.00629839496128	20.7464234028613	2498.025	722.797	705556.12
3.58330713335429	31.8455745235404	2568.929	708.886	705556.12
5.39368568505145	37.6791898566481	2515.616	701.538	705556.12
8.08705353035718	42.8111657510674	2463.048	676.308	705556.12
12.0041203967037	46.1627630697895	2498.044	732.543	705556.12
15.3663377069298	38.7726889818488	2568.741	733.741	705556.12
27.2572681941854	62.9389296488563	2540.755	760.079	705556.12
37.2177602257918	72.3621021103183	2495.225	727.595	705556.12
47.2929621656303	83.2105134315892	2546.146	742.49	705556.12
56.9040344767724	88.3624693100246	2539.446	778.706	705556.12
63.3715493027606	85.5843515325188	2559.531	793.992	705556.12
75.6973994420805	99.0641807486554	2641.932	813.571	705556.12
83.0622235502212	99.7701401838878	2603.68	840.367	705556.12
90.55883755293	100.0	2655.112	856.274	705556.12
