0.00119999904000077	0.0215999827200138	903.292	698.846	705556.12
0.00194999844000125	0.0350999719200225	914.214	713.798	705556.12
0.00275999779200177	0.0496799602560318	930.556	722.521	705556.12
0.00310999751200199	0.0559799552160358	912.017	682.833	705556.12
0.0060899951280039	0.10925991259207	915.614	687.33	705556.12
0.00863999308800553	0.155159875872099	898.821	699.899	705556.12
0.0106699914640068	0.191159847072122	921.001	676.796	705556.12
0.0112499910000072	0.201059839152129	923.552	692.66	705556.12
0.026629978696017	0.476459618832305	923.046	708.235	705556.12
0.040639967488026	0.724499420400464	911.888	699.676	705556.12
0.054619956304035	0.96821922542462	918.448	688.884	705556.12
0.0848599321120543	1.49075880739295	909.42	705.446	705556.12
0.0924099260720591	1.60595871523303	953.181	702.475	705556.12
0.210599831520135	3.60287711769831	921.681	683.6	705556.12
0.311369750904199	5.18363585309132	912.05	696.445	705556.12
0.427429658056274	6.83927452858038	934.818	717.698	705556.12
0.704819436144451	10.7425714059429	917.469	700.972	705556.12
0.919999264000589	11.4704908236073	927.223	665.478	705556.12
0.939189248648601	12.9976096019123	928.592	701.187	705556.12
2.38185809451352	25.9588592329126	921.442	706.31	705556.12
3.5920371263703	32.0952343238125	911.099	675.629	705556.12
5.39229568616345	37.6658698673041	914.199	696.515	705556.12
7.11850430519656	33.3233733413013	989.14	719.378	705556.12
12.1211803030558	47.7671017863186	936.859	701.511	705556.12
18.1840454527636	54.3568965144828	1081.195	811.061	705556.12
27.3104981516015	63.6504690796247	922.641	741.674	705556.12
35.885781291375	62.539329968536	1018.332	769.456	705556.12
46.2358030113576	74.1428406857274	1017.22	769.736	705556.12
56.8450045239964	87.8507297194162	1029.861	796.96	705556.12
66.3642069086345	94.3818444945244	1009.769	789.655	705556.12
73.7868409705272	95.6389634888292	1094.668	800.977	705556.12
84.0100027919978	99.976060019152	1071.054	834.818	705556.12
90.603067517546	100.0	1062.53	821.499	705556.12
