0.000869999304000557	0.01565998747201	1948.36	1636.025	705556.12
0.00185999851200119	0.0334799732160214	1935.38	1603.907	705556.12
0.00285999771200183	0.0514799588160329	1969.069	1660.552	705556.12
0.00410999671200263	0.0739799408160473	1983.143	1611.008	705556.12
0.00413999668800265	0.0743399405280476	1918.767	1647.12	705556.12
0.00871999302400558	0.1564198748641	1910.196	1643.064	705556.12
0.00884999292000566	0.159119872704102	1956.032	1654.895	705556.12
0.0152999877600098	0.273959780832175	1939.858	1658.036	705556.12
0.0275999779200177	0.492479606016315	1941.684	1635.262	705556.12
0.042249966200027	0.752579397936482	1965.405	1645.774	705556.12
0.0622799501760399	1.1012391190087	1921.907	1634.73	705556.12
0.0924499260400592	1.62917869665704	1974.654	1646.14	705556.12
0.14062988749609	2.44547804361757	1957.511	1644.54	705556.12
0.213269829384136	3.64553708357033	1966.03	1642.905	705556.12
0.291609766712187	4.86467610825911	1964.338	1637.939	705556.12
0.307479754016197	4.90013607989114	1963.452	1658.809	705556.12
0.653789476968418	9.86885210491832	1942.998	1657.846	705556.12
0.877059298352561	12.0853703317037	1944.126	1664.744	705556.12
1.32702893837685	14.2133286293371	1952.929	1658.732	705556.12
1.58680873055302	20.0757439394048	1975.961	1646.078	705556.12
3.5901271278983	32.0599543520365	1911.09	1624.693	705556.12
3.93319685344252	24.949240040608	1942.143	1672.069	705556.12
8.09269352584518	42.7472658021874	2021.967	1675.683	705556.12
12.1327702937838	48.0155015875987	1948.419	1668.012	705556.12
18.0936455250836	52.9005176795859	1998.612	1703.552	705556.12
27.3054481556415	63.6294090964727	1988.246	1692.912	705556.12
34.0517127586298	57.0937943249645	1997.617	1718.105	705556.12
47.2864321708543	83.1786534570772	2042.505	1739.822	705556.12
57.0560343551725	89.9678880256896	2133.332	1813.684	705556.12
66.7908865672907	96.7979825616139	2070.577	1743.509	705556.12
73.6092311126151	95.373283701373	2115.568	1752.079	705556.12
84.0544327564538	99.98290001368	2094.523	1763.316	705556.12
90.548897560882	99.999820000144	2061.366	1788.959	705556.12
