0.00099999920000064	0.0179999856000115	2556.54	750.874	705556.12
0.00180999855200116	0.0325799739360208	2531.926	734.646	705556.12
0.00238999808800153	0.0430199655840275	2553.893	742.543	705556.12
0.00402999677600258	0.0725399419680464	2522.904	771.367	705556.12
0.00615999507200394	0.110519911584071	2514.33	741.025	705556.12
0.00822999341600527	0.148139881488095	2530.062	740.607	705556.12
0.0108199913440069	0.193319845344124	2544.387	742.978	705556.12
0.0127899897680082	0.229859816112147	2577.624	760.889	705556.12
0.0259199792640166	0.464219628624297	2584.252	746.114	705556.12
0.0336099731120215	0.597059522352382	2515.245	741.215	705556.12
0.0412499670000264	0.729179416656467	2558.53	750.876	705556.12
0.0935999251200599	1.64879868096106	2528.648	739.733	705556.12
0.141809886552091	2.46761802590558	2548.486	749.991	705556.12
0.211379830896135	3.61493710805031	2567.202	754.987	705556.12
0.256269794984164	4.12055670355464	2570.685	758.353	705556.12
0.302989757608194	5.05547595561924	2620.703	730.167	705556.12
0.469659624272301	7.07291434166853	2537.39	717.282	705556.12
1.01502918797665	14.1843486525211	2555.834	745	705556.12
1.19363904508876	14.5666683466653	2556.938	748.091	705556.12
2.07696833842533	21.5638027489578	2534.611	708.517	705556.12
3.55794715364228	31.4544348364521	2578.946	753.489	705556.12
5.18768584985132	34.6402522877982	2559.651	756.724	705556.12
7.818523745181	39.038188769449	2543.839	750.657	705556.12
11.6308206953434	42.0416663666669	2551.824	775.176	705556.12
16.4938668049066	42.115286307771	2552.705	731.871	705556.12
26.9509284392573	59.2246326202939	2563.828	784.226	705556.12
37.2881401694879	73.1584214732628	2596.715	792.59	705556.12
46.9749024200781	79.3028965576828	2621.046	790.536	705556.12
56.8297645361884	87.9041896766483	2606.957	806.469	705556.12
66.2852069718344	93.9331048535161	2594.364	805.09	705556.12
74.2875605699515	96.5123227901418	2567.12	797.574	705556.12
84.0547527561978	99.983260013392	2594.656	813.198	705556.12
90.608607513114	100.0	2632.221	821.897	705556.12
