0.00085999931200055	0.0154799876160099	899.253	811.467	705556.12
0.0018699985040012	0.0336599730720215	887.964	766.117	705556.12
0.00285999771200183	0.0514799588160329	900.002	767	705556.12
0.00354999716000227	0.0637199490240408	888.195	794.53	705556.12
0.0043799964960028	0.0788399369280505	887.442	770.989	705556.12
0.00877999297600562	0.157859873712101	898.131	782.699	705556.12
0.012479990016008	0.224099820720143	892.83	844.443	705556.12
0.0153599877120098	0.274859780112176	882.481	778.15	705556.12
0.0191899846480123	0.34343972524822	884.217	755.297	705556.12
0.042159966272027	0.75005939995248	886.703	765.503	705556.12
0.0628299497360402	1.11311910950471	903.993	777.732	705556.12
0.0724099420720463	1.27799897760082	896.847	774.58	705556.12
0.14020988783209	2.44817804145757	873.719	798.428	705556.12
0.20311983750413	3.48299721360223	905.216	773.545	705556.12
0.3121497502802	5.20163583869133	905.74	773.388	705556.12
0.447519641984286	7.17029426376459	899.526	776.096	705556.12
0.581469534824372	8.73611301110959	890.078	774.252	705556.12
0.981189215048628	13.6702690637847	902.148	781.463	705556.12
1.58853872916902	20.1758238593409	884.545	774.274	705556.12
2.33334813332149	24.974440020448	908.103	785.034	705556.12
3.5934871252103	32.0982943213645	896.69	777.369	705556.12
4.3818264945388	27.5855179315857	893.245	790.947	705556.12
6.99084440732447	32.6109339112529	916.251	795.987	705556.12
12.1011503190797	47.6295818963345	933.55	806.474	705556.12
17.7680757855394	49.2402206078235	935.804	806.486	705556.12
25.8616293106966	52.4850780119376	946.086	835.065	705556.12
37.2751801798559	73.1857814513748	966.401	847.142	705556.12
46.812152550278	77.8562377150098	978.707	859.154	705556.12
57.0650043479965	90.1027079178337	997.432	887.962	705556.12
66.7787365770107	96.7040226367819	1044.519	963.703	705556.12
74.962190030248	97.7604417916466	997.171	908.664	705556.12
83.0802135358292	99.7685201851838	1005.426	911.055	705556.12
90.585827531338	100.0	1003.881	925.565	705556.12
