0.00102999917600066	0.0185399851680119	6.841	1.143	450.49
0.00106999914400068	0.0192599845920123	7.086	1.125	406.9
0.00229999816000147	0.0413999668800265	14.035	1.441	888.66
0.00362999709600232	0.0653399477280418	21.244	1.761	1617.57
0.00610999511200391	0.10979991216007	33.614	2.28	2282.98
0.00930999255200596	0.167399866080107	60.579	2.918	3776.15
0.0115299907760074	0.206999834400132	70.355	3.265	4469.43
0.0148299881360095	0.26585978731217	81.453	3.827	5649.82
0.0272899781680175	0.486899610480312	151.649	5.751	10677.32
0.0377499698000242	0.668879464896428	205.467	7.117	14514.76
0.0411499670800263	0.733319413344469	235.933	7.482	15259.05
0.0954099236720611	1.68083865532908	524.935	13.915	33986.53
0.137159890272088	2.39129808696153	735.176	19.303	48370.29
0.205439835648131	3.50729719416224	1085.02	27.354	67879.38
0.315419747664202	5.26103579117137	1488.747	39.149	99662.02
0.469829624136301	7.56341394926884	1937.788	55.93	139710.62
0.710369431704455	10.866591306727	2118.034	80.56	291557.4
0.71898942480846	9.96497202802238	1367.558	77.076	280961.42
1.05028915976867	12.9047296762163	1391.426	128.362	367350.82
2.3359481312415	25.1495798803361	2267.036	265.819	560900.61
2.67459786032171	22.1390822887342	1793.205	237.353	593260.2
5.26180579055537	35.6439314848548	2440.189	398.452	717153.54
8.00742359406112	41.3276069379145	2758.02	449.352	741009.12
9.00027279978176	30.8787952969638	2157.999	368.269	736932.43
15.2707677833858	38.4791092167126	2578.002	468.206	730918
25.021709982632	49.4996004003197	3233.42	650.54	752476.11
37.2845201723839	73.2595813923349	4712.684	904.233	778165.58
43.4469952424038	65.7465674027461	4152.752	849.363	792924.19
55.7923053661557	82.1231343014926	4926.766	1021.376	819572.79
65.4195676643459	90.66628746697	5416.299	1182.78	841433.58
76.0251491798807	99.6891402486878	5654.495	1290.853	864292.04
84.1132227094218	99.988660009072	5700.117	1339.515	882382.68
90.5445775643379	100.0	5867.152	1348.126	896784.5
