0.000769999384000493	0.0138599889120089	2.775	1.061	335.49
0.00190999847200122	0.034379972496022	4.897	1.328	837.49
0.00262999789600168	0.0473399621280303	5.896	1.513	959.46
0.00410999671200263	0.0739799408160473	8.492	1.911	1543.38
0.0059399952480038	0.106559914752068	11.655	2.296	2515.56
0.00824999340000528	0.148139881488095	15.313	2.689	3172.39
0.0118299905360076	0.212039830368136	26.158	3.365	4174.78
0.018809984952012	0.337859729712216	30.863	4.34	7666.19
0.028139977488018	0.503639597088322	46.995	6.162	11347.53
0.0411199671040263	0.733499413200469	66.492	8.546	15324.59
0.0597599521920382	1.06037915169668	90.881	9.626	21926.47
0.0803599357120514	1.4086788730569	125.505	12.175	27541.71
0.117939905648075	2.05361835710531	183.462	16.483	45179.63
0.162439870048104	2.75705779435376	232.033	22.034	55876.45
0.303359757312194	5.06285594971524	409.015	42.79	99060.85
0.474859620112304	7.64819388144489	604.833	58.69	131156.44
0.710829431336455	10.873251301399	774.038	82.225	188907.34
0.98402921277663	13.7302090158328	1003.154	141.474	340092.01
1.58813872948902	16.5517067586346	972.885	157.762	463514.23
1.59838872128902	20.247823801741	1314.312	208.977	471873.77
3.5914371268503	32.0973943220845	1986.426	357.843	651147.01
5.09261592590726	33.5627731497815	1858.54	370.694	711279.1
7.4933340053328	35.976931218455	1908.393	413.31	740689.23
10.8564213148629	37.2707701833839	1989.533	442.489	724946.63
18.1422254862196	53.4505972395222	3007.178	650.65	737082.27
26.9357284514172	58.9447328442137	3082.957	714.208	756331.99
37.2236202211038	72.2568021945582	4019.626	1114.334	779285.21
46.6226227019018	76.3544989164009	4013.636	947.954	799657.5
55.4362256510195	80.8444153244677	4230.234	1043.265	819115.28
66.8423865260908	97.1378222897422	5087.445	1238.123	845384.38
75.9998892000886	99.6130003095998	5143.371	1295.892	865341.13
83.4178432657254	99.8677001058399	5305.286	1338.364	881323.95
90.604797516162	100.0	5149.981	1362.679	897115.9
