0.00102999917600066	0.0185399851680119	2.401	0.967	410.86
0.00164999868000106	0.029699976240019	2.626	1.018	735.04
0.00184999852000118	0.0332999733600213	3.052	1.071	719.26
0.00262999789600168	0.0473399621280303	3.326	1.157	1187.18
0.00367999705600236	0.0662399470080424	3.933	1.263	1504.31
0.00794999364000509	0.142739885808091	7.422	1.76	2913.96
0.0110399911680071	0.197459842032126	9.154	1.964	4858.71
0.0150899879280097	0.269639784288173	12.066	2.423	5790.41
0.0288899768880185	0.517139586288331	23.454	4.173	10365.77
0.0316399746880202	0.56285954971236	25.28	4.529	12140.98
0.0590899527280378	1.03931916854467	43.05	7.735	22847.86
0.06251994998404	1.10879911296071	45.7	8.578	23657.27
0.122309902152078	2.12417830065736	83.881	15.359	41390.57
0.162449870040104	2.75777779377776	117.022	22.231	55876.45
0.295879763296189	4.92479606016315	187.426	36.109	93116.89
0.388859688912249	5.90705527435578	191.528	44.718	112791.79
0.435199651840279	6.95843443325245	246.15	50.984	129539.93
1.06056915154468	14.9714880228096	461.719	143.332	380524.69
1.58956872834502	20.1385638891489	607.566	211.215	465895.34
1.68021865582508	17.3656661074671	405.216	160.169	477365.09
2.28034817572146	19.3049845560124	448.389	203.905	553140
5.39030568775545	37.557869953704	911.069	417.353	718065.92
8.08986352810918	42.7487058010354	1082.918	484.971	740987.8
12.1356402914878	48.0623015501588	1222.445	546.9	723903.39
15.5185075851939	39.1740886607291	959.223	473.812	730666.22
27.2809181752655	63.3039693568245	1727.98	751.931	757460.19
37.3199501440399	73.6215611027511	2067.428	906.542	778754.15
47.1931822454542	81.7609745912203	2353.436	1017.589	801019.25
57.1239143008686	90.7462074030341	2631.244	1136.689	823798.12
66.5060867951306	95.0951839238529	2790.121	2040.831	844647.99
75.2465198027842	98.3015213587829	2909.751	2082.572	863778.19
84.1052127158298	99.988660009072	2985.77	2127.971	883105.25
90.572127542298	100.0	3028.184	2139.374	897060.51
