0.00100999919200065	0.00125999899200081	1.387	0.839	14.22
0.00200999839200129	0.00215999827200138	1.516	0.785	22.36
0.00300999759200193	0.00305999755200196	1.699	0.839	27.75
0.00400999679200257	0.00413999668800265	1.605	0.866	46.64
0.00599999520000384	0.00611999510400392	1.959	0.881	56.23
0.00900999279200577	0.00917999265600588	2.077	0.892	81.94
0.0130099895920083	0.0131399894880084	2.416	0.949	120.06
0.0189999848000122	0.0190799847360122	2.765	1.022	182.24
0.0279999776000179	0.028079977536018	3.539	1.163	218.83
0.0420099663920269	0.042119966304027	4.2	1.265	373.71
0.0630099495920403	0.0631799494560404	5.784	1.652	563.33
0.0940099247920602	0.0941399246880602	7.493	1.957	870.01
0.14100988719209	0.14111988710409	10.92	2.373	1252.74
0.211009831192135	0.211139831088135	15.304	3.206	1989.09
0.316009747192202	0.316079747136202	20.879	4.253	2944.04
0.473999620800303	0.474119620704303	35.351	6.375	3984.55
0.711009431192455	0.711179431056455	42.962	8.858	5565.04
1.06600914719268	1.06613914708868	71.634	13.178	8700.19
1.59900872079302	1.59929872056102	94.869	19.193	13608.27
2.39800808159353	2.39813808148954	159.699	29.556	21770.49
3.5970071223943	3.5972971221623	219.73	42.276	32675.96
5.39499568400345	5.39513568389145	329.207	63.354	46931.98
8.09200352639718	8.09207352634118	500.964	96.164	70503.61
12.1380002895998	12.1381102895118	748.242	139.894	105667.21
18.2069954344037	18.2071654342677	1072.829	209.492	158235.17
27.3099881520095	27.3102981517615	1577.565	310.802	237952.11
37.3099801520159	37.3101901518479	2124.117	422.105	324761.03
47.3099721520223	47.3100821519343	2699.401	536.849	409913.7
57.3099641520287	57.3101541518767	3316.178	661.08	501467.89
67.3099561520351	67.3100461519631	3840.867	766.994	579647.96
77.3099481520415	77.3101181519055	4410.3	886.844	669381.7
87.3099401520479	87.3100101519919	4940.633	996.68	756525.66
97.3099321520543	97.3100821519343	5446.181	3542.835	840610.76
