0.00100999919200065	0.00125999899200081	1.47	0.879	16.75
0.00200999839200129	0.00215999827200138	1.552	0.884	23.54
0.00299999760000192	0.00305999755200196	1.623	0.901	31.73
0.00400999679200257	0.00413999668800265	1.711	0.939	43.95
0.00599999520000384	0.00629999496000403	2.097	0.98	60.34
0.00900999279200577	0.00917999265600588	2.302	1.057	87.28
0.0130099895920083	0.0131399894880084	2.57	1.11	115.78
0.0189999848000122	0.0192599845920123	2.994	1.294	158.06
0.0280099775920179	0.028079977536018	3.639	1.499	223.04
0.0420099663920269	0.042119966304027	4.689	1.642	399.3
0.0630099495920403	0.0631799494560404	6.457	2.049	488.81
0.0940099247920602	0.0941399246880602	8.477	2.817	723.59
0.14100988719209	0.14111988710409	11.988	3.483	1201.24
0.211009831192135	0.211139831088135	17.127	4.647	1875.09
0.316009747192202	0.316259746992202	23.527	5.895	2611.93
0.474009620792303	0.474119620704303	33.539	7.963	4540.78
0.711009431192455	0.711179431056455	50.136	11.415	5802.6
1.06599914720068	1.06613914708868	67.921	15.429	8417.98
1.59900872079302	1.59929872056102	101.393	21.35	13593.2
2.39800808159353	2.39813808148954	149.426	31.379	20857.58
3.5970071223943	3.5971171223063	211.105	44.554	31424.08
5.39500568399545	5.39513568389145	343.371	66.566	46415.33
8.09200352639718	8.09225352619718	488.349	98.121	70005.89
12.1380002895998	12.1381102895118	692.227	142.175	104528.96
18.2069954344037	18.2071654342677	1059.675	213.284	157900.22
27.3099881520095	27.3101181519055	1568.141	315.014	237496.46
37.3099801520159	37.3101901518479	2161.921	431.189	325919.67
47.3099721520223	47.3100821519343	2688.03	546.17	410518.63
57.3099641520287	57.3101541518767	3226.383	658.458	497147.26
67.3099561520351	67.3100461519631	3890.98	773.347	578839.56
77.3099481520415	77.3101181519055	4442.86	888.459	670073.46
87.3099401520479	87.3101901518479	5007.175	992.734	756630.2
97.3099321520543	97.3100821519343	5635.313	1109.222	841446.5
