0.00100999919200065	0.00125999899200081	1.545	0.926	15.51
0.00200999839200129	0.00215999827200138	1.725	0.917	24.79
0.00300999759200193	0.00323999740800207	1.753	0.928	31.73
0.00400999679200257	0.00413999668800265	1.751	0.934	39.9
0.00600999519200385	0.00611999510400392	2.091	0.997	59
0.00900999279200577	0.00917999265600588	2.26	1.051	84.5
0.0129999896000083	0.0131399894880084	2.609	1.13	125.36
0.0190099847920122	0.0192599845920123	3.089	1.321	167.45
0.0280099775920179	0.028079977536018	3.683	1.478	241.97
0.0420099663920269	0.0422999661600271	5.028	1.692	328.69
0.0629999496000403	0.0631799494560404	6.241	2.04	552.73
0.0940099247920602	0.0941399246880602	9.02	2.712	775.25
0.14100988719209	0.14111988710409	12.184	3.443	1316.21
0.210999831200135	0.211139831088135	15.991	4.677	1959.3
0.316009747192202	0.316079747136202	23.429	5.949	2672.78
0.473999620800303	0.474119620704303	37.62	8.388	4403.76
0.711009431192455	0.711179431056455	47.172	10.694	5934.07
1.06600914719268	1.06613914708868	70.265	15.229	10239.8
1.59900872079302	1.59911872070502	105.022	21.82	12568.95
2.39800808159353	2.39831808134553	144.344	29.354	21130.38
3.5970071223943	3.5971171223063	237.085	46.15	31753.66
5.39500568399545	5.39513568389145	337.342	67.828	45435.89
8.09200352639718	8.09207352634118	484.02	96.689	70503.57
12.1379902896078	12.1382902893678	710.23	144.496	106239.54
18.2069954344037	18.2071654342677	1073.197	213.005	159365.26
27.3099881520095	27.3101181519055	1622.974	320.747	240853.58
37.3099701520239	37.3100101519919	2232.094	436.131	325808.41
47.3099721520223	47.3102621517903	2756.467	548.959	411186.15
57.3099641520287	57.3101541518767	3305.243	658.594	497957.1
67.3099561520351	67.3102261518191	3945.9	784.777	579618.24
77.3099481520415	77.3101181519055	4404.661	889.034	671415.35
87.3099401520479	87.3101901518479	5015.587	1009.645	755181.58
97.3099321520543	97.3100821519343	5513.149	1116.466	840506.38
