0.00100999919200065	0.00125999899200081	1.32	0.785	15.5
0.00200999839200129	0.0023399981280015	1.429	0.809	22.18
0.00299999760000192	0.00305999755200196	1.624	0.808	27.75
0.00400999679200257	0.00413999668800265	1.575	0.832	41.22
0.00600999519200385	0.00611999510400392	2.055	0.854	64.23
0.00899999280000576	0.00917999265600588	2.087	0.865	81.92
0.0130099895920083	0.0131399894880084	2.518	0.979	119.86
0.0190099847920122	0.0192599845920123	2.849	1.04	193.06
0.0280099775920179	0.028079977536018	3.564	1.133	282.71
0.0419999664000269	0.042119966304027	4.433	1.273	387.25
0.0630099495920403	0.0631799494560404	5.818	1.483	535.12
0.0940099247920602	0.0941399246880602	7.237	1.819	760.09
0.14100988719209	0.14129988696009	10.812	2.369	1228.09
0.211009831192135	0.211139831088135	14.58	3.085	1959.3
0.316009747192202	0.316259746992202	21.892	4.638	2691.75
0.474009620792303	0.474119620704303	33.061	6.289	4401.34
0.711009431192455	0.711179431056455	44.716	8.81	6870.23
1.06600914719268	1.06631914694468	70.428	13.444	8985.16
1.59900872079302	1.59911872070502	98.682	19.399	13685.55
2.39800808159353	2.39813808148954	151.032	29.077	21187.13
3.5970071223943	3.5971171223063	211.488	42.243	31449.48
5.39500568399545	5.39513568389145	328.034	64.546	46936.01
8.09199352640518	8.09207352634118	457.394	92.91	70345.07
12.1379902896078	12.1382902893678	700.059	138.606	106821.64
18.2069954344037	18.2071654342677	1108.061	211.03	157555.64
27.3099881520095	27.3101181519055	1560.672	312.049	239631.52
37.3099701520239	37.3101901518479	2168.618	423.608	327120.05
47.3099721520223	47.3102621517903	2709.632	542.915	411230.96
57.3099641520287	57.3101541518767	3295.477	648.29	497392.98
67.3099561520351	67.3100461519631	3815.342	767.458	581190.22
77.3099481520415	77.3101181519055	4435.507	875.167	669536.33
87.3099401520479	87.3101901518479	4909.994	999.928	754632.14
97.3099321520543	97.3100821519343	5383.748	3555.279	841822.31
