0.00100999919200065	0.00107999913600069	1.505	0.881	15.5
0.00199999840000128	0.00215999827200138	1.612	0.941	21
0.00299999760000192	0.00323999740800207	1.775	0.974	30.47
0.00400999679200257	0.00413999668800265	1.78	0.968	39.98
0.00600999519200385	0.00611999510400392	2.099	0.997	64.19
0.00900999279200577	0.00917999265600588	2.148	1.092	81.97
0.0130099895920083	0.0133199893440085	6.641	1.156	117.06
0.0190099847920122	0.0192599845920123	2.931	1.279	180.8
0.0280099775920179	0.028079977536018	3.518	1.461	247.57
0.0419999664000269	0.0422999661600271	4.681	1.722	396.62
0.0630099495920403	0.0631799494560404	5.843	2.138	610.8
0.0940099247920602	0.0941399246880602	8.181	2.695	838.75
0.14100988719209	0.14111988710409	11.564	3.549	1214.49
0.211009831192135	0.211139831088135	14.653	4.539	1784.3
0.316009747192202	0.316259746992202	21.433	6.23	2650.04
0.474009620792303	0.474119620704303	29.912	8.017	3710.83
0.711009431192455	0.711179431056455	46.359	11.488	5722.38
1.06600914719268	1.06613914708868	67.624	16.972	9872.11
1.59899872080102	1.59911872070502	92.492	21.789	13810.23
2.39800808159353	2.39813808148954	146.536	31.175	20252.52
3.5970071223943	3.5972971221623	224.531	47.348	30650.77
5.39500568399545	5.39531568374745	333.559	68.679	45817.17
8.09199352640518	8.09207352634118	424.083	97.602	69483.43
12.1380002895998	12.1382902893678	667.238	146.309	105402.52
18.2069854344117	18.2071654342677	965.083	209.596	159164.46
27.3099881520095	27.3101181519055	1434.104	321.55	239137.65
37.3099801520159	37.3101901518479	1938.732	437.698	325967
47.3099721520223	47.3100821519343	2481.047	559.768	411406.05
57.3099641520287	57.3099741520207	2977.365	681.668	497582.96
67.3099561520351	67.3100461519631	3573.551	793.533	583919.66
77.3099481520415	77.3101181519055	4042.356	904.803	665058.38
87.3099401520479	87.3100101519919	4476.847	1009.155	754164.1
97.3099321520543	97.3102621517903	5015.263	1138.154	840746.46
