0.00100999919200065	0.00107999913600069	1.518	0.873	15.56
0.00200999839200129	0.00215999827200138	1.569	0.914	23.64
0.00299999760000192	0.00323999740800207	1.764	0.983	27.75
0.00400999679200257	0.00413999668800265	1.807	0.944	44.03
0.00599999520000384	0.00629999496000403	2.173	1.003	57.48
0.00900999279200577	0.00917999265600588	2.165	1.039	77.72
0.0129999896000083	0.0133199893440085	2.436	1.141	115.78
0.0190099847920122	0.0192599845920123	2.917	1.232	175.31
0.0280099775920179	0.0282599773920181	3.355	1.472	261
0.0420099663920269	0.042119966304027	4.361	1.659	369.66
0.0630099495920403	0.0631799494560404	5.573	2.041	535.13
0.0940099247920602	0.0943199245440604	8.502	2.924	799.51
0.14100988719209	0.14111988710409	11.659	3.508	1209.05
0.210999831200135	0.211319830944135	14.681	4.532	1717.78
0.316009747192202	0.316259746992202	22.983	6.029	2691.75
0.473999620800303	0.474119620704303	29.947	8.111	4117.62
0.711009431192455	0.711179431056455	48.625	11.358	5995.07
1.06600914719268	1.06613914708868	64.848	15.735	9476.23
1.59900872079302	1.59911872070502	92.898	21.722	14766.67
2.39800808159353	2.39813808148954	141.765	32.733	21212.88
3.5970071223943	3.5971171223063	203.622	46.312	31444.26
5.39500568399545	5.39513568389145	303.218	66.284	47390.57
8.09200352639718	8.09207352634118	426.14	98.311	69464.41
12.1380002895998	12.1381102895118	674.74	151.82	103999.96
18.2069954344037	18.2071654342677	1002.886	214.924	158711.41
27.3099881520095	27.3101181519055	1495.739	327.648	237994.2
37.3099701520239	37.3100101519919	2044.202	445.985	324386.77
47.3099721520223	47.3102621517903	2407.502	548.324	411344.84
57.3099641520287	57.3101541518767	2961.512	666.403	497397.17
67.3099461520431	67.3100461519631	3490.485	788.319	584119.26
77.3099481520415	77.3101181519055	4036.779	901.711	669185.1
87.3099401520479	87.3100101519919	4508.647	1017.919	754370.31
97.3099221520623	97.3100821519343	5023.598	1134.758	841852
