0.00100999919200065	0.00107999913600069	1.395	0.827	15.4
0.00200999839200129	0.00215999827200138	1.42	0.816	23.57
0.00300999759200193	0.00323999740800207	1.599	0.853	29.04
0.00400999679200257	0.00413999668800265	1.699	0.857	41.22
0.00600999519200385	0.00611999510400392	1.857	0.876	59
0.00900999279200577	0.00917999265600588	1.995	0.968	85.95
0.0130099895920083	0.0131399894880084	2.318	0.997	118.52
0.0190099847920122	0.0190799847360122	3.044	1.039	178.18
0.0280099775920179	0.028079977536018	3.305	1.201	242.07
0.0419999664000269	0.042119966304027	4.102	1.28	369.66
0.0630099495920403	0.0631799494560404	5.449	1.607	535.13
0.0940099247920602	0.0941399246880602	7.428	1.839	760.09
0.14100988719209	0.14129988696009	9.514	2.413	1190.3
0.211009831192135	0.211139831088135	14.239	3.136	1967.55
0.316009747192202	0.316079747136202	18.864	4.363	2659.2
0.474009620792303	0.474119620704303	27.671	6.273	4089.36
0.711009431192455	0.711179431056455	41.812	9.27	6808.94
1.06600914719268	1.06613914708868	61.313	13.075	9135.67
1.59900872079302	1.59929872056102	96.388	19.933	12854.07
2.39800808159353	2.39813808148954	129.488	29.003	21914.53
3.5969971224023	3.5971171223063	198.595	43.31	31037.17
5.39499568400345	5.39513568389145	291.104	64.945	48011.93
8.09200352639718	8.09225352619718	434.148	95.441	70445.38
12.1380002895998	12.1381102895118	651.849	144.295	103918.48
18.2069954344037	18.2071654342677	978.644	212.841	159515.67
27.3099881520095	27.3101181519055	1419.506	316.421	239186.38
37.3099801520159	37.3101901518479	1945.859	434.71	324583.5
47.3099721520223	47.3100821519343	2416.947	549.027	411232.41
57.3099641520287	57.3101541518767	2983.547	665.301	497086.35
67.3099561520351	67.3100461519631	3473.056	775.439	580756.2
77.3099481520415	77.3101181519055	3966.119	897.977	672012.02
87.3099401520479	87.3100101519919	4531.602	1009.402	753441.1
97.3099321520543	97.3102621517903	4953.744	3022.004	841862.92
