0.00100999919200065	0.00125999899200081	1.477	0.954	15.4
0.00200999839200129	0.00215999827200138	1.603	0.954	22.33
0.00300999759200193	0.00323999740800207	1.884	1.032	32.98
0.00399999680000256	0.00413999668800265	1.849	0.982	34.52
0.00600999519200385	0.00611999510400392	2.058	1.033	60.2
0.00900999279200577	0.00917999265600588	2.242	1.092	87.28
0.0130099895920083	0.0131399894880084	2.581	1.155	119.86
0.0190099847920122	0.0190799847360122	2.881	1.273	168.75
0.0280099775920179	0.028079977536018	3.607	1.451	250.3
0.0420099663920269	0.042119966304027	4.548	1.753	407.33
0.0630099495920403	0.0631799494560404	6.255	2.135	488.81
0.0940099247920602	0.0941399246880602	7.992	2.587	833.27
0.14100988719209	0.14111988710409	11.035	3.519	1085.67
0.211009831192135	0.211139831088135	15.002	4.558	2023.12
0.316009747192202	0.316079747136202	21.045	6.118	3143.7
0.473999620800303	0.474119620704303	32.514	8.313	3906.01
0.710999431200455	0.711179431056455	45.986	11.483	6308.7
1.06600914719268	1.06613914708868	70.873	15.584	10383.59
1.59900872079302	1.59911872070502	101.268	22.247	14357.07
2.39800808159353	2.39813808148954	145.75	32.061	21028.63
3.5970071223943	3.5971171223063	212.51	45.617	31516.08
5.39500568399545	5.39513568389145	296.946	67.375	47077.19
8.09200352639718	8.09225352619718	456.068	100.534	69878.39
12.1380002895998	12.1381102895118	662.165	153.524	107772.46
18.2069954344037	18.2071654342677	988.215	217.969	157840.23
27.3099881520095	27.3101181519055	1491.161	322.958	237483.93
37.3099801520159	37.3101901518479	1966.18	439.524	324514.15
47.3099721520223	47.3100821519343	2482.654	548.146	411331.52
57.3099641520287	57.3101541518767	3029.959	679.335	497009.05
67.3099561520351	67.3100461519631	3587.807	784.096	581448.32
77.3099481520415	77.3101181519055	4077.354	898.892	667292.74
87.3099401520479	87.3100101519919	4633.918	1040.378	754613.14
97.3099321520543	97.3100821519343	5107.627	1138.439	840213.4
