0.00100999919200065	0.00125999899200081	1.43	0.931	15.58
0.00200999839200129	0.0023399981280015	1.637	0.993	23.75
0.00300999759200193	0.00323999740800207	1.635	0.91	31.86
0.00399999680000256	0.00413999668800265	1.798	0.963	42.66
0.00600999519200385	0.00611999510400392	2.005	0.959	73.69
0.00900999279200577	0.00917999265600588	2.137	1.011	88.66
0.0130099895920083	0.0131399894880084	2.61	1.112	118.69
0.0190099847920122	0.0192599845920123	2.77	1.225	159.19
0.0280099775920179	0.028079977536018	7.502	1.391	240.75
0.0420099663920269	0.0422999661600271	4.23	1.664	370.75
0.0630099495920403	0.0631799494560404	5.693	2.085	613.51
0.0940099247920602	0.0941399246880602	8.154	2.748	880.82
0.14100988719209	0.14129988696009	10.52	3.215	1226.78
0.210999831200135	0.211139831088135	14.342	4.372	1848.32
0.316009747192202	0.316259746992202	20.016	6.026	2742.16
0.474009620792303	0.474119620704303	27.659	7.82	3712.24
0.711009431192455	0.711179431056455	38.767	11.031	6487.73
1.06600914719268	1.06613914708868	71.654	15.432	8411.3
1.59900872079302	1.59911872070502	87.628	21.806	13958.2
2.39799808160153	2.39813808148954	131.406	30.867	20614.77
3.5969971224023	3.5971171223063	189.118	45.344	31064.34
5.39500568399545	5.39513568389145	261.747	65.075	44577.21
8.09200352639718	8.09225352619718	410.243	96.604	69810.32
12.1380002895998	12.1381102895118	606.588	145.415	109988.96
18.2069954344037	18.2071654342677	877.9	210.045	155985.99
27.3099881520095	27.3102981517615	1322.488	321.116	236846.48
37.3099801520159	37.3101901518479	1766.652	426.35	324562.89
47.3099721520223	47.3102621517903	2281.968	547.705	412826.24
57.3099641520287	57.3101541518767	2738.474	668.348	501435.48
67.3099561520351	67.3102261518191	3211.974	790.348	580469.96
77.3099481520415	77.3101181519055	3617.405	880.626	672729.83
87.3099401520479	87.3100101519919	4135.626	999.407	761298.4
97.3099321520543	97.3100821519343	4633.538	1107.093	842993.1
