0.00100999919200065	0.00107999913600069	1.459	0.801	16.68
0.00200999839200129	0.00215999827200138	1.525	0.83	23.57
0.00300999759200193	0.00305999755200196	1.532	0.826	31.92
0.00400999679200257	0.00413999668800265	1.667	0.855	42.53
0.00600999519200385	0.00629999496000403	1.882	0.899	53.3
0.00900999279200577	0.00917999265600588	1.985	0.918	88.66
0.0130099895920083	0.0131399894880084	2.173	0.929	134.72
0.0190099847920122	0.0192599845920123	2.665	1.018	182.24
0.0280099775920179	0.028079977536018	3.35	1.14	245.95
0.0420099663920269	0.0422999661600271	3.939	1.283	365.25
0.0630099495920403	0.0631799494560404	5.2	1.508	519.97
0.0940099247920602	0.0941399246880602	9.799	1.836	860.65
0.14100988719209	0.14111988710409	9.461	2.371	1309.41
0.211009831192135	0.211319830944135	20.499	3.219	2062.47
0.316009747192202	0.316259746992202	18.964	4.162	2456.04
0.474009620792303	0.474119620704303	31.504	6.303	4032.12
0.710999431200455	0.711179431056455	47.374	9.361	5932.62
1.06600914719268	1.06613914708868	65.659	13.269	10928.98
1.59899872080102	1.59911872070502	90.644	19.768	14854.7
2.39800808159353	2.39813808148954	130.425	28.724	19940.48
3.5970071223943	3.5971171223063	205.329	43.742	33142.69
5.39500568399545	5.39513568389145	281.485	63.159	48778.46
8.09200352639718	8.09225352619718	455.075	95.855	71313.39
12.1380002895998	12.1382902893678	633.474	139.305	112703.54
18.2069954344037	18.2071654342677	1042.531	297.171	155964.39
27.3099781520175	27.3102981517615	1417.801	314.085	243070.52
37.3099801520159	37.3100101519919	1917.362	425.192	328506.61
47.3099721520223	47.3100821519343	2424.841	540.257	407815.1
57.3099641520287	57.3101541518767	2900.267	656.443	503700.98
67.3099561520351	67.3102261518191	3397.751	765.447	586528.52
77.3099481520415	77.3101181519055	3912.55	880.799	673764.8
87.3099401520479	87.3100101519919	4410.061	1010.534	760990.14
97.3099321520543	97.3100821519343	4758.377	2937.113	843608.88
