0.000959999232000614	0.0172799861760111	4.712	0.636	16.02
0.00203999836800131	0.0363599709120233	9.462	0.701	23.3
0.00278999776800179	0.0498599601120319	12.769	0.748	37.32
0.00416999666400267	0.0739799408160473	18.65	0.8	42.89
0.00601999518400385	0.106739914608068	26.152	0.966	58.7
0.00902999277600578	0.159839872128102	39.031	0.73	86.13
0.0128599897120082	0.223739821008143	54.613	0.776	126.04
0.0189899848080122	0.326879738496209	80.544	1.089	164.6
0.0274299780560176	0.463319629344297	110.838	1.547	257.84
0.0389599688320249	0.631079495136404	151.287	2.779	388.95
0.0628099497520402	0.897479282016574	213.757	3.916	160.32
0.0628199497440402	0.98441921246463	234.333	2.734	557.89
0.138499889200089	1.83275853379317	416.064	6.181	1309.25
0.213689829048137	2.44961804030557	504.891	10.589	2047.23
0.316949746440203	3.01787758569793	562.107	10.652	2986.09
0.474389620488304	3.60395711683431	626.491	19.28	4601.72
0.711999430400456	4.14143668685065	691.536	19.557	6196.59
1.06736914610468	4.63373629301097	734.871	28.186	10081.26
1.60265871787303	5.22683581853135	822.489	41.249	13958.42
2.39460808431353	6.02369518104386	939.008	59.897	22460.92
3.5968071225543	7.23509421192463	1093.245	92.374	34338.77
5.39139568688345	9.02033278373377	1364.647	142.423	50008.32
8.08694353044518	11.7275306179755	1736.139	202.757	71993.16
12.1389402888478	15.7667273866181	2224.642	295.219	109906.98
18.2146754282597	21.857922513662	3056.614	451.321	159825.27
27.3031581574735	30.9484552412358	4291.25	660.734	242741.05
37.3112601509919	40.9488872408902	5719.215	906.823	328605.29
47.3099921520063	50.9494992404006	7141.682	1152.195	413566.97
57.3094441524447	60.945971243223	8439.215	1388.747	499073.67
67.3137361490111	70.9393832484934	9828.585	1653.623	588596.38
77.3095581523535	80.9335152531878	11221.126	1882.437	674653.85
87.2890301687759	90.609767512186	12474.097	2225.202	760929.43
97.0947923241661	99.5039203968637	13681.709	3732.786	843973.6
