0.000919999264000589	0.0165599867520106	7.361	0.454	15.9
0.00199999840000128	0.0358199713440229	14.563	0.529	24.53
0.00304999756000195	0.0548999560800351	21.716	0.658	34.69
0.00427999657600274	0.0761399390880487	30.767	0.731	45.85
0.00490999607200314	0.0863999308800553	34.199	0.785	21.56
0.00625999499200401	0.111059911152071	44.538	0.868	60.5
0.0132099894320085	0.231839814528148	90.025	1.235	128.87
0.0184199852640118	0.316439746848203	122.816	2.66	164.84
0.0278999776800179	0.4692596245923	177.05	2.084	269.41
0.0415399667680266	0.678059457552434	255.327	2.727	350.78
0.0629199496640403	0.980819215344628	371.636	5.114	629.64
0.0948699241040607	1.37519889984088	513.849	6.921	793.84
0.139549888360089	1.84481852414518	636.151	8.206	1405.56
0.207939833648133	2.39669808264153	770.191	8.42	1737.1
0.314869748104202	3.02201758238593	864.103	14.511	2824.9
0.467479626016299	3.47939721648223	928.138	16.228	4262.26
0.705939435248452	4.11803670557064	1039.91	26.162	6755.75
1.06801914558468	4.64309628552297	1156.963	35.706	10618.15
1.59952872037702	5.21459582832334	1249.159	48.216	14612.78
2.1805282555774	4.65065627947498	973.508	55.422	17689.67
3.5991971206423	7.25057419954064	1615.012	101.864	30984.02
5.39445568443545	9.03185277451778	1986.697	147.133	46368.57
8.09509352392518	11.7397706081835	2601.426	217.147	71648.44
12.1390602887518	15.7922873661701	3322	334.026	107803.38
18.2041854366517	21.833982532814	4474.596	477.818	160439.54
27.3050881559295	30.9574552340358	6344.898	715.296	237889.34
37.3111201511039	40.9447472442022	8410.273	960.775	328135.81
47.3145621483503	50.9505792395366	10535.42	1214.334	419170.27
57.3132741493807	60.953351237319	12366.453	1464.789	504558.64
67.3143061485551	70.9411832470534	14340.301	1719.292	591512.25
77.3060081551935	80.9666352266918	16456.726	1976.875	677511.19
87.3027201578239	90.9366472506822	18305.951	2229.448	760605.66
97.1379222896622	99.6279402976478	19952.936	2485.88	846138.7
