0.000489999608000314	0.00881999294400564	4.3	0.48	9.9
0.00188999848800121	0.0338399729280217	13.831	0.918	23.21
0.00288999768800185	0.0516599586720331	20.299	0.952	36.06
0.00441999646400283	0.0786599370720503	31.222	0.747	44.3
0.00579999536000371	0.102599917920066	39.446	0.968	61.99
0.00898999280800575	0.158219873424101	60.525	0.997	85.85
0.0126699898640081	0.21923982460814	84.691	1.444	144.75
0.0192599845920123	0.329399736480211	125.723	1.585	181.89
0.0278299777360178	0.469799624160301	177.19	2.064	260.47
0.0409399672480262	0.67211946230443	255.929	4.046	376.1
0.0607199514240389	0.939419248464601	361.505	3.553	535.18
0.0960399231680615	1.4007588793929	523.286	5.886	858.47
0.14064988748009	1.85309851752119	669.134	8.782	1161.41
0.208629833096134	2.42495806003355	764.524	8.284	1925.96
0.317829745736203	3.04217756625795	885.857	11.547	2913.45
0.473369621304303	3.61763710589032	964.886	17.662	3797.66
0.710459431632455	4.13747669001865	1052.795	26.606	5893.77
1.06677914657668	4.64471628422697	1152.88	30.27	9144.91
1.59910872071302	5.21657582673934	1278.745	44.765	14798.88
2.29444816444147	5.09309592552326	1133.675	58.624	20932.2
3.5918071265543	7.23653421077263	1641.853	95.391	33626.15
5.39038568769145	9.04067276746179	1985.483	146.51	48268.64
8.09554352356518	11.7350906119275	2497.554	211.338	72383.17
12.1372402902078	15.7874273700581	3364.503	306.695	109105.17
18.2076054339157	21.85846251323	4499.72	448.895	159796.13
27.3139081488735	30.9144352684518	6511.13	697.913	241932.2
37.3130201495839	40.9539272368582	8528.107	926.403	328127.73
47.3069821544143	50.9500392399686	10381.506	1153.953	416343.16
57.3075041539967	60.951371238903	12437.314	1417.009	504012.38
67.3144961484031	70.9622432302054	14385.345	1647.741	590034.53
77.2975081619935	80.7662953869637	16306.245	1888.246	679426.39
87.3082001534399	90.8660873071302	18289.769	2151.069	760737.7
97.1894522484382	99.7886801690559	20084.496	2401.969	846281.7
