0.0009	0.0161999870400104	4.605	0.736	15.9
0.00212	0.0381599694720244	10.325	0.625	23
0.00312	0.0559799552160358	14.491	0.699	30.17
0.00407	0.0721799422560462	18.152	0.721	43.11
0.00589	0.104039916768067	25.677	0.885	57.43
0.00881	0.1556998754401	38.699	1.2	84.61
0.01032	0.176939858448113	43.223	1.101	42.93
0.01248	0.21815982547214	53.897	1.247	124.59
0.02812	0.477539617968306	114.66	3.099	250.21
0.04125	0.672839461728431	158.938	2.94	369.05
0.06252	0.970379223696621	230.913	4.73	532.02
0.094	1.35719891424087	323.693	4.832	856.6
0.14108	1.86299850960119	436.794	6.333	1409.31
0.20916	2.41343806924954	576.464	8.889	2018.85
0.31244	3.02651757878594	717.365	15.315	3065.52
0.47422	3.61133711093031	845.086	17.368	4590.19
0.70886	4.11983670413064	971.744	20.912	6199.41
1.06761	4.63283629373097	1099.121	34.252	9025
1.59861	5.21873582501134	1245.189	41.847	15126.38
2.40096	6.04061516750787	1474.926	62.867	21944.18
3.6019	7.24301420558864	1770.676	89.974	31771.66
5.39307	9.03491277206978	2239.819	143.149	48611.13
8.09395	11.7417506065995	2896.973	207.977	70794.39
12.13822	15.7895873683301	3922.76	300.637	106486.67
18.21236	21.859722512222	5473.6	441.467	159840.94
27.30991	30.9471952422438	7763.372	667.399	234744.4
37.31211	40.9204472636422	10307.203	913.492	322611.71
47.31279	50.9179992656006	12887.662	1141.809	408459.17
57.3146	60.954971236023	15366.047	1369.76	497475.49
67.30813	70.9523432381254	17929.286	1613.748	585777.64
77.30945	80.9522352382118	20387.532	1819.084	674064.68
87.30531	90.9492472406022	22934.821	2075.192	763874.41
97.21299	99.8648201081439	25189.364	2307.821	848467.99
