0.00103999916800067	0.018719985024012	1.678	0.482	15.95
0.00214999828000138	0.0385199691840247	2.521	0.937	23.01
0.00294999764000189	0.053099957520034	3.385	0.622	31.85
0.00396999682400254	0.0698399441280447	3.562	0.7	45.99
0.00590999527200378	0.105119915904067	5.027	0.827	60.5
0.00948999240800607	0.168119865504108	7.156	1.338	83.36
0.0128899896880083	0.224639820288144	9.786	1.373	127.5
0.018699985040012	0.322739741808207	12.611	1.743	186.3
0.0279999776000179	0.467459626032299	17.529	2.163	243.08
0.0430399655680275	0.707039434368453	25.359	4.176	430.74
0.0633399493280405	0.987479210016632	33.411	5.023	618.23
0.0856599314720548	1.21463902828878	44.382	4.404	796.78
0.141459886832091	1.86497850801719	70.031	6.691	1305.75
0.212059830352136	2.42279806176155	97.847	11.776	2006.88
0.315709747432202	3.03425757259394	133.091	15.587	2872.17
0.471119623104301	3.58001713598629	256.525	15.387	3797.61
0.711099431120455	4.12991669606664	414.35	22.17	6765.7
1.07001914398468	4.61339630928295	578.377	30.852	10057.91
1.60233871812903	5.22629581896334	716.85	43.017	15813.26
2.13763828988937	4.52195638243489	822.994	52.795	16809.64
3.5949271240583	7.24877420098064	1252.331	100.339	32978.82
5.39335568531545	9.04841276126979	1783.483	144.561	48014.47
7.70132383894093	9.92681205855035	2491.235	195.441	67310.56
12.1344202924638	15.7672673861861	3897.173	305.316	106589.06
18.2110754311397	21.817242546206	5737.333	460.591	160247.34
27.3137081490335	30.9311752550598	8695.669	683.362	241887.33
37.2938701649039	40.7503473997221	11563.845	926.43	329898.36
47.3073521541183	50.9413992468806	15209.331	1164.445	419012.1
57.3137041490367	60.955691235447	18246.912	1410.039	503809.01
67.2921061663151	70.6494034804772	20923.189	1651.633	592295.92
77.3058381553295	80.9659152272678	24411.111	1916.942	677628.55
87.2519901984078	90.2872077702338	27412.057	2145.056	759235.67
97.1811222551022	99.7579001936798	30429.324	2389.135	847240.02
