0.07693	1.36925890459288	877.143	13.878	12985.63
0.11695	2.06369834904132	1331.71	18.415	19889.39
0.35705	6.02099518320385	3807.775	46.428	60339.01
0.80344	13.0210095831923	8169.803	98.086	136254.3
6.1116	55.3467157226274	30535.521	571.159	681461.98
10.52102	75.4238996608803	40526.641	954.31	916096.53
32.16213	88.8166089467128	46787.971	2538.171	1409462.02
52.66985	99.8855200915839	52035.131	4072.95	1882143.94
66.18699	99.954640036288	52661.2	5113.164	2202572.72
79.2165	100.0	54424.07	5874.936	2499651.75
