0.00069	0.0124199900640079	8.997	1.194	107.48
0.00136	0.0244799804160157	17.011	2.125	232.24
0.00241	0.0433799652960278	28.482	1.687	379.39
0.00252	0.045359963712029	30.198	2.409	416.87
0.00302	0.0543599565120348	37.875	2.553	565.7
0.00657	0.118259905392076	76.607	3.582	1154.36
0.01004	0.180359855712115	117.07	4.533	1727.34
0.01349	0.242639805888155	153.641	5.241	2138.1
0.02507	0.448379641296287	283.333	7.047	4301.43
0.02678	0.479879616096307	301.366	7.343	4537.62
0.04485	0.802259358192513	503.356	10.155	8066.43
0.07154	1.27349898120082	798.252	13.608	10091.79
0.12512	2.22407822073742	1390.821	20.825	22512.77
0.16069	2.82653773876981	1753.999	17.686	24092.84
0.26456	4.60727631417895	2877.499	35.649	46338.08
0.30607	5.24375580499536	3293.952	43.501	49958.01
0.53836	8.98451281238975	5623.056	71.785	75080.43
0.95941	15.5242675805859	9737.31	121.475	151906.41
1.36635	20.9251632598694	13069.168	170.651	211638.91
1.93785	27.4467380426096	17106.4	229.525	281446.53
2.91216	36.9104104716716	22517.87	299.499	397604.73
3.98367	43.1137455090036	24887.337	423.854	497376.56
5.09522	45.8517233186213	25159.551	503.671	613456.25
9.92376	67.206006235195	35047.393	876.833	902193.56
14.15762	71.1015631187495	36647.044	1216.714	999270.4
24.56868	89.9201880638496	45845.13	2005.798	1235824.36
33.16429	93.748605001116	47484.903	2925.428	1427888.99
39.24767	92.9810856151315	48405.101	2899.561	1570351.23
47.13203	96.2365630107496	49513.635	4076.983	1756358.42
59.51678	99.96490002808	50807.039	5111.699	2034981.16
66.32532	99.987220010224	51539.15	5743.646	2193880.91
73.06223	99.999640000288	52724.354	5666.99	2356178.51
78.67576	100.0	53467.417	5924.818	2486656.83
