0.00154	0.0277199778240177	19.101	1.969	287.08
0.01064	0.190979847216122	122.063	4.724	1888.57
0.01462	0.262799789760168	168.873	5.444	2054.76
0.01606	0.288359769312185	182.654	5.787	2804
0.03645	0.651059479152417	407.572	7.302	6291.98
2.15861	30.7054554356357	19083.524	255.711	309774.17
6.63907	58.4803332157334	31674.423	475.77	730847.53
10.97736	75.7216194227045	39418.858	1123.512	926697.54
15.89967	80.2486158011074	40722.794	1557.52	1041769.53
66.62293	99.994960004032	51718.102	5667.903	2204113.04
