0.00068	0.0122399902080078	2.867	1.347	100.77
0.0014	0.0251999798400161	4.883	1.96	222.18
0.00247	0.0444599644320285	6.386	2.418	329.59
0.00371	0.0667799465760427	8.628	2.873	553.37
0.00411	0.0739799408160473	9.063	2.971	654.72
0.00692	0.12455990035208	13.992	3.596	1179.51
0.00961	0.17243986204811	18.867	4.471	1780.5
0.01172	0.210419831664135	22.422	5.03	2103.97
0.01706	0.305819755344196	32.331	6.198	2867.22
0.03546	0.635759491392407	57.673	9.146	6084.3
0.05431	0.972539221968622	87.488	11.698	9269.63
0.08219	1.46393882884894	135.189	15.527	14206.25
0.11591	2.05793835364932	188.886	20.331	19162.81
0.16082	2.83355773315381	251.561	26.517	22500.44
0.25798	4.49243640605088	401.453	36.216	41014.08
0.41008	7.0259343792525	618.67	58.829	67913.77
0.6081	10.1699918640065	879.939	83.769	100100
0.88854	14.3328485337212	1276.985	117.575	148129.99
1.20258	18.3731253014998	1704.066	143.473	159594.61
1.85308	26.1404790876167	2226.929	212.334	267131.5
3.10386	39.3956684834652	3688.809	278.55	418667.74
4.73196	51.6702186638251	4750.438	552.676	581877.19
7.08921	62.9625096299923	7263.483	775.08	763139.69
9.8499	66.6638466689227	11624.771	1008.592	899413.95
16.61866	84.8130521495583	18979.686	1682.547	1054270.88
24.9734	91.6899466480427	24465.759	2499.004	1244776.3
30.12935	86.3390909287273	28889.468	2809.168	1362760.07
43.50466	99.3579405136476	27801.624	4124.28	1671403.54
50.83641	99.3133005493596	28131.646	4947.515	1841092.03
59.14246	99.9094600724319	31684.891	4130.525	2033787.83
65.75291	99.96310002952	40174.429	6022.997	2180025.46
72.47604	99.997660001872	41045.109	6777.921	2335054.42
78.67815	100.0	41127.705	7094.81	2487302
