0.00199999840000128	0.0199799840160128	2.652	1.141	857.18
0.00299999760000192	0.0199799840160128	2.816	1.173	1155.8
0.00399999680000256	0.0221399822880142	2.839	1.165	1617.57
0.0049999960000032	0.0221399822880142	2.713	1.21	1793.07
0.00699999440000448	0.0241199807040154	2.777	1.23	2724.51
0.0099999920000064	0.0278999776800179	3.009	1.4	4102
0.013999988800009	0.0298799760960191	2.909	1.399	5399.17
0.0199999840000128	0.0379799696160243	3.568	1.507	7346.67
0.0279999776000179	0.0439199648640281	3.505	1.664	11831.27
0.0429999656000275	0.0599399520480384	6.05	1.91	15146.13
0.063999948800041	0.0818999344800524	4.388	2.328	21851.66
0.0949999240000608	0.112139910288072	4.93	2.929	33872.91
0.141999886400091	0.160019871984102	5.831	3.666	47908.14
0.211999830400136	0.228059817552146	7.898	4.743	77464.33
0.316999746400203	0.333899732880214	10.138	6.6	101254.1
0.474999620000304	0.491939606448315	15.218	8.76	136667.73
0.711999430400456	0.730079415936467	18.89	12.331	288047.43
1.06699914640068	1.08395913283269	23.345	17.043	380157.76
1.59899872080102	1.61603870716903	31.766	24.351	472686.04
2.39899808080154	2.41595806723355	44.984	34.646	552778.62
3.5979971216023	3.61385710891431	70.532	51.606	657714.31
5.39499568400345	5.41205567035546	104.184	79.288	721483.79
8.09299352560518	8.11007351194119	152.406	114.939	740984.35
12.1389902888078	12.1561102751118	246.925	176.201	723401.25
18.2079854336117	18.2258854192917	382.042	267.346	737312.27
27.3099781520175	27.3281181375055	682.687	384.205	756854.44
37.3099701520239	37.3280101375919	1022.079	517.228	780663.36
47.3109621512303	47.3280821375343	1341.329	664.15	802444.84
57.3109541512367	57.3279741376207	1710.802	790.919	824547.05
67.3109461512431	67.3278661377071	1993.384	927.148	846588.78
77.3109381512495	77.3279381376495	2356.358	1044.248	867894.71
87.3109301512559	87.3278301377359	2692.138	1185.682	890408.65
97.3109221512623	97.3279021376783	2995	1321.639	912059.14
