0.000799999360000512	0.0143999884800092	11.366	0.452	323.58
0.00138999888800089	0.025019979984016	18.967	0.521	636.38
0.00215999827200138	0.0388799688960249	28.951	0.763	939.8
0.00267999785600172	0.0482399614080309	34.385	0.941	1038.05
0.00300999759200193	0.0541799566560347	38.2	0.701	1069.47
0.00725999419200465	0.130679895456084	91.06	1.011	3214.78
0.00831999334400533	0.149219880624095	105.498	1.582	3083.73
0.00977999217600626	0.175679859456112	122.543	1.371	4660.37
0.0241899806480155	0.433079653536277	292.728	3.438	9439.59
0.0246399802880158	0.442079646336283	303.32	3.415	8909.88
0.037489970008024	0.67157946273643	447.825	4.94	15000.01
0.0706599434720452	1.25891899286481	825.713	7.414	24701.54
0.118589905128076	2.10545831563335	1409.521	10.019	47294.96
0.159309872552102	2.80007775993779	1834.842	13.344	51018.53
0.174319860544112	3.03677757057794	1955.696	15.932	67853.93
0.330509735592212	5.66261546990762	3458.475	27.57	97389.01
0.567029546376363	9.46835242531806	5688.84	42.287	166682.7
0.957529233976613	15.4697276242179	8908.58	89.22	333584.87
1.2423790060968	18.9937648049882	9852.827	131.086	402247.02
1.97886841690527	27.9674776260179	12889.413	184.016	523328.46
2.74455780435376	34.7729121816703	14496.696	230.777	586391
4.02336678130658	43.727545017964	12485.089	294.125	669037.2
6.93806444954844	61.3201909438472	10563.28	436.686	739799.18
10.4863316109347	71.4302428558057	8036.528	522.691	725463.25
14.7038382369294	73.8393609285113	7395.682	536.683	729280.12
22.3019821584143	81.4511948390441	7024.662	597.725	745513.81
33.2807333754133	94.1125647099482	5234.401	704.546	770717.71
42.214786228171	97.6436218851025	3726.577	760.336	790192.05
49.6440902847278	98.521301182959	2985.066	772.522	806331.04
58.5737831409735	99.8061401550879	2843.654	785.155	827141
66.3025969579224	99.989920008064	2874.065	806.51	843217.05
72.4605220315824	99.998020001584	2932.417	833.277	857281.73
78.6583970732823	100.0	2888.579	834.805	870879.45
