0.000659999472000422	0.0118799904960076	10.332	0.64	275.9
0.00127999897600082	0.0230399815680147	18.726	0.561	541.53
0.00167999865600108	0.0302399758080194	23.484	0.55	707.43
0.0034299972560022	0.0617399506080395	47.549	0.723	1265.56
0.00516999586400331	0.0930599255520596	67.956	0.908	2123.79
0.00795999363200509	0.143279885376092	106.013	1.066	3130
0.00809999352000518	0.145619883504093	107.364	1.133	3064.45
0.0101299918960065	0.181799854560116	130.319	1.897	3653.29
0.0191899846480123	0.344699724240221	247.464	1.91	7147.19
0.0307599753920197	0.551879558496353	403.019	2.359	11402.99
0.0508199593440325	0.910259271792583	663.749	5.134	18724.23
0.0555599555520356	0.991979206416635	726.647	5.722	20522.91
0.121209903032078	2.15495827603338	1458.921	10.142	44730.75
0.165639867488106	2.92265766187387	2001.112	14.766	57920.61
0.181889854488116	3.17177746257803	2130.956	13.278	63704.79
0.347869721704223	5.95763523389181	4049.258	26.525	111439
0.488829608936313	8.18963344829324	5094.663	37.376	137816.25
0.79607936313651	12.8474897220082	7464.503	78.587	285157.31
1.38852888917689	21.2866029707176	11447.689	137.674	439189.59
1.94983844012925	25.2750397799682	10560.871	171.232	528422.52
2.11540830767335	30.0367559705952	15077.063	209.202	542199.16
3.67211706230635	40.0605879515296	8422.426	261.28	649746.63
5.55854555316356	49.4551404358876	6835.104	330.305	718583.53
8.77078298337361	60.0229319816544	7019.521	423.114	740229.17
16.2287770169784	82.2458942032846	6271.098	611.264	732695.8
22.9148016681587	83.5415331667735	6131.425	626.141	746914.71
33.5197031842374	94.7627241898206	4265.203	709.956	771203.61
43.5501251598999	99.4627004298397	2821.878	760.838	793158.52
51.8338185329452	99.8572601141919	2854.958	829.352	812003.63
58.4944932044054	99.7919201664639	2796.933	771.444	826941.3
64.9872180102256	99.9076600738719	2839.588	782.02	841223.06
72.6232919013665	99.998740001008	2882.096	826.94	857788.96
78.6415170867863	100.0	2875.397	846.176	870814.41
