0.000699999440000448	0.0125999899200081	10.409	0.443	303.71
0.00122999901600079	0.0221399822880142	16.57	0.505	509.88
0.00300999759200193	0.0541799566560347	38.876	0.544	1073.4
0.00430999655200276	0.0775799379360497	56.273	0.797	1750.19
0.00660999471200423	0.118799904960076	83.436	0.682	2379.94
0.0103399917280066	0.185939851248119	127.977	0.808	4044.55
0.0144899884080093	0.260099791920166	180.238	1.636	5094.89
0.0237399810080152	0.424979660016272	291.956	1.786	10102.14
0.0385399691680247	0.691019447184442	476.633	3.494	15000.01
0.252929797656162	4.39775648179481	2805.12	18.556	84167.75
0.336309730952215	5.76413538869169	3639.691	24.192	103198.05
0.638109489512408	10.6925314459748	6474.727	45.829	172734.16
1.31399894880084	20.0462239630208	10927.918	128.163	423844.44
3.07718753824997	39.044848764121	15599.561	268.513	634785
3.98540681167455	43.2984253612597	8126.857	289.537	666755.83
4.95744603404317	44.8230241415807	6824.099	307.549	710727.68
7.73998380801295	54.1340566927546	6282.389	375.768	741013
15.2376878098498	76.520638783489	6183.621	531.383	730522.92
25.1324298940561	92.5346859722512	4979.986	662.011	752987.08
43.4774852180118	99.3597405122076	2888.325	1555.938	793087.13
47.1881622494702	96.3393429285257	3730.093	1558.667	800688.8
59.5563423549261	99.974440020448	2846.925	1580.605	828866.69
66.2229170216664	99.986320010944	2915.368	1622.769	843094.39
73.0263915788867	99.999640000288	2866.278	1637.836	858483.19
78.6306570954743	100.0	2879.583	1609.061	870925.78
