0.000799999360000512	0.0143999884800092	11.77	0.708	398.97
0.000869999304000557	0.01565998747201	12.732	0.653	363.27
0.00177999857600114	0.0318599745120204	25.253	0.575	707.43
0.00520999583200333	0.09377992497606	67.734	0.841	2166.52
0.00736999410400472	0.132299894160085	97.126	0.98	2801.81
0.0111999910400072	0.201239839008129	142.268	1.249	4209.22
0.0284899772080182	0.511379590896327	354.153	2.263	10109.57
0.0342499726000219	0.612899509680392	423.412	4.027	14945.32
0.114309908552073	2.00897839281729	1360.644	9.664	46905.01
0.251459798832161	4.3705765035388	2840.056	18.017	83717.36
0.426679658656273	7.32113414309269	4622.803	33.646	123479.92
0.639029488776409	10.6945114443908	6608.679	50.163	176866.41
1.06199915040068	16.2689269848584	9019.966	93.51	360452.33
3.23347741321807	41.1915270467784	16204.063	276.009	632504.89
4.40785647371482	47.7604417916466	9276.596	330.797	695699.4
6.27716497826802	55.2810157751874	7511.764	386.561	732831.09
7.94774364180509	55.2338558129154	7075.333	383.048	741091.14
16.5901667278666	84.6670722663422	6106.684	624.15	733630.99
23.7161510270792	86.4985708011434	5572.722	631.951	749294.48
40.1339878928097	94.4711244231005	4012.059	700.134	785261.84
48.5786411370871	97.6254418996465	2866.694	741.396	803863.85
58.9948928040858	99.8952400838079	2869.89	812.063	827069.72
66.5565667547466	99.994240004608	2810.853	819.169	844488.96
72.6376318898945	99.998740001008	2909.788	840.669	857843.33
78.6530070775943	100.0	2911.45	798.882	870830.9
