0.001	0.00125999899200081	2010.839	1348.397	705556
0.00201	0.00215999827200138	2032.305	1226.308	705556
0.00301	0.00323999740800207	2147.324	1232.556	705556
0.00401	0.00431999654400277	2156.666	1229.397	705556
0.00601	0.00629999496000403	2070.871	1209.235	705556
0.00901	0.00917999265600588	2134.478	1236.794	705556
0.01301	0.0131399894880084	2037.769	1255.158	705556
0.01901	0.0190799847360122	2133.822	1252.435	705556
0.02801	0.0282599773920181	1997.2	1281.703	705556
0.04201	0.042119966304027	2076.076	1209.354	705556
0.06301	0.0631799494560404	2051.235	1229.061	705556
0.09401	0.0941399246880602	2008.602	1221.945	705556
0.141	0.14111988710409	2139.673	1220.635	705556
0.21101	0.211139831088135	2185.448	1233.449	705556
0.31601	0.316079747136202	1983.986	1287.932	705556
0.47401	0.474119620704303	2126.477	1246.561	705556
0.711	0.711179431056455	2001.251	1034.639	705556
1.06601	1.06613914708868	1935.738	1283.571	705556
1.59901	1.59911872070502	2022.669	1231.542	705556
2.39801	2.39831808134553	2185.476	1253.484	705556
3.597	3.5971171223063	1969.991	1042.773	705556
5.39501	5.39513568389145	2101.735	1128.085	705556
8.092	8.09207352634118	2061.832	1299.523	705556
12.13801	12.1381102895118	2230.905	1224.333	705556
18.20701	18.2071654342677	2047.071	1290.775	705556
27.31001	27.3101181519055	2116.334	1353.441	705556
37.31001	37.3101901518479	2244.962	1273.786	705556
47.31001	47.3100821519343	2220.684	1316.465	705556
57.31	57.3101541518767	2189.936	1299.051	705556
67.31001	67.3102261518191	2186.174	1372.094	705556
77.31001	77.3101181519055	2144.26	1399.683	705556
87.31001	87.3100101519919	2245.911	1429.454	705556
97.31001	97.3100821519343	2367.516	1422.853	705556
