0.00101	0.00107999913600069	2587.126	1158.73	705556
0.00201	0.00215999827200138	2589.898	1089.622	705556
0.003	0.00305999755200196	2589.819	1264.635	705556
0.00401	0.00413999668800265	2602.635	1066.781	705556
0.00601	0.00611999510400392	2582.712	1132.982	705556
0.00901	0.00917999265600588	2602.5	1091.301	705556
0.01301	0.0133199893440085	2625.23	1244.597	705556
0.01901	0.0192599845920123	2597.903	1134.404	705556
0.028	0.028079977536018	2617.087	1225.467	705556
0.04201	0.042119966304027	2601.274	1214.036	705556
0.06301	0.0631799494560404	2607.63	1282.506	705556
0.09401	0.0941399246880602	2605.103	1095.315	705556
0.14101	0.14111988710409	2611.957	1099.156	705556
0.21101	0.211139831088135	2587.665	1108.618	705556
0.31601	0.316259746992202	2576.785	1047.423	705556
0.47401	0.474119620704303	2621.154	1056.216	705556
0.71101	0.711179431056455	2597.463	1201.988	705556
1.06601	1.06613914708868	2616.202	1153.124	705556
1.59901	1.59929872056102	2556.025	1052.87	705556
2.39801	2.39813808148954	2603.334	1071.217	705556
3.59701	3.5972971221623	2583.736	1123.63	705556
5.39501	5.39513568389145	2603.262	1110.151	705556
8.09201	8.09225352619718	2577.715	1285.76	705556
12.13801	12.1382902893678	2620.326	1241.248	705556
18.20701	18.2071654342677	2586.968	1170.797	705556
27.31001	27.3101181519055	2624.211	1167.361	705556
37.31001	37.3100101519919	2617.059	1171.468	705556
47.31001	47.3100821519343	2648.615	1287.206	705556
57.31001	57.3101541518767	2680.746	1283.538	705556
67.31001	67.3100461519631	2615.23	1346.078	705556
77.31001	77.3101181519055	2703.32	1334.015	705556
87.31001	87.3101901518479	2669.598	1294.174	705556
97.31001	97.3100821519343	2693.765	1221.822	705556
