0.002	0.0179999856000115	13.52	2.01	784.3
0.003	0.0199799840160128	14.199	1.917	1166.19
0.004	0.0199799840160128	15.333	1.994	1483.75
0.004	0.0219599824320141	16.096	1.995	1962.12
0.007	0.0239399808480153	17.756	1.601	3107.77
0.009	0.0260999791200167	18.06	2.079	4152.95
0.014	0.0300599759520192	21.081	2.504	6114.67
0.02	0.035999971200023	25.368	2.807	8152.77
0.029	0.0458999632800294	34.608	3.516	12679.24
0.043	0.0599399520480384	46.677	2.784	16261.05
0.064	0.0820799343360525	49.76	5.183	25792.62
0.093	0.10997991201607	66.708	6.488	36132.41
0.142	0.160019871984102	70.301	6.165	57484.17
0.212	0.230039815968147	83.567	11.748	79592.82
0.317	0.333899732880214	90.225	15.784	123536.13
0.475	0.492119606304315	106.225	22.18	163647.65
0.712	0.727919417664466	133.119	31.743	259034.68
1.067	1.08395913283269	175.404	44.375	389684.68
1.6	1.61603870716903	217.549	65.711	592930.86
2.399	2.41613806708955	295.834	105.211	779989.87
3.598	3.61601710718631	414.763	132.014	1117820.06
5.396	5.41205567035546	574.028	225.788	1509198.51
8.093	8.10989351208519	858.085	295.796	1902287.4
12.139	12.1561102751118	1199.304	489.62	2151064.69
18.207	18.2240854207317	1845.419	761.541	2437754.66
27.311	27.3279381376495	2717.499	1163.791	2843272.15
37.311	37.3280101375919	3558.594	1514.423	3289291.51
47.311	47.3279021376783	4468.66	1713.063	3703224.76
57.311	57.3279741376207	5454.888	2380.485	4141528.75
67.311	67.3278661377071	6560.31	2399.107	4553880.93
77.311	77.3279381376495	7641.395	3190.281	4995766.1
87.311	87.3280101375919	8796.181	3061.115	5416022.46
97.311	97.3279021376783	9573.13	3367.117	5855039.32
