0.002	0.0179999856000115	13.515	1.867	820.48
0.003	0.0199799840160128	14.76	1.363	1166.19
0.004	0.0221399822880142	15.908	2.021	1576.2
0.005	0.0219599824320141	15.984	2.15	2066.63
0.007	0.0239399808480153	17.248	2.161	2862.58
0.01	0.0278999776800179	20.221	2.344	3429.37
0.013	0.0300599759520192	21.083	2.46	6323.71
0.02	0.0379799696160243	26.869	2.122	7228.19
0.029	0.0458999632800294	36.528	3.469	11107.43
0.042	0.0581399534880372	44.966	4.171	17523.36
0.064	0.0820799343360525	49.458	5.295	26837.84
0.095	0.111959910432072	67.426	6.615	39449.07
0.142	0.160019871984102	72.936	9.161	55550.34
0.211	0.228059817552146	82.475	12.31	94593.92
0.317	0.334079732736214	94.057	17.018	119659.9
0.475	0.492119606304315	112.322	23.126	178221.47
0.712	0.727919417664466	131.237	34.227	270377.98
1.067	1.08413913268869	164.07	45.807	405357.85
1.6	1.61801870558504	221.103	72.842	537251.1
2.399	2.41613806708955	304.937	98.397	789607.54
3.598	3.61601710718631	414.593	138.732	1081171.75
5.396	5.41403566877147	587.061	210.083	1447886.5
8.093	8.11007351194119	878.293	350.86	1855717.91
12.139	12.1561102751118	1258.16	511.548	2169502.39
18.208	18.2239054208757	1940.536	681.128	2425183.49
27.311	27.3279381376495	2660.004	1129.909	2811177.21
37.311	37.3280101375919	3849.514	1380.811	3253271.92
47.311	47.3279021376783	4791.313	1946.346	3696133.94
57.311	57.3277941377647	5942.506	2058.226	4145591.99
67.311	67.3280461375631	6489.266	2882.971	4567081.29
77.311	77.3279381376495	7400.256	3272.547	4998156.16
87.311	87.3280101375919	9026.503	3197.809	5417926.07
97.311	97.3279021376783	9951.317	4203.721	5859748.36
