0.003	0.0199799840160128	4.446	1.516	1282.4
0.007	0.0239399808480153	4.959	2.292	3118.92
0.02	0.035999971200023	6.858	3.025	8729.11
0.028	0.0440999647200282	7.933	3.506	10734.46
0.317	0.334079732736214	52.73	16.363	124601.42
0.475	0.491939606448315	75.093	17.985	197636.46
0.712	0.729899416080467	108.13	32.625	294403.52
1.066	1.08395913283269	158.351	46.867	411040.41
3.598	3.61601710718631	521.153	155.952	1133055.04
5.396	5.41205567035546	758.115	207.368	1438400.96
12.139	12.1559302752558	1740.609	522.635	2168742.65
37.311	37.3280101375919	5167.922	1333.738	3257371.46
67.311	67.3278661377071	9452.358	2487.455	4561106.38
77.311	77.3279381376495	10750.358	2754.329	5006859.84
