0.00099999920000064	0.0179999856000115	2478.912	623.903	705556.12
0.00198999840800127	0.0358199713440229	2503.348	624.989	705556.12
0.00290999767200186	0.0521999582400334	2517.343	619.235	705556.12
0.00411999670400264	0.0741599406720475	2495.835	645.724	705556.12
0.00583999532800374	0.104579916336067	2516.999	649.731	705556.12
0.00834999332000534	0.150119879904096	2506.139	624.297	705556.12
0.012479990016008	0.223919820864143	2488.814	629.536	705556.12
0.0132199894240085	0.236699810640151	2491.763	628.886	705556.12
0.026529978776017	0.474479620416304	2499.791	626.053	705556.12
0.0412799669760264	0.732239414208469	2481.086	642.243	705556.12
0.0602099518320385	1.06613914708868	2465.405	621.976	705556.12
0.0940199247840602	1.64861868110506	2469.223	637.493	705556.12
0.137849889720088	2.40047807961754	2506.771	632.511	705556.12
0.211259830992135	3.61403710877031	2499.377	632.796	705556.12
0.299219760624191	4.9978760016992	2498.583	630.601	705556.12
0.471449622840302	7.60247391802087	2502.38	630.409	705556.12
0.641609486712411	8.93699285040572	2476.219	637.863	705556.12
0.682379454096437	10.3543117165506	2510.989	643.366	705556.12
1.59926872058502	20.261863790509	2475.655	656.747	705556.12
2.07160834271333	21.4595828323337	2505.963	640.009	705556.12
3.47191722246622	30.1940758447393	2486.383	637.827	705556.12
4.28720657023474	26.9151984678412	2484.227	646.684	705556.12
6.94287444570044	32.3427341258127	2518.878	649.149	705556.12
11.0600711519431	38.2683293853365	2506.981	843.184	705556.12
18.1650754679396	53.8854768916185	2494.663	697.95	705556.12
27.2139182288654	62.2884101692719	2506.017	702.149	705556.12
35.6530414775668	61.6443706845034	2513.428	713.533	705556.12
47.2606821914542	82.6532338774129	2512.389	726.617	705556.12
56.9835744131405	89.125848699321	2477.826	766.267	705556.12
66.2190670247464	93.678945056844	2511.904	759.764	705556.12
75.1843698525041	98.1818214545428	2497.69	780.935	705556.12
83.9796028163178	99.977680017856	2544.238	782.564	705556.12
90.57398754081	100.0	2484.596	781.348	705556.12
