0.000959999232000614	0.0172799861760111	2527.849	1225.249	705556.12
0.00162999869600104	0.0293399765280188	2525.439	1240.495	705556.12
0.00193999844800124	0.0349199720640224	2534.282	1252.466	705556.12
0.00326999738400209	0.0588599529120377	2539.199	1293.205	705556.12
0.00400999679200257	0.071819942544046	2540.171	1237.879	705556.12
0.00844999324000541	0.151559878752097	2547.748	1239.075	705556.12
0.00845999323200541	0.152099878320097	2525.164	1237.654	705556.12
0.0180599855520116	0.323999740800207	2531.981	1250.259	705556.12
0.0276999778400177	0.495179603856317	2547.457	1281.991	705556.12
0.034309972552022	0.608039513568389	2546.42	1239.831	705556.12
0.0407999673600261	0.728099417520466	2547.542	1262.721	705556.12
0.060899951280039	1.06685914651268	2523.611	1246.245	705556.12
0.0912399270080584	1.57949873640101	2527.579	1254.505	705556.12
0.207119834304133	3.54059716752227	2538.201	1256.018	705556.12
0.3120197503842	5.21693582645134	2538.717	1248.867	705556.12
0.469709624232301	7.54073396741283	2547.912	1275.531	705556.12
0.710969431224455	10.8289713368229	2523.287	1253.333	705556.12
0.775139379888496	10.6574314740548	2537.283	1242.481	705556.12
1.57614873908101	19.8926840858527	2554.605	1277.968	705556.12
2.29250816599347	24.4670204263837	2535.282	1241.469	705556.12
3.52427718057826	30.8874352900518	2537.419	1255.066	705556.12
5.04808596153123	33.0571535542772	2548.401	1280.644	705556.12
7.09971432022854	33.2360734111413	2543.307	1246.462	705556.12
12.0274503780397	46.3028029577576	2530.698	1278.048	705556.12
18.0448555641155	52.1092383126093	2563.739	1290.654	705556.12
27.1855382515694	61.8931304854956	2528.454	1286.46	705556.12
36.6667206666235	66.7840865727307	2530.253	1330.544	705556.12
47.2717521825983	82.859873712101	2540.732	1325.638	705556.12
57.0747543401965	90.2369878104098	2540.267	1346.793	705556.12
66.3227369418104	94.1654846676123	2534.304	1345.5	705556.12
75.01534998772	97.8484617212306	2541.662	1384.122	705556.12
83.1131035095172	99.7809401752479	2553.437	1403.87	705556.12
90.609567512346	100.0	2532.189	1367.918	705556.12
