0.00100999919200065	0.0181799854560116	2516.87	764.423	705556.12
0.00160999871200103	0.0289799768160185	2522.103	790.385	705556.12
0.00212999829600136	0.0383399693280245	2518.629	774.504	705556.12
0.00282999773600181	0.0507599593920325	2520.674	772.565	705556.12
0.00450999639200289	0.0809999352000518	2510.085	776.531	705556.12
0.00894999284000573	0.161099871120103	2521.321	764.869	705556.12
0.0105699915440068	0.189719848224121	2538.495	772.266	705556.12
0.0158599873120101	0.283139773488181	2507.908	762.857	705556.12
0.0177299858160113	0.317699745840203	2516.072	783.534	705556.12
0.0419799664160269	0.748799400960479	2513.304	767.259	705556.12
0.0576999538400369	1.02275918179265	2518.308	764.357	705556.12
0.0936399250880599	1.64627868297705	2505.962	771.87	705556.12
0.139659888272089	2.42621805902555	2523.263	781.569	705556.12
0.186109851112119	3.17393746085003	2509.734	772.479	705556.12
0.314649748280201	5.00867599305921	2535.709	774.667	705556.12
0.316669746664203	5.28875576899538	2510.194	773.89	705556.12
0.646479482816414	9.74843220125424	2520.678	769.437	705556.12
0.739439408448473	10.1966318426945	2537.582	785.273	705556.12
1.57636873890501	19.8952040838367	2533.599	784.677	705556.12
1.58186873450501	16.4829468136425	2534.516	782.832	705556.12
3.57076714338629	31.7888745689003	2515.477	783.828	705556.12
5.29491576406739	36.0408311673351	2533.709	789.436	705556.12
7.810783751373	38.8995888803289	2519.772	791.93	705556.12
10.0943819244945	34.2383126093499	2511.597	817.108	705556.12
18.1994954404036	54.4650764279389	2507.584	823.194	705556.12
27.3077681537855	63.5736091411127	2525.597	839.143	705556.12
37.3221301422959	73.6267810985751	2537.037	865.325	705556.12
46.5805727355418	76.0571391542887	2518.745	872.175	705556.12
54.1925566459547	77.3516981186415	2522.339	882.213	705556.12
66.8850264919788	97.5205019835984	2523.456	893.533	705556.12
74.5809003352797	97.0669023464781	2522.363	904.992	705556.12
84.1271526982778	99.991720006624	2523.613	924.994	705556.12
90.599477520418	100.0	2527.381	935.25	705556.12
