0.00113999908800073	0.0205199835840131	4389.084	809.968	705556.12
0.00209999832000134	0.0377999697600242	4410.378	805.517	705556.12
0.00290999767200186	0.0523799580960335	4425.44	809.227	705556.12
0.00404999676000259	0.0728999416800467	4395.242	802.423	705556.12
0.0051499958800033	0.0926999258400593	4358.395	813.762	705556.12
0.00882999293600565	0.158219873424101	4427.486	804.853	705556.12
0.0115199907840074	0.206639834688132	4470.678	808.082	705556.12
0.0141999886400091	0.254339796528163	4507.543	821.753	705556.12
0.0238499809200153	0.426419658864273	4426.806	803.702	705556.12
0.0378899696880243	0.674819460144432	4469.504	806.303	705556.12
0.0480899615280308	0.851039319168545	4453.069	813.856	705556.12
0.0667299466160427	1.17269906184075	4504.743	815.647	705556.12
0.102939917648066	1.78739857008114	4399.209	827.275	705556.12
0.190109847912122	3.24395740483408	4530.441	820.497	705556.12
0.306199755040196	5.10029591976326	4361.786	801.782	705556.12
0.461699630640296	7.43795404963676	4380.621	817.383	705556.12
0.70317943745645	10.7168314265349	4463.522	811.13	705556.12
1.05493915604868	14.9129880696095	4440.336	814.019	705556.12
1.53240877407298	19.1888846488923	4402.795	833.243	705556.12
2.36896810482552	25.7563593949125	4441.323	822.149	705556.12
3.31259734992212	28.119577504338	4434.84	818.318	705556.12
5.37055570355544	37.2671701862639	4443.519	822.902	705556.12
7.16211427030858	33.6162331070135	4462.331	840.091	705556.12
12.1383302893358	47.9370216503827	4486.324	839.852	705556.12
18.1917654465876	54.2656365874907	4562.382	870.108	705556.12
26.1650090679927	53.7648769880984	4494.133	878.673	705556.12
35.5987715209828	61.4487108410313	4486.752	881.992	705556.12
44.1776146579083	67.3876260898991	4607.063	910.351	705556.12
55.6568154745476	81.6216547026762	4648.102	933.187	705556.12
65.9528172377462	92.5537659569872	4494.227	934.554	705556.12
76.0027791977766	99.6344202924638	4543.581	944.299	705556.12
84.1180227055818	99.99190000648	4642.236	963.396	705556.12
90.608477513218	100.0	4528.432	957.521	705556.12
