0.000599999520000384	0.0107999913600069	4349.486	844.589	705556.12
0.00226999818400145	0.040679967456026	4270.978	861.447	705556.12
0.00263999788800169	0.0473399621280303	4471.345	852.165	705556.12
0.003129997496002	0.0563399549280361	4619.503	868.399	705556.12
0.00569999544000365	0.102599917920066	4584.829	867.634	705556.12
0.00863999308800553	0.154979876016099	4400.168	846.847	705556.12
0.0128199897440082	0.229499816400147	4487.848	859.466	705556.12
0.0182499854000117	0.32741973806421	4355.634	837.059	705556.12
0.0275999779200177	0.493919604864316	4467.864	855.409	705556.12
0.0382999693600245	0.682019454384436	4456.271	857.384	705556.12
0.0631399494880404	1.11959910432072	4458.083	852.097	705556.12
0.0833299333360533	1.46573882740894	4622.189	871.899	705556.12
0.135099891920086	2.3497181202255	4503.569	871.124	705556.12
0.205419835664131	3.51899718480225	4375.665	849.996	705556.12
0.315679747456202	5.28659577072338	4441.651	849.808	705556.12
0.368089705528236	5.86421530862775	4381.724	844.911	705556.12
0.605999515200388	9.11519270784583	4304.639	855.782	705556.12
1.06840914527268	15.1201679038657	4588.601	867.921	705556.12
1.58794872964102	20.0514439588448	4339.144	846.637	705556.12
2.23685821051343	23.7002210398232	4483.271	872.12	705556.12
3.36858730513016	28.8831368934905	4526.187	872.645	705556.12
4.80638615489108	30.6658554673156	4562.664	878.337	705556.12
7.01714438628449	32.7169538264369	4417.593	865.743	705556.12
10.8285813371349	37.0889703288237	4436.486	888.962	705556.12
15.8348873320901	40.0301679758656	4469.703	902.262	705556.12
26.595858723313	56.1631950694439	4608.035	932.468	705556.12
34.8620921103263	59.0970127223898	4397.96	876.553	705556.12
46.2598829920936	74.2701005839195	4516.229	926.965	705556.12
57.0663243469405	90.3235677411458	4638.64	921.913	705556.12
66.3889868888105	94.5271043783165	4555.983	964.078	705556.12
74.0885107291914	96.1915630467496	4477.341	913.722	705556.12
83.9339328528537	99.969220024624	4514.995	931.177	705556.12
90.58023753581	100.0	4484.624	924.646	705556.12
