0.00101999918400065	0.0183599853120118	2533.354	1225.021	705556.12
0.00118999904800076	0.0214199828640137	2529.163	1207.515	705556.12
0.00266999786400171	0.0480599615520308	2525.251	1220.711	705556.12
0.00272999781600175	0.0489599608320313	2531.507	1218.942	705556.12
0.00551999558400353	0.0993599205120636	2530.896	1239.649	705556.12
0.00868999304800556	0.1560598751521	2538.473	1224.644	705556.12
0.0129299896560083	0.231839814528148	2535.772	1213.376	705556.12
0.0191099847120122	0.34307972553622	2528.382	1242.811	705556.12
0.0270999783200173	0.485279611776311	2538.992	1213.901	705556.12
0.0289199768640185	0.51533958772833	2526.896	1228.91	705556.12
0.0633799492960406	1.12427910057672	2543.065	1218.531	705556.12
0.0909899272080582	1.59875872099302	2538.154	1246.247	705556.12
0.120849903320077	2.09177832657734	2529.072	1235.601	705556.12
0.188499849200121	3.21263742989006	2551.875	1220.117	705556.12
0.293289765368188	4.88537609169913	2542.832	1229.551	705556.12
0.471049623160301	7.56881394494884	2549.442	1250.96	705556.12
0.710769431384455	10.875591299527	2534.353	1253.249	705556.12
1.05796915362468	14.9554680356256	2542.096	1232.456	705556.12
1.60277871777703	20.278063777549	2538.202	1207.983	705556.12
2.39439808448153	26.1345390923687	2530.645	1242.203	705556.12
3.05908755272996	25.3533397173282	2531.468	1229.885	705556.12
3.40415727667418	22.2114422308462	2532.395	1226.329	705556.12
7.6597438722049	37.3512301190159	2529.904	1224.959	705556.12
10.4949216040627	35.7063914348869	2527.003	1242.436	705556.12
18.1918854464916	54.3187365450108	2531.451	1271.922	705556.12
26.2512189990248	54.1938166449467	2527.711	1270.313	705556.12
34.4606024315181	58.0827135338292	2538.767	1294.283	705556.12
47.2250422199662	82.1629142696686	2545.453	1318.58	705556.12
56.9017544785964	88.4152092678326	2538.948	1323.943	705556.12
66.8575965139228	97.2978421617263	2541.272	1315.406	705556.12
75.5080095935923	98.7565609947512	2526.905	1343.858	705556.12
83.6935330451736	99.9251200599039	2531.308	1340.785	705556.12
90.593367525306	100.0	2548.066	1356.123	705556.12
