0.000819999344000525	0.0147599881920094	2514.115	624.742	705556.12
0.00138999888800089	0.025019979984016	2518.833	626.792	705556.12
0.00291999766400187	0.0523799580960335	2497.741	642.599	705556.12
0.00363999708800233	0.0655199475840419	2530.919	623.649	705556.12
0.00442999645600284	0.0793799364960508	2510.634	624.398	705556.12
0.00894999284000573	0.160199871840103	2514.229	633.636	705556.12
0.00895999283200574	0.160919871264103	2489.658	621.224	705556.12
0.0130599895520084	0.23435981251215	2491.666	622.962	705556.12
0.025019979984016	0.447119642304286	2519.679	628.471	705556.12
0.0389699688240249	0.694079444736444	2528.223	628.378	705556.12
0.0511299590960327	0.902699277840578	2522.132	634.23	705556.12
0.0941399246880602	1.65977867217706	2509.381	623.994	705556.12
0.123939900848079	2.14955828035338	2512.651	634.629	705556.12
0.12485990011208	2.13083829532936	2517.273	644.052	705556.12
0.315749747400202	5.28227577417938	2490.067	635.909	705556.12
0.367809705752235	5.84009532792374	2518.639	634.981	705556.12
0.712559429952456	10.8550713159429	2510.67	627.374	705556.12
1.06530914775268	15.0294479764416	2494.894	654.438	705556.12
1.50901879278497	18.7871249703	2523.793	652.665	705556.12
1.74593860324912	18.0568655545076	2500.678	632.418	705556.12
2.87723769820984	23.7198410241272	2517.056	641.397	705556.12
5.28058577553138	35.8167313466149	2501.706	657.809	705556.12
7.74554380356496	38.2141494286805	2523.052	654.932	705556.12
12.0147203882237	46.1451230839015	2518.428	669.467	705556.12
18.1621554702756	53.8267969385625	2497.019	677.959	705556.12
27.2897681681855	63.3624693100246	2506.178	710.018	705556.12
37.2934501652399	73.3027813577749	2517.784	712.559	705556.12
47.2645521883583	82.856813714549	2498.576	731.51	705556.12
57.1986942410446	91.7209066232747	2518.91	749.078	705556.12
65.9333372533302	92.4434260452592	2515.741	750.278	705556.12
75.6931894454484	99.0827207338234	2499.688	758.936	705556.12
83.5634631492295	99.8997400802079	2518.621	779.661	705556.12
90.608357513314	100.0	2504.034	795.571	705556.12
