0.000879999296000563	0.0158399873280101	2540.285	1259.842	705556.12
0.00164999868000106	0.029699976240019	2544.712	1239.167	705556.12
0.00178999856800115	0.0322199742240206	2525.548	1229.267	705556.12
0.00252999797600162	0.0455399635680291	2528.294	1226.681	705556.12
0.00615999507200394	0.110879911296071	2553.27	1216.205	705556.12
0.00711999430400456	0.128159897472082	2533.966	1237.275	705556.12
0.00940999247200602	0.168839864928108	2556.571	1257.369	705556.12
0.0169999864000109	0.303839756928194	2536.077	1242.668	705556.12
0.0276999778400177	0.495359603712317	2545.666	1268.422	705556.12
0.0407999673600261	0.726479418816465	2530.055	1231.864	705556.12
0.0627999497600402	1.11203911036871	2548.714	1245.67	705556.12
0.0911299270960583	1.60163871868903	2533.055	1229.95	705556.12
0.14120988703209	2.46005803195357	2533.69	1229.906	705556.12
0.188529849176121	3.21209743032206	2529.432	1220.963	705556.12
0.3121697502642	5.22323582141134	2524.681	1209.848	705556.12
0.469689624248301	7.55027395978083	2541.567	1215.575	705556.12
0.60946951242439	9.12977269618184	2551.154	1248.804	705556.12
0.941779246576603	11.6873906500875	2535.986	1247.311	705556.12
1.06157915073668	15.0161279870976	2526.568	1234.426	705556.12
2.00932839253729	20.7230234215813	2529.393	1242.834	705556.12
3.57286714170629	31.7849145720683	2530.159	1259.262	705556.12
5.24884580092336	35.4137116690307	2530.151	1251.171	705556.12
7.80249375800499	38.8130089495928	2540.878	1268.59	705556.12
12.1382002894398	47.9352216518227	2541.114	1273.613	705556.12
15.618327505338	39.4404884476092	2556.973	1292.439	705556.12
27.2236382210894	62.437270050184	2532.229	1320.545	705556.12
36.2131510294792	64.051508758793	2543.102	1317.669	705556.12
46.6764326588539	76.7306986154411	2547.894	1319.327	705556.12
57.1711042631166	91.4752068198345	2547.183	1334.753	705556.12
66.7633465893227	96.6115027107978	2517.43	1340.818	705556.12
75.8929592856326	99.4164404668476	2556.562	1358.483	705556.12
82.864813708149	99.7003002397598	2529.878	1366.577	705556.12
90.609957512034	100.0	2527.732	1374.741	705556.12
