0.000979999216000627	0.0176399858880113	4401.103	805.041	705556.12
0.00133999892800086	0.0241199807040154	4446.296	807.426	705556.12
0.00286999770400184	0.0514799588160329	4550.27	824.93	705556.12
0.00378999696800243	0.0682199454240437	4469.213	812.45	705556.12
0.00566999546400363	0.102059918352065	4482.993	838.34	705556.12
0.00761999390400488	0.136979890416088	4713.314	835.734	705556.12
0.0128999896800083	0.231119815104148	4628.152	826.088	705556.12
0.0195799843360125	0.351359718912225	4467.657	807.412	705556.12
0.0228199817440146	0.40589967528026	4426	810.191	705556.12
0.0261399790880167	0.467099626320299	4443.663	805.172	705556.12
0.0420099663920269	0.741959406432475	4497.75	819.7	705556.12
0.0799099360720511	1.4020188783849	4471.317	815.472	705556.12
0.14013988788809	2.43665805067356	4562.517	817.232	705556.12
0.162119870304104	2.76191779046577	4409.578	825.259	705556.12
0.222809821752143	3.68639705088236	4463.501	817.48	705556.12
0.366839706528235	5.83163533469173	4591.75	828.425	705556.12
0.68812944949644	10.4569116344707	4520.67	823.797	705556.12
0.759069392744486	10.4369316504547	4489.59	824.433	705556.12
1.57988873608901	19.8793640965087	4585.398	829.582	705556.12
2.07421834062533	21.4840628127497	4456.053	821.55	705556.12
3.03968756824995	25.1454398836481	4601.143	832.174	705556.12
5.39342568525945	37.565969947224	4558.474	827.887	705556.12
5.75464539628368	27.0813383349293	4383.956	816.913	705556.12
11.9348204521436	45.1607038714369	4470.29	844.942	705556.12
17.4626860298512	46.83866252907	4484.937	864.417	705556.12
27.3143581485135	63.6567690745847	4531.842	870.033	705556.12
37.2359702112238	72.4612820309744	4603.239	887.556	705556.12
47.2693321845342	82.9723736221011	4475.854	905.592	705556.12
56.9574944340045	89.012268790185	4577.263	928.731	705556.12
65.7187674249861	91.6539466768427	4518.061	930.714	705556.12
75.9955492035606	99.6047203162237	4619.799	956.505	705556.12
83.1150835079332	99.7820201743839	4635.145	963.125	705556.12
90.587247530202	100.0	4692.762	978.341	705556.12
