0.000509999592000326	0.00917999265600588	895.211	855.752	705556.12
0.00131999894400084	0.0235799811360151	834.405	787.725	705556.12
0.00285999771200183	0.0514799588160329	823.351	789.102	705556.12
0.00297999761600191	0.0536399570880343	823.189	769.935	705556.12
0.00304999756000195	0.054719956224035	827.9	749.481	705556.12
0.00576999538400369	0.103859916912066	831.765	786.087	705556.12
0.00823999340800527	0.148139881488095	818.88	766.121	705556.12
0.0143099885520092	0.257039794368164	821.331	781.935	705556.12
0.021879982496014	0.392579685936251	819.242	782.871	705556.12
0.0222599821920142	0.398699681040255	813.021	768.775	705556.12
0.035889971288023	0.64115948707241	818.203	774.156	705556.12
0.0495599603520317	0.883619293104566	816.087	771.144	705556.12
0.073479941216047	1.30319895744083	836.896	781.177	705556.12
0.136519890784087	2.40389807688154	823.459	778.976	705556.12
0.256999794400164	4.47893641685087	827.711	782.424	705556.12
0.336169731064215	5.75189539848368	814.157	788.937	705556.12
0.521509582792334	8.71163303069357	817.482	778.657	705556.12
0.948539241168607	15.3185277451778	835.863	787.621	705556.12
1.38124889500088	21.1235231011815	837.148	792.774	705556.12
1.83223853420917	25.8827192938246	823.889	788.682	705556.12
2.39490808407353	30.4453556437155	818.134	785.102	705556.12
3.68329705336236	40.0901079279137	839.885	784.998	705556.12
6.8780744975404	60.7495914003269	841.116	805.847	705556.12
9.48358241313407	64.1598686721051	859.682	807.971	705556.12
12.455860035312	63.9838288129369	858.772	824.404	705556.12
25.4786396170883	94.1838446529243	899.918	855.886	705556.12
34.8258521393183	98.373521301183	908.533	871.343	705556.12
43.0058055953555	98.7504409996472	924.194	880.556	705556.12
51.595158723873	99.7440402047678	947.147	905.234	705556.12
59.396632482694	99.946720042624	950.752	907.748	705556.12
65.612747509802	99.951040039168	957.539	906.744	705556.12
73.0674215460628	99.999460000432	964.961	914.891	705556.12
78.6572170742263	100.0	971.893	929.786	705556.12
