0.00074999940000048	0.0134999892000086	1984.357	1638.223	705556.12
0.00121999902400078	0.0219599824320141	1939.14	1627.167	705556.12
0.00238999808800153	0.0430199655840275	1945.683	1618.123	705556.12
0.0028199977440018	0.0507599593920325	1932.594	1634.413	705556.12
0.0053199957440034	0.0955799235360612	1937.512	1613.99	705556.12
0.00533999572800342	0.0961199231040615	1907.684	1622.654	705556.12
0.00837999329600536	0.150659879472096	1960.107	1624.723	705556.12
0.0154599876320099	0.277919777664178	1932.016	1609.744	705556.12
0.0200499839600128	0.35981971214423	1946.628	1627.801	705556.12
0.0338599729120217	0.605339515728387	1962.695	1637.296	705556.12
0.0494999604000317	0.884699292240566	1947.496	1627.289	705556.12
0.0829699336240531	1.48013881588895	1963.094	1631.304	705556.12
0.12440990047208	2.20517823585741	1983.594	1642.207	705556.12
0.162989869608104	2.84723772220982	1930.754	1634.924	705556.12
0.180119855904115	3.17105746315403	1961.72	1646.267	705556.12
0.309649752280198	5.30297575761939	1958.505	1629.192	705556.12
0.441539646768283	7.39475408419673	1957.763	1624.258	705556.12
0.933749253000598	15.0724679420256	1957.952	1625.715	705556.12
1.38890888887289	21.2500629999496	1967.153	1626.75	705556.12
1.48144881484095	21.1467430826055	1939.921	1612.243	705556.12
2.98004761596191	37.6714498628401	1963.302	1636.76	705556.12
4.20532663573869	45.5165635867491	1967.465	1646.768	705556.12
6.62751469798824	58.3374133300693	1952.316	1638.36	705556.12
8.96007283194174	60.898811280951	1970.722	1658.304	705556.12
15.8644073084742	79.9301960558432	1990.494	1660.911	705556.12
21.9875924099261	80.2334958132033	2028.536	1727.269	705556.12
33.2957233634213	94.1064447148442	2004.524	1698.492	705556.12
43.3373953300837	99.2015206387835	2033.233	1702.634	705556.12
51.1168891064887	99.4736804210557	2053.541	1731.31	705556.12
59.5670923463261	99.967960025632	2054.118	1756.704	705556.12
66.2911469670824	99.981280014976	2064.99	1770.344	705556.12
72.9496816402547	99.99910000072	2083.717	1767.979	705556.12
78.6497870801703	100.0	2079.783	1742.118	705556.12
