0.000879999296000563	0.0158399873280101	2940.575	721.042	705556.12
0.001559998752001	0.0278999776800179	2956.101	716.761	705556.12
0.0017199986240011	0.0309599752320198	2952.109	713.408	705556.12
0.0034299972560022	0.0617399506080395	2930.256	718.534	705556.12
0.00480999615200308	0.0865799307360554	2937.364	724.741	705556.12
0.00634999492000406	0.114119908704073	2936.747	715.175	705556.12
0.0107999913600069	0.194219844624124	2944.914	709.196	705556.12
0.0160199871840103	0.287819769744184	2915.431	669.399	705556.12
0.0160499871600103	0.288539769168185	2932.145	678.25	705556.12
0.0241399806880154	0.432179654256277	2927.601	722.679	705556.12
0.0338599729120217	0.605159515872387	2934.171	703.054	705556.12
0.0600299519760384	1.07261914190469	2930.736	699.437	705556.12
0.102379918096066	1.81763854588916	2956.326	707.542	705556.12
0.153099877520098	2.69729784216173	2946.404	732.436	705556.12
0.242579805936155	4.2173966260827	2916.968	678.572	705556.12
0.311189751048199	5.33033573573141	2930.176	725.816	705556.12
0.479029616776307	8.01629358696513	2923.949	722.798	705556.12
0.918379265296588	14.8240681407455	2916.09	732.274	705556.12
1.41526886778491	21.7022226382219	2938.116	730.285	705556.12
1.74120860703311	24.5527003578397	2908.542	725.955	705556.12
2.08504833196133	26.8151185479052	2909.605	719.751	705556.12
4.85400611679511	53.107877513698	2936.638	730.939	705556.12
5.27753577797138	47.1821022543182	2958.522	729.727	705556.12
9.63735229011817	65.2054878356097	2921.703	756.044	705556.12
16.8437165250268	86.4047908761673	2949.36	764.88	705556.12
23.453501237199	85.3386517290786	2911.194	778.229	705556.12
33.0039235968611	93.3324453340437	2982.663	791.178	705556.12
40.4705576235539	94.9445240443808	2918.023	798.418	705556.12
50.9079492736406	99.3440805247356	2941.023	818.659	705556.12
57.5257439794048	99.5552203558237	2931.171	819.655	705556.12
66.2306470154824	99.98290001368	2922.545	820.056	705556.12
72.5377719697824	99.996580002736	2918.418	835.511	705556.12
78.6677270658183	100.0	2946.69	839.887	705556.12
