0.002	0.0179999856000115	3.526	1.865	825.67
0.003	0.0199799840160128	4.024	1.443	1234.21
0.004	0.0219599824320141	4.079	2.049	1687.8
0.005	0.0221399822880142	4.207	2.036	2123.79
0.006	0.0219599824320141	4.049	2.065	2968
0.01	0.028079977536018	4.788	2.314	3776.15
0.014	0.0300599759520192	5.179	1.678	5459.97
0.02	0.0379799696160243	6.046	2.587	6256.26
0.029	0.0458999632800294	7.527	2.876	10551.25
0.043	0.0599399520480384	8.357	3.335	15946.54
0.064	0.0799199360640512	10.526	4.181	25036.99
0.093	0.10997991201607	14.455	4.624	31681.97
0.142	0.160019871984102	19.862	6.579	54966.71
0.211	0.227879817696146	27.173	8.245	66294.3
0.316	0.333899732880214	36.232	11.042	84155.45
0.474	0.489959608032314	54.674	14.849	120236.52
0.712	0.727919417664466	79.983	18.25	167545.75
1.067	1.08413913268869	109.979	27.557	376921.9
1.6	1.61801870558504	164.433	39.753	480742.48
2.398	2.41613806708955	249.852	57.968	576548.91
3.598	3.61601710718631	352.513	83.981	667705.07
5.396	5.41385566891547	543.541	130.683	720384.61
8.093	8.11007351194119	783.495	190.69	740841.38
12.139	12.1559302752558	1237.676	298.055	723973.36
18.208	18.2260654191477	1782.465	423.54	737874.74
27.31	27.3259581392335	2520.419	625.84	757867.59
37.311	37.3278301377359	3674.688	790.161	779892.27
47.311	47.3280821375343	4568.161	993.303	801646.82
57.311	57.3277941377647	5388.884	1380.63	824079.4
67.311	67.3278661377071	6267.403	1544.717	845250.55
77.311	77.3279381376495	7330.798	1755.294	868215.29
87.311	87.3280101375919	8006.395	1718.502	890722.58
97.311	97.3279021376783	9650.481	1937.505	912169.78
