0.00109	0.0196199843040126	5.594	0.405	402.41
0.00193	0.0347399722080222	9.492	0.444	796.37
0.00315	0.0566999546400363	14.752	0.722	1266.71
0.0037	0.0665999467200426	17.248	0.737	1664.67
0.00604	0.108539913168069	27.526	0.618	2814.39
0.00926	0.166679866656107	41.697	0.721	3751.02
0.01268	0.228239817408146	56.141	0.789	5001.24
0.01976	0.355319715744227	89.159	1.278	7911.71
0.02859	0.511919590464328	125.818	1.632	10798.08
0.04189	0.751859398512481	182.283	2.151	16595
0.06329	1.13111909510472	275.361	4.21	23915.62
0.09447	1.68713865028908	406.567	5.192	35895.82
0.14114	2.51009799192161	599.234	7.481	58498.27
0.20943	3.70457703633837	889.82	13.486	79083.55
0.31577	5.53301557358754	1331.818	17.149	124028.79
0.47506	8.22689341848526	1956.744	24.237	175972.39
0.71651	12.1337902929678	2896.929	44.342	265796.83
1.06173	17.4727660217872	4171.146	63.011	399026.83
1.60712	25.2446198043042	6024.617	91.614	555770.92
2.40615	35.5013715989027	8434.781	133.873	768060.81
3.59185	48.1850614519508	11243.008	188.426	1125102.49
5.38861	63.0688895448884	13374.37	282.819	1487006.28
8.09201	78.10373751701	13842.626	410.165	1922854.11
12.14137	90.2945877643298	14200.542	623.378	2151909.38
18.21937	97.3178221457423	14726.122	1258.295	2428320.51
27.32673	99.6887802489758	15261.681	1950.005	2815567.16
37.33829	99.978760016992	16001.122	2623.732	3246873.68
47.3343	99.998920000864	16817.535	3398.85	3674976.51
57.30758	100.0	17513.293	4081.937	4098185.66
67.3241	100.0	18251.204	4844.532	4538033.9
77.30862	100.0	18855.818	5577.483	4982310.81
87.31397	100.0	19775.027	6304.736	5416389.14
97.30976	100.0	20395.944	7030.408	5849980.99
