0.00100999919200065	0.0181799854560116	5.401	0.664	418.46
0.00173999860800111	0.0311399750880199	8.509	0.558	768.16
0.00275999779200177	0.0496799602560318	13.216	0.65	1298.75
0.00369999704000237	0.0664199468640425	17.166	0.714	1608.24
0.00592999525600379	0.106739914608068	27.605	0.858	2476.48
0.00826999338400529	0.148859880912095	38.144	1.422	3670.29
0.0133999892800086	0.240839807328154	59.461	2.193	5350.49
0.0184099852720118	0.330839735328212	80.82	1.513	7822.56
0.0284799772160182	0.511739590608328	125.255	3.386	11046.32
0.0440399647680282	0.789479368416505	192.432	3.238	15793.57
0.0610599511520391	1.0942191246247	265.582	4.966	23820.99
0.0951599238720609	1.69973864020909	407.294	6.776	34590.12
0.14132988693609	2.51387798889761	603.38	9.429	56507.06
0.210329831736135	3.71717702625838	882.999	12.474	83567.05
0.316309746952202	5.54777556177955	1318.25	19.253	121677.45
0.473639621088303	8.17703345837323	1954.34	30.17	173644.19
0.714389428488457	12.1012103190317	2922.319	49.308	276427.52
1.06931914454468	17.6122659101873	4175.298	64.842	404181.12
1.60475871619303	25.2458798032962	6036.204	102.062	519749.96
2.39978808016954	35.4023716781027	8439.993	146.878	798578.4
3.5947171242263	48.2369014104789	11339.79	212.273	1146420.15
5.39476568418745	63.1113695109044	13395.365	304.166	1509577.41
8.10372351702119	78.142977485618	13902.055	444.014	1877692.03
12.1463502829198	90.2899077680738	14264.371	663.993	2169757.49
18.2130854295317	97.3430221255823	14738.341	994.122	2435048.97
27.3318881344895	99.6893202485438	15209.795	1491.745	2828221.15
37.3284701372239	99.97840001728	15809.056	2057.273	3263558.71
47.3060921551263	99.999640000288	16370.74	2595.124	3678584.82
57.3131341494927	100.0	17005.055	3216.424	4107456.73
67.3175161459871	100.0	17606.279	3768.262	4541334.97
77.2998581601135	100.0	18029.16	4260.5	4979758.54
87.3130701495439	100.0	18562.107	4882.177	5424853.36
97.3116621506703	100.0	19273.241	5372.385	5853708.48
