0.00097	0.0174599860320112	6.349	0.454	394.37
0.00192	0.0345599723520221	12.336	0.586	776.27
0.00311	0.0559799552160358	18.815	0.605	1302.89
0.00351	0.0631799494560404	21.369	0.717	1684.77
0.00551	0.0991799206560635	32.592	0.803	2360.13
0.00913	0.164159868672105	54.001	1.58	3690.73
0.01345	0.242099806320155	77.956	1.24	5081.65
0.01901	0.341459726832219	110.422	2.725	7236.37
0.02784	0.50057959953632	160.781	2.982	11437.31
0.04072	0.730439415648467	228.612	3.272	15831.22
0.06144	1.1006991194407	347.545	4.277	24675.5
0.09302	1.66193867044906	519.139	5.947	36716.05
0.14183	2.52467798025762	790.499	8.705	54554.35
0.21096	3.72959701632239	1159.064	12.497	78404.23
0.31901	5.59079552736358	1744.005	21.933	118435.78
0.47755	8.25335339731728	2557.409	29.929	175353.46
0.71378	12.0749303400557	3715.109	41.681	262808.73
1.06889	17.5712259430192	5426.437	64.492	416230.88
1.5991	25.1996198403041	7790.466	96.24	572174.46
2.40349	35.4970516023587	10923.664	138.583	771906.28
3.5953	48.2955813635349	14637.315	207.729	1076685.89
5.39017	63.0991295206964	17220.418	299.554	1473623.49
8.08986	78.092217526226	17797.91	458.757	1932608.09
12.14102	90.2522877981698	18190.592	674.574	2166851.07
18.19827	97.2742621805903	18614.316	1005.195	2446152
27.32461	99.6709602632318	19117.76	1501.778	2829529.06
37.31253	99.977860017712	19601.395	2079.839	3272175.32
47.30692	99.99910000072	20363.801	2627.494	3697771.21
57.31398	100.0	20887.133	3208.224	4123551.74
67.32349	100.0	21672.69	3774.58	4555467.11
77.31942	100.0	21968.506	4271.121	4982644.08
87.31683	100.0	22510.597	4853.942	5421306.61
97.31712	100.0	23026.013	5381.075	5849535.94
