0.00106999914400068	0.0192599845920123	8.703	0.539	402.38
0.00230999815200148	0.0415799667360266	17.445	0.618	828.45
0.00287999769600184	0.0518399585280332	20.907	0.65	1330.9
0.00397999681600255	0.0716399426880459	28.698	0.591	1551.96
0.00611999510400392	0.10979991216007	43.843	0.632	2315.69
0.00895999283200574	0.161279870976103	62.482	0.709	3730.57
0.0134099892720086	0.241379806896154	93.067	0.98	4602.82
0.0192399846080123	0.345959723232221	133.498	1.146	7746.15
0.0276199779040177	0.495719603424317	191.518	1.579	10238.32
0.0427699657840274	0.766979386416491	295.876	2.295	16939.1
0.06249995000004	1.12067910345672	430.225	4.632	24797.7
0.0927799257760594	1.65617867505706	637.15	6.076	39285.18
0.139499888400089	2.47877801697759	947.084	9.441	57901.74
0.211679830656135	3.7434570052344	1422.222	12.189	84451.08
0.319849744120205	5.60339551728359	2146.498	20.299	116900.31
0.476259618992305	8.23643341085327	3124.113	28.56	190580.87
0.711039431168455	12.0468503625197	4563.631	40.397	249779.68
1.06715914627268	17.5674459460432	6675.125	58.878	400107.16
1.59978872016902	25.1893598485121	9585.27	87.346	547320.5
2.40558807552954	35.4824716140227	13417.254	131.41	802345.63
3.5937371250103	48.2745213803829	17833.741	186.59	1088441.13
5.39253568597145	63.1378294897364	21030.66	275.337	1508833.71
8.09649352280518	78.178977456818	21587.754	406.04	1900954.12
12.1468502825198	90.2274478180417	21784.144	625.25	2148676.61
18.2178954256837	97.3167421466063	22508.381	1267.824	2405090.45
27.3266981386415	99.6797802561758	23009.607	1942.623	2838178.86
37.3155901475279	99.974440020448	23599.576	2627.561	3258285.28
47.3120421503663	99.998920000864	24509.308	3413.445	3697092.91
57.3181741454607	100.0	25262.697	4088.119	4129413.7
67.3078761536991	100.0	26119.753	4884.11	4564946.58
77.3264981388015	100.0	26582.904	5532.906	4978201.54
87.3166501466799	100.0	27326.634	6353.914	5413382.16
97.3153221477423	100.0	28225.957	7104.157	5849405.59
