0.000819999344000525	0.0147599881920094	6.996	0.495	366.2
0.0020299983760013	0.0363599709120233	15.458	0.62	715.9
0.00297999761600191	0.0536399570880343	22.674	0.642	1085.71
0.00364999708000234	0.0656999474400421	26.575	0.776	1592.16
0.00589999528000378	0.106199915040068	42.474	0.843	2339.8
0.00911999270400584	0.164159868672105	64.993	1.233	3529.59
0.012549989960008	0.225719819424144	89.32	1.461	4940.47
0.0192199846240123	0.345419723664221	136.089	2.732	7585.36
0.0274599780320176	0.493919604864316	190.446	3.282	12666.18
0.0413299669360265	0.741779406576475	286.47	4.473	16714
0.0626399498880401	1.12139910288072	429.899	5.418	23873.13
0.0950399239680608	1.69739864208109	651.362	6.063	34171.89
0.14010988791209	2.4922780061776	950.817	10.404	50299.83
0.213319829344137	3.76685698651441	1431.773	13.005	91261.55
0.314619748304201	5.51177559057953	2111.328	21.203	131326.56
0.473049621560303	8.19107344714124	3143.93	31.761	174298.77
0.715419427664458	12.1186703050638	4624.027	45.297	257288.75
1.07042914365669	17.6381858894513	6702.119	67.072	385260.25
1.60591871526503	25.2725197819842	9641.412	93.584	535695.19
2.40094807924154	35.4286516570787	13404.195	133.901	799791.14
3.5992871205703	48.3197013442389	17855.692	195.863	1086476.46
5.39573568341145	63.1396294882964	21058.558	279.488	1460011.48
8.09476352418918	78.134877492098	21601.269	406.102	1865018.56
12.1478502817198	90.1986478410817	22040.307	583.981	2172803.48
18.2169554264357	97.3126021499183	22519.694	874.33	2404394.51
27.3311181351055	99.6779802576158	22803.318	1293.22	2819498.8
37.3141301486959	99.97660001872	23313.308	1804.974	3258624.85
47.3033921572863	99.999820000144	23900.578	2193.289	3692316.99
57.3003041597567	100.0	24071.166	2593.667	4127954.59
67.3035461571631	100.0	24837.735	3065.823	4565579.73
77.3009781592175	100.0	25009.188	3555.112	4993565.01
87.3173201461439	100.0	25525.984	3977.108	5407205.78
97.3093321525343	100.0	26205.612	4471.629	5851577.59
