0.001	0.0179999856000115	1.752	0.605	434.57
0.0022	0.0395999683200253	2.886	0.709	816.47
0.00302	0.0543599565120348	3.689	0.796	1258.67
0.00376	0.0676799458560433	3.741	0.709	1720.95
0.00583	0.104939916048067	5.586	0.86	2814.39
0.00958	0.17243986204811	7.719	1.161	3630.42
0.01326	0.238499809200153	9.895	1.394	5391.18
0.01897	0.340559727552218	13.722	1.743	7939.85
0.02736	0.491579606736315	18.298	3.503	11079.48
0.04246	0.761039391168487	28.246	3.564	16032.2
0.06318	1.12931909654472	37.537	5.775	25330.72
0.09507	1.69541864366509	58.483	5.885	35722.96
0.14063	2.5027179978256	79.562	8.498	58498.27
0.21083	3.72887701689839	121.605	15.611	82561.42
0.31383	5.49953560037152	177.372	16.52	121423.16
0.47571	8.21321342942926	239.986	30.528	173708.23
0.70801	11.9948304041357	343.331	42.535	259545.89
1.0712	17.6016459186833	555.537	70.28	413022.61
1.59367	25.1245599003521	773.631	95.797	563009.7
2.39637	35.3571917142466	1130.474	138.639	783302.92
3.59452	48.3117813505749	1518.142	193.871	1107742.86
5.39403	63.1848094521524	2189.703	285.844	1494909.24
8.10465	78.147477482018	3135.386	406.525	1900618.23
12.14457	90.3093477525218	5063.11	586.773	2165172.94
18.22201	97.3311421350863	5995.628	867.005	2413857.51
27.3191	99.6850002519998	6527.713	1265.66	2808471.98
37.33277	99.979120016704	6969.034	1744.617	3252077.71
47.31389	99.99910000072	7448.498	2152.459	3676205.1
57.31721	100.0	7949.408	2653.198	4102307.61
67.3078	100.0	8432.69	3062.913	4549343.61
77.32202	100.0	8748.89	3500.079	4971286.39
87.31765	100.0	9300.919	3972.831	5421416.9
97.31691	100.0	9830.281	4426.523	5850069.07
