0.00061	0.010979991216007	8.199	1.087	313.82
0.00151	0.0271799782560174	18.389	2.009	619.18
0.00209	0.0376199699040241	24.76	1.533	763.82
0.00308	0.0554399556480355	36.833	2.603	1334.37
0.00486	0.0872999301600559	57.333	1.935	1912.93
0.00744	0.133739893008086	87.283	3.944	3351.33
0.00969	0.174419860464112	109.957	4.492	3729.02
0.01322	0.237419810064152	152.639	3.193	5581.28
0.01505	0.270179783856173	172.823	5.465	4974.58
0.02283	0.408779672976262	255.211	6.875	7453.64
0.05438	0.971459222832622	602.059	11.361	22509.12
0.06082	1.08179913456069	670.961	12.202	22922.99
0.07277	1.29239896608083	800.799	13.536	28644.76
0.18249	3.21461742830606	1997.171	26.061	72693.74
0.23878	4.16033667173066	2576.614	34.677	101314.75
0.38162	6.53723477021218	4050.11	52.692	145608.37
0.55208	9.22949261640591	5788.2	68.92	195868.03
0.73297	11.8238305409356	7376.716	94.239	286491.59
0.98847	15.1795678563457	9470.22	122.446	367835.23
1.66524	23.5360611711511	14644.099	196.215	604844.61
3.04825	38.5937691249847	23500.251	287.366	971606.36
4.54333	49.2452606037915	28402.986	457.341	1302429.48
6.68531	58.8410529271577	31925.29	677.369	1693011.39
9.8607	66.7644665884267	34671.659	958.425	2059376.46
14.44231	72.3813620949103	37122.56	1326.517	2256341.12
25.60969	94.8363441309247	47384.416	2343.74	2742842.77
33.74338	95.294263764589	48054.689	3026.307	3088828.29
43.52416	99.4168004665596	50070.934	3444.424	3527042.43
49.61617	98.436521250783	50627.166	4241.045	3784261.89
57.23732	99.4603604317116	50607.751	4966.053	4114671.17
65.27926	99.930880055296	51779.499	5712.903	4458011.74
72.75188	99.997840001728	51621.116	6177	4786157.67
78.66097	100.0	52142.093	6694.628	5031083.16
