0.000619999504000397	0.0111599910720071	2.804	1.013	267.94
0.001559998752001	0.028079977536018	4.596	1.259	616.63
0.00279999776000179	0.0502199598240321	6.469	1.562	1175.41
0.00382999693600245	0.0689399448480441	8.562	1.713	1390.83
0.00585999531200375	0.105299915760067	12.139	2.383	2441.95
0.00900999279200577	0.161819870544104	17.643	2.683	3180.1
0.0114499908400073	0.205199835840131	21.649	3.548	4561.11
0.0179299856560115	0.321479742816206	33.257	4.104	7376.76
0.0242699805840155	0.433799652960278	44.82	4.934	9640.69
0.0425799659360273	0.758519393184485	75.63	6.888	16291.46
0.0620299503760397	1.10195911843271	110.566	9.649	23961.9
0.084439932448054	1.48085881531295	143.752	11.697	32097.97
0.14016988786409	2.43539805168156	255.537	18.272	51844.11
0.143849884920092	2.45843803324957	235.809	18.11	48572.93
0.253219797424162	4.20029663976269	371.957	28.53	83748.17
0.443569645144284	7.07975433619653	614.62	48.041	130390.44
0.706629434696452	10.7936913650469	848.845	74.282	193089.63
1.06119915104068	15.0240479807616	1047.03	137.627	361408.95
1.59477872417702	20.2148838280929	1204.436	202.694	452950.63
2.00838839328929	20.7536233971013	843.053	204.01	532092.22
2.90900767279386	24.0755207395834	787.435	261.034	612059.44
5.35190571847543	37.1755502595598	1145.916	396.777	713331.38
8.02753357797314	41.8533865172908	1188.072	460.833	741065.69
12.0476503618797	46.6089827128138	1214.225	512.602	722694.3
18.2149654280277	54.5098963920829	1473.339	626.394	737422.31
27.3204981436015	63.6466890826487	1760.827	740.761	757755.77
36.5455807635354	65.7930073655941	1859.282	806.704	777772.14
46.3382129294297	74.6185803051358	2133.492	923.16	799566.14
56.4045648763481	84.9539920368064	2490.269	1048.214	821872.51
66.8978164817468	97.4643420285264	2900.41	1204.818	845464.78
75.9176292658966	99.4582004334397	2953.84	1270.443	865541.13
83.6447030842375	99.9121600702719	2964.351	1309.287	882637.19
90.578467537226	100.0	3001.818	1327.35	897567.75
