0.00255999795200164	0.0460799631360295	20.162	1.106	1077.32
0.0201799838560129	0.361799710560232	148.421	2.95	7557.23
0.0269099784720172	0.481679614656308	255.478	3.673	10495.62
0.201109839112129	3.42899725680219	1357.929	21.202	72014.36
0.432919653664277	6.53021477582818	2064.861	42.365	129700.57
1.37082890333688	16.8136065491148	3656.355	148.567	444598.82
2.37462810029752	25.8386193291045	4395.007	253.669	558231.98
3.07980753615397	25.6202795037764	2579.002	263.656	631785.57
4.05306675754659	25.6377394898084	2308.521	266.947	679540.03
56.8058545553164	87.533209973432	5335.667	1066.302	822757.42
84.1250926999258	99.988120009504	5244.377	2238.176	883928.08
