0.00106999914400068	0.0192599845920123	11.763	1.141	414.83
0.00159999872000102	0.0287999769600184	13.978	1.269	805.98
0.00304999756000195	0.0545399563680349	27.147	1.6	1230.29
0.00381999694400244	0.068759944992044	43.354	1.814	1824.24
0.00381999694400244	0.068759944992044	29.183	1.906	1508.22
0.00653999476800419	0.117539905968075	57.359	2.407	2720.64
0.0128399897280082	0.230759815392148	97.027	3.64	4893.01
0.0158299873360101	0.283499773200181	120.395	4.004	5866.23
0.0257399794080165	0.460799631360295	197.243	5.359	10068.7
0.0419099664720268	0.747179402256478	312.228	7.42	16298.71
0.0626299498960401	1.11221911022471	468.53	9.504	21052.03
0.0923799260960591	1.62449870040104	684.918	13.094	31994.16
0.117409906072075	2.0339983728013	839.819	15.194	42066.44
0.136879890496088	2.33117813505749	903.531	17.667	43904.77
0.262699789840168	4.34537652369878	1646.328	29.878	87589.75
0.463169629464296	7.43885404891676	2607.928	50.316	138241.86
0.70273943780845	10.6810114551908	3440.581	75.257	191369.94
0.926899258480593	12.7812497750002	3416.527	120.23	351171.06
1.53122877501698	19.0798047361562	4318.781	192.225	468779.11
2.39521808382553	26.0556991554407	4330.037	268.806	552192.92
2.55381795694563	21.2554629956296	2257.681	217.167	584519.41
5.39035568771545	37.6185299051761	4143.327	402.883	722449.71
8.09191352646918	42.7226058219153	4196.66	467.471	740553.48
12.0742403406077	46.9940024047981	3972.489	529.651	722861.57
18.1577954737636	53.8946568842745	4494.325	627.233	736389.85
26.8753684997052	58.2742333806133	3925.545	676.371	755831.88
37.2375202099838	72.3385221291823	5133.878	862.241	778910.01
44.6998342401326	68.6688650649079	4446.262	852.475	795680.21
54.9797560161952	79.4416764466588	5045.618	1026.505	818652.74
66.8971464822828	97.5089819928144	5505.748	1227.959	845415.08
73.8476909218473	95.7570433943653	5652.641	1244.173	860970.38
83.2108734313013	99.8063201549439	5394.724	1303.907	881559.04
90.564707548234	99.999820000144	5352.508	1314.691	897565.44
