0.00088999928800057	0.0160199871840103	6.384	1.13	311.66
0.00184999852000118	0.0332999733600213	11.4	1.397	723.2
0.00248999800800159	0.0448199641440287	15.113	1.532	955.53
0.0038999968800025	0.0701999438400449	23.075	1.861	1637.08
0.00589999528000378	0.106199915040068	33.512	2.283	2441.95
0.00774999380000496	0.139319888544089	43.597	2.72	3314.91
0.0131699894640084	0.235799811360151	78.197	3.611	4778.64
0.0165899867280106	0.29735976211219	89.669	4.243	6883.17
0.0279499776400179	0.49985960011232	153.248	6.284	9636.97
0.0384999692000246	0.683459453232437	206.136	7.279	14039.62
0.0627199498240401	1.11473910820871	337.262	9.902	21209.18
0.0886199291040567	1.557718753825	484.869	13.451	30286.24
0.14127988697609	2.45195803843357	704.746	20.117	51844.11
0.208719833024134	3.56525714779428	1014.571	29.016	67917.58
0.304459756432195	5.08139593488325	1465.209	40.207	100479.01
0.333749733000214	5.3161157471074	1338.909	41.234	106630.6
0.618579505136396	8.62379310096552	1802.683	66.613	167690.11
0.708259433392453	10.8223113421509	2473.985	83.33	195455.77
1.58134873492101	19.8968240825407	3576.927	216.264	466884.82
2.20341823726541	23.1334014932788	2531.62	233.71	547327.64
2.93084765532188	24.2731605814715	1966.97	271.996	615373.93
3.76983698413041	24.0708407433274	1705.568	274.142	664154.19
7.55865395307684	36.4022708781833	2344.906	416.516	741075.05
12.1198703041038	47.6481218815025	3533.951	558.357	723348.75
16.3672569061945	41.6755466595627	2554.32	508.202	733300.04
27.2637881889694	62.9184096652723	4309.028	771.788	756765.29
36.1839510528392	63.8578289137369	3781.551	795.697	776943.05
45.0452039638368	69.6437442850046	3925.056	893.456	796526.57
57.1672742661806	91.2367070106344	5435.542	1163.688	824143.01
64.027428778057	86.9559504352397	5146.361	1136.78	839313.73
74.3349105320716	96.5944027244778	5164.138	1270.367	862334.17
84.0776927378458	99.98380001296	5219.276	1335.003	883984.28
90.57918753665	100.0	5309.435	1382.405	897568.03
