0.000379999696000243	0.00683999452800438	2694.271	513.955	705556.12
0.00158999872800102	0.0286199771040183	2693.365	529.635	705556.12
0.00181999854400116	0.032759973792021	2698.731	523.003	705556.12
0.00309999752000198	0.0557999553600357	2640.76	527.032	705556.12
0.00487999609600312	0.0876599298720561	2667.467	516.527	705556.12
0.00518999584800332	0.0934199252640598	2663.758	520.324	705556.12
0.00831999334400533	0.149579880336096	2663.187	524.025	705556.12
0.0134599892320086	0.242099806320155	2629.416	526.265	705556.12
0.0236699810640152	0.424799660160272	2670.913	521.788	705556.12
0.0248099801520159	0.444239644608284	2714.784	531.284	705556.12
0.0498499601200319	0.89117928705657	2692.149	528.537	705556.12
0.0799499360400512	1.42577885937691	2663.616	533.264	705556.12
0.115829907336074	2.05559835552132	2682.555	539.517	705556.12
0.147609881912094	2.59577792337766	2633.245	521.48	705556.12
0.253619797104162	4.42043646365083	2659.079	516.56	705556.12
0.295819763344189	5.07563593949125	2674.26	507.385	705556.12
0.543209565432348	9.08081273534981	2669.962	516.369	705556.12
0.739629408296473	11.9143704685036	2631.342	508.792	705556.12
1.4095888723289	21.5834227332618	2695.731	537.312	705556.12
1.46684882652094	20.9336232531014	2705.261	520.091	705556.12
2.9625876299299	37.43385005292	2700.134	535.29	705556.12
3.50985719211425	38.3678693057046	2660.64	528.289	705556.12
6.17702505837995	54.3032565573948	2637.55	538.36	705556.12
9.66408226873419	65.4855676115459	2687.367	540.417	705556.12
13.9594888324089	70.280223775821	2605.03	541.263	705556.12
25.1474298820561	92.5433259653392	2706.202	555.723	705556.12
33.1520134783892	93.718005025596	2619.072	564.281	705556.12
42.0653463477229	97.3757820993743	2727.44	578.185	705556.12
51.4259288592569	99.6430602855518	2669.664	597.15	705556.12
59.5154723876221	99.963460029232	2714.872	569.937	705556.12
65.7532773973781	99.962920029664	2712.078	594.887	705556.12
72.8628317097346	99.998740001008	2737.827	580.061	705556.12
78.7031970374424	99.999640000288	2596.5	588.053	705556.12
