0.000739999408000474	0.0133199893440085	2692.818	516.385	705556.12
0.00190999847200122	0.034379972496022	2686.047	525.272	705556.12
0.0020299983760013	0.0365399707680234	2682.298	515.916	705556.12
0.00279999776000179	0.0503999596800323	2729.709	530.866	705556.12
0.00350999719200225	0.0631799494560404	2693.592	511.747	705556.12
0.0065599947520042	0.118079905536076	2660.387	516.888	705556.12
0.0115099907920074	0.206999834400132	2652.92	520.479	705556.12
0.0138699889040089	0.24929980056016	2622.881	509.695	705556.12
0.0160799871360103	0.288899768880185	2713.428	505.836	705556.12
0.0317999745600204	0.570419543664365	2743.947	525.797	705556.12
0.0505599595520324	0.905039275968579	2683.926	512.94	705556.12
0.0723199421440463	1.29095896723283	2686.756	518.11	705556.12
0.0880099295920563	1.561678750657	2708.669	532.059	705556.12
0.176809858552113	3.11903750477	2726.656	531.82	705556.12
0.228799816960146	3.98267681385855	2682.795	522.488	705556.12
0.358579713136229	6.14051508758793	2688.006	526.618	705556.12
0.540639567488346	9.03005277595778	2700.778	514.664	705556.12
0.917499266000587	14.8123681501055	2668.663	527.801	705556.12
1.41724886620091	21.7261626190699	2629.971	529.793	705556.12
2.06866834506532	29.3120765503388	2684.555	522.191	705556.12
2.30079815936147	29.3714765028188	2681.079	521.708	705556.12
4.17642665885867	45.1493638805089	2705.702	549.44	705556.12
6.42550485959611	56.4139348688521	2693.787	524.922	705556.12
10.5807215354228	72.2200822239342	2726.105	548.112	705556.12
15.2968477625218	76.7026186379051	2671.656	536.176	705556.12
21.7443226045419	79.4677764257789	2707.349	549.557	705556.12
34.7688221849423	98.0970415223668	2704.883	566.446	705556.12
38.2960093631925	91.4892468086026	2622.739	561.956	705556.12
51.3528089177529	99.6005803195357	2634.73	567.648	705556.12
59.5712623429901	99.968320025344	2726.844	580.45	705556.12
66.2092770325784	99.981640014688	2675.121	582.454	705556.12
72.6147819081745	99.997480002016	2733.301	569.582	705556.12
78.6809570552344	99.999640000288	2728.549	587.365	705556.12
