0.000819999344000525	0.0147599881920094	2656.372	525.988	705556.12
0.00149999880000096	0.0269999784000173	2654.242	531.238	705556.12
0.00241999806400155	0.0435599651520279	2666.735	520.68	705556.12
0.00266999786400171	0.0480599615520308	2620.197	523.323	705556.12
0.00429999656000275	0.0773999380800495	2634.193	536.849	705556.12
0.00654999476000419	0.117899905680075	2630.486	514.306	705556.12
0.00918999264800588	0.164879868096106	2628.643	519.54	705556.12
0.0163099869520104	0.293039765568188	2589.058	501.857	705556.12
0.0238199809440152	0.427319658144273	2638.387	528.441	705556.12
0.0285599771520183	0.511919590464328	2594.897	520.532	705556.12
0.0549399560480352	0.982079214336628	2677.958	545.811	705556.12
0.0709599432320454	1.25981899214481	2606.854	516.857	705556.12
0.0836999330400536	1.49111880710495	2650.549	533.543	705556.12
0.144409884472092	2.54105796715363	2634.857	528.212	705556.12
0.278939776848179	4.85243611805111	2662.545	526.806	705556.12
0.370569703544237	6.35165491867606	2623.415	544.774	705556.12
0.583219533424373	9.72143222285422	2621.415	531.1	705556.12
0.944979244016605	15.2485078011938	2649.913	532.552	705556.12
1.12981909614472	17.240926207259	2641.884	523.235	705556.12
2.15542827565738	30.6993354405316	2637.742	532.534	705556.12
2.75661779470576	34.8234921412063	2637.202	565.623	705556.12
4.694526244379	51.1392190886247	2666.269	541.715	705556.12
7.44290404567676	66.7920065663947	2606.255	526.308	705556.12
10.6400814879348	72.7368618105105	2670.683	549.12	705556.12
15.9491272406982	80.4385156491875	2594.188	568.097	705556.12
21.2255330195736	77.8511977190418	2639.854	564.704	705556.12
29.4981364014909	84.8800120959903	2653.392	550.479	705556.12
42.0774063380749	97.3907220874223	2617.586	552.682	705556.12
51.4245588603529	99.6520602783518	2644.121	580.681	705556.12
59.6203723037022	99.974260020592	2640.763	577.261	705556.12
66.7007266394187	99.9955000036	2660.843	581.343	705556.12
72.9657616273907	99.99910000072	2641.173	583.051	705556.12
78.7011170391064	99.999640000288	2625.56	566.408	705556.12
