0.000919999264000589	0.0165599867520106	2739.665	613.766	705556.12
0.00117999905600076	0.0212399830080136	2674.939	639.448	705556.12
0.00170999863200109	0.0307799753760197	2748.274	658.944	705556.12
0.00260999791200167	0.0469799624160301	2730.279	620.971	705556.12
0.0043699965040028	0.0786599370720503	2713.844	626.925	705556.12
0.00770999383200493	0.138779888976089	2739.715	649.265	705556.12
0.0104499916400067	0.18791984966412	2653.664	652.966	705556.12
0.0122599901920078	0.220139823888141	2658.35	648.891	705556.12
0.0216599826720139	0.388799688960249	2704.254	645.892	705556.12
0.032809973752021	0.587159530272376	2705.092	661.026	705556.12
0.0472099622320302	0.845099323920541	2717.91	652.648	705556.12
0.06251994998404	1.11221911022471	2717.838	683.027	705556.12
0.0902399278080578	1.60055871955302	2741.334	648.502	705556.12
0.182419854064117	3.21263742989006	2700.173	632.309	705556.12
0.233039813568149	4.0649367480506	2635.618	655.914	705556.12
0.329249736600211	5.63723549021161	2658.134	651.794	705556.12
0.441969646424283	7.41581406734875	2740.807	639.973	705556.12
0.89036928770457	14.3810884951292	2732.039	681.102	705556.12
1.16073907140874	17.7224258220593	2671.679	628.424	705556.12
1.46418882864894	20.8765632987494	2668.015	631.572	705556.12
3.2744673804261	41.8434865252108	2687.454	648.69	705556.12
3.91483686813051	42.3989660808271	2695.141	617.209	705556.12
7.13118429505256	63.2969493624405	2675.283	643.096	705556.12
9.61917230466216	65.1709278632577	2735.781	634.253	705556.12
13.4163192669446	67.9188056649555	2769.583	642.761	705556.12
20.9043432765254	76.9191584646732	2696.101	640.054	705556.12
30.3472257222194	86.7937705649835	2749.017	642.085	705556.12
41.8157665473868	97.0087623929901	2699.765	642.519	705556.12
49.979040016768	98.7079610336312	2675.545	638.373	705556.12
56.8332145334284	99.2954805636156	2702.011	637.528	705556.12
66.1113471109223	99.977680017856	2727.281	638.348	705556.12
73.0206815834547	99.99910000072	2736.257	642.086	705556.12
78.7013070389544	99.999640000288	2733.292	659.917	705556.12
