0.000579999536000371	0.0104399916480067	2685.988	694.264	705556.12
0.00149999880000096	0.0269999784000173	2666.343	730.701	705556.12
0.00289999768000186	0.0521999582400334	2669.352	704.434	705556.12
0.00402999677600258	0.0725399419680464	2630.7	705.428	705556.12
0.00617999505600396	0.111059911152071	2615.153	718.179	705556.12
0.00856999314400548	0.154079876736099	2625.163	685.144	705556.12
0.0134299892560086	0.241019807184154	2691.082	727.195	705556.12
0.0192799845760123	0.345419723664221	2667.443	694.097	705556.12
0.0276899778480177	0.495719603424317	2654.999	690.278	705556.12
0.0356399714880228	0.635759491392407	2633.176	716.221	705556.12
0.0444899644080285	0.786599370720503	2696.586	724.171	705556.12
0.0935399251680599	1.64969868024106	2647.574	717.683	705556.12
0.129779896176083	2.24855820115344	2627.441	717.134	705556.12
0.209559832352134	3.58145713483429	2696.815	699.373	705556.12
0.246069803144157	3.95171683862653	2683.729	709.415	705556.12
0.313999748800201	5.23583581133135	2643.102	716.405	705556.12
0.498229601416319	7.4984340012528	2651.554	686.19	705556.12
0.882229294216565	12.1679902656078	2687.954	684.382	705556.12
1.566788746569	19.7072842341726	2653.761	715.731	705556.12
2.39194808644153	26.0078191937446	2706.384	711.348	705556.12
3.38322729341817	28.9112168710265	2670.213	717.628	705556.12
5.38582569133945	37.563989948808	2658.255	715.655	705556.12
6.20837503329997	28.9014968788025	2645.339	709.654	705556.12
12.0980803215357	47.5410219671824	2625.677	741.723	705556.12
16.4325868539305	41.9676864258509	2689.988	729.769	705556.12
25.6644694684244	51.6505986795211	2659.702	728.867	705556.12
36.9830704135437	69.4403444477244	2654.414	754.436	705556.12
46.9957524033981	79.5228563817149	2642.857	749.003	705556.12
57.1565542747566	91.3135669491464	2625.859	745.037	705556.12
66.2550569959544	93.9019648784281	2641.963	751.31	705556.12
75.6179195056644	98.9543808364953	2663.911	767.723	705556.12
84.1033527173178	99.990460007632	2676.873	738.314	705556.12
90.5323975740819	99.999820000144	2651.856	740.828	705556.12
