0.00107999913600069	0.0194399844480124	2704.535	726.001	705556.12
0.00180999855200116	0.0325799739360208	2675.636	710.32	705556.12
0.00283999772800182	0.0511199591040327	2692.719	735.66	705556.12
0.00408999672800262	0.0736199411040471	2736.44	729.861	705556.12
0.00589999528000378	0.106199915040068	2691.702	717.741	705556.12
0.00729999416000467	0.130859895312084	2634.294	714.639	705556.12
0.00817999345600524	0.146879882496094	2726.578	690.186	705556.12
0.0118099905520076	0.211679830656135	2677.246	719.769	705556.12
0.026549978760017	0.475019619984304	2705.323	707.7	705556.12
0.0407799673760261	0.726479418816465	2763.158	703.876	705556.12
0.0535799571360343	0.947699241840606	2712.703	709.435	705556.12
0.0904199276640579	1.58669873064102	2726.448	724.699	705556.12
0.14040988767209	2.43845804923356	2656.968	713.235	705556.12
0.206889834488132	3.52961717630626	2715.103	723.427	705556.12
0.309329752536198	5.1524958780033	2728.051	694.922	705556.12
0.443859644912284	7.11737430610056	2717.271	720.298	705556.12
0.670519463584429	10.1485718811425	2739.404	734.647	705556.12
1.06662914669668	15.0418679665056	2678.976	709.242	705556.12
1.60171871862503	20.241163807069	2669.276	736	705556.12
1.91364846908122	19.7188042249566	2706.819	714.242	705556.12
3.55405715675427	31.320154943876	2646.598	712.64	705556.12
3.92935685651451	24.8718401025279	2743.055	744.744	705556.12
7.47941401646879	35.8124113500709	2716.439	741.103	705556.12
11.2559309952552	39.3965684827452	2719.877	756.593	705556.12
18.1776254578996	54.0843767324986	2753.426	739.822	705556.12
27.1558882752894	61.2660109871912	2667.666	747.221	705556.12
37.1349002920798	71.1904830476136	2674.92	784.04	705556.12
45.9846032123174	73.0059615952307	2758.803	742.173	705556.12
53.9622068302345	76.8968384825292	2709.605	759.504	705556.12
66.7440766047387	96.5080027935978	2688.637	760.59	705556.12
75.6934594452324	99.0922607261914	2740.38	764.324	705556.12
83.3597233122213	99.8516801186559	2698.363	771.681	705556.12
90.557927553658	99.999820000144	2709.182	790.967	705556.12
