0.000839999328000538	0.0151199879040097	2480.209	553.142	705556.12
0.00165999867200106	0.0298799760960191	2509.187	553.77	705556.12
0.00200999839200129	0.0361799710560232	2475.112	555.491	705556.12
0.00398999680800255	0.0716399426880459	2552.309	550.326	705556.12
0.00601999518400385	0.108359913312069	2490.488	552.434	705556.12
0.00828999336800531	0.148859880912095	2535.519	559.906	705556.12
0.0116899906480075	0.210239831808135	2481.821	556.162	705556.12
0.0184999852000118	0.330659735472212	2529.927	554.071	705556.12
0.0277999777600178	0.497339602128318	2482.119	559.59	705556.12
0.0424599660320272	0.756899394480484	2528.25	550.469	705556.12
0.0497099602320318	0.873719301024559	2483.753	549.942	705556.12
0.0607799513760389	1.07891913686469	2500.574	556.387	705556.12
0.138129889496088	2.40191807846554	2517.482	555.479	705556.12
0.17162986269611	2.92625765899387	2473.437	555.243	705556.12
0.258399793280165	4.28903656877074	2494.623	560.402	705556.12
0.262269790184168	4.2191966246427	2533.1	564.574	705556.12
0.601749518600385	9.0613727509018	2483.116	555.069	705556.12
0.993359205312636	13.8787088970329	2558.628	579.16	705556.12
1.52754877796098	19.0936647250682	2545.757	554.974	705556.12
2.28733817012946	24.3093405525276	2525.872	558.962	705556.12
3.50364719708224	30.5457955633635	2518.366	561.885	705556.12
4.35075651939478	27.4017380786095	2531.811	568.121	705556.12
5.98446521242783	28.0067175946259	2521.409	568.942	705556.12
12.1185403051678	47.7811417750866	2566.199	573.764	705556.12
18.1983754412996	54.3583365133308	2549.284	588.048	705556.12
27.2927781657775	63.6069091144727	2486.277	586.191	705556.12
36.6618106705515	66.6836466530827	2463.321	594.562	705556.12
47.2770021783983	83.1070135143892	2481.457	591.131	705556.12
56.9771744182605	89.2367286106171	2533.137	608.813	705556.12
66.0237071810343	92.8453657237074	2464.515	609.528	705556.12
75.2028098377521	98.1868614505108	2465.469	626.092	705556.12
83.8604129116697	99.95770003384	2563.082	616.967	705556.12
90.584017532786	100.0	2566.842	630.074	705556.12
