0.00094	0.0169199864640108	12.043	1.26	362.19
0.00141	0.0248399801280159	16.762	1.953	233.56
0.00212	0.037439970048024	24.476	2.119	768.18
0.00395	0.070379943696045	46.85	2.832	1620.34
0.0062	0.110519911584071	72.453	3.555	2536.84
0.00868	0.152999877600098	99.157	3.92	4012.05
0.01315	0.230579815536148	147.852	3.174	5286.3
0.0192	0.331379734896212	211.704	6.217	7368.52
0.02903	0.486539610768311	307.932	7.724	11870.62
0.04176	0.681839454528436	430.288	9.274	17775.7
0.06009	0.931679254656596	587.006	11.23	23588.4
0.09307	1.35647891481687	848.533	15.289	35817.04
0.14142	1.86047851161719	1143.47	19.526	67608.22
0.20996	2.40335807731354	1430.541	25.154	73887.94
0.31635	3.01661758670593	1672.633	33.583	125166.39
0.47494	3.60863711309031	1931.228	31.221	181699.02
0.71461	4.11029671176263	2086.872	57.192	265272.19
1.0588	4.57685633851493	2292.44	77.672	351977.79
1.60042	5.22269582184334	2559.55	107.035	622913.77
2.39824	6.04259516592387	2917.866	151.371	792952.37
3.59137	7.23347421322063	3382.724	220.906	1112304.94
5.39541	9.03077277538178	4175.318	330.172	1506947.33
8.08955	11.7311306150955	5261.969	470.105	1878697.69
12.13627	15.7834673732261	7013.931	582.559	2174797.33
18.20446	21.851982518414	9364.587	1065.238	2450878.77
27.30792	30.9322552541958	13371.655	1536.262	2828074.1
37.11157	39.6438882848894	16741.729	2015.588	3247708.34
47.31717	50.9601192319046	21903.853	2604.6	3683800.58
57.30546	60.945971243223	25780.707	3065.85	4112320.25
67.30077	70.8715233027814	30125.458	3746.712	4554953.91
77.31571	80.9336952530438	33722.319	4277.944	5001365.53
86.93386	89.1690486647611	37184.626	4934.076	5381722.61
97.15004	99.6765402587678	41636.288	5200.264	5849745.73
