0.00097	0.0174599860320112	4.042	1.945	414.45
0.002	0.0358199713440229	5.189	2.309	723.96
0.00316	0.0565199547840362	5.824	1.842	1146.03
0.00354	0.0629999496000403	6.053	2.869	1427.41
0.00595	0.106199915040068	9.554	3.427	2504.68
0.0093	0.163079869536104	13.283	4.444	3971.86
0.01338	0.231659814672148	17.822	3.169	5053.16
0.01955	0.338759728992217	25.288	6.188	7661.96
0.02814	0.472319622144302	34.272	7.529	10849.61
0.0411	0.667619465904427	48.444	8.853	18627.92
0.06256	0.977039218368625	70.609	12.061	22716.1
0.09293	1.34351892518486	98.532	14.737	35817.04
0.14141	1.85543851564919	138.045	16.016	56021.93
0.20996	2.40245807803354	184.484	24.83	73887.94
0.31581	3.01769758584193	259.643	24.411	110016.22
0.4746	3.60827711337831	421.74	44.51	179105.24
0.71309	4.15151667878666	664.776	58.302	275219.31
1.06429	4.62779629776296	886.232	74.063	381581.72
1.59488	5.22197582241934	1181.728	107.87	541893.69
2.39927	6.03773516981186	1542.368	155.971	767755.57
3.59239	7.23077421538063	2118.814	237.442	1108455.7
5.39686	9.04391276486979	2938.5	279.691	1485916.57
8.09544	11.7232106214315	4239.368	510.995	1909573.15
12.14211	15.7699673840261	6266.713	733.355	2165073.43
18.21145	21.869622504302	8954.844	1102.097	2448761.42
27.31178	30.9360352511718	15799.819	1402.803	2833466.61
37.3082	40.9514072388742	18023.705	2133.953	3270959.46
47.30969	50.9347392522086	22859.137	2683.396	3707395.54
57.31232	60.930851255319	27596.971	3286.478	4097455.54
67.31198	70.9449632440294	38596.631	3932.113	4581685.15
77.30928	80.9628552297158	36765.002	4472.102	5000673.75
87.30702	90.9517672385862	42113.19	5291.805	5432111.75
97.21337	99.8795800963359	45498.394	5815.135	5852437.65
