0.000709999432000454	0.0127799897760082	5.172	1.005	319.6
0.00169999864000109	0.0305999755200196	10.699	1.286	687.7
0.00184999852000118	0.0332999733600213	11.214	1.308	616.63
0.0023499981200015	0.0422999661600271	13.645	1.455	959.46
0.00502999597600322	0.0905399275680579	27.86	2.051	1929.37
0.00831999334400533	0.149759880192096	47.143	2.699	3357.25
0.0110399911680071	0.197999841600127	68.843	3.273	4610.74
0.0157599873920101	0.282599773920181	86.377	4.08	6199.51
0.0184399852480118	0.331559734752212	106.889	4.476	7053
0.0276699778640177	0.495899603280317	158.945	5.885	10458.53
0.0326299738960209	0.581939534448372	193.339	6.753	11384.51
0.075049939960048	1.33775892979286	397.858	12.671	27947.94
0.124139900688079	2.19941824046541	640.087	17.064	45782.5
0.164039868768105	2.88899768880185	889.381	23.26	51606.71
0.176679858656113	3.08681753054598	948.034	25.78	63444.63
0.346379722896222	5.92289526168379	1831.25	44.371	116631.27
0.604299516560387	10.1086119131105	3050.484	75.095	183644.77
0.853569317144546	13.1738294609364	3963.077	127.294	303819.39
0.928719257024594	14.9732880213696	4529.552	145.645	344847.37
1.30564895548084	18.757604993916	5630.232	210.326	406798.89
2.99798760160992	37.9736696210643	11270.644	422.083	628087.9
3.06601754718596	34.2042926365659	10202.722	375.755	617731.47
7.37195410243672	66.0973871220903	19473.204	774.172	740868.88
11.010291191767	75.9989992008006	22466.217	870.639	721468.36
16.5586167531066	84.433792452966	24976.927	1011.523	733827.29
23.7379110096712	86.4470908423273	25352.762	1042.547	749875.19
33.9319728544217	95.8290433367653	28192.94	1211.698	772749.34
43.2971453622837	99.1342006926394	29030.683	1232.02	792893.28
51.3344089324729	99.6272202982238	28485.187	1292.813	809949.01
59.372872501702	99.950860039312	28145.81	1298.513	828157.31
65.9344672524262	99.969580024336	26236.146	1315.386	842914.88
72.9650016279987	99.999460000432	24148.745	1332.548	858030.42
78.6811570550744	100.0	24658.809	1330.022	870508.37
