0.000660009240129362	0.0118799904960076	5.066	1.074	216.22
0.00173002422033908	0.0311399750880199	11.157	1.348	675.86
0.00227003178044493	0.0408599673120262	14.096	1.44	935.87
0.00297004158058213	0.0534599572320342	17.35	1.598	1183.25
0.00472006608092513	0.0849599320320544	26.38	2.01	2073.27
0.00694009716136026	0.12473990020808	40.102	2.514	2689.7
0.0073801033214465	0.132659893872085	46.869	2.582	2987.3
0.0125501757024598	0.225539819568144	70.448	3.774	5030.17
0.019270269783777	0.345599723520221	116.346	4.75	7346.67
0.0239603354446962	0.429119656704275	139.573	5.466	8973.36
0.0482506755094571	0.863279309376553	264.474	8.315	18900.52
0.0628808803323247	1.12157910273672	351.857	10.952	24184.88
0.0756310588348237	1.34279892576086	425.504	12.008	27085.9
0.112661577262082	1.98485841211327	596.47	15.926	39561.22
0.247673467428544	4.26527658777873	1277.748	31.948	82792.54
0.268083753172544	4.66577626737899	1400.55	37.355	88075.41
0.492936901116616	8.23319341344527	2284.107	62.557	149975.25
0.743040402565636	11.9658504273197	3055.111	122.356	286129.74
1.01339418751863	15.5260675791459	3681.999	155.305	348883.3
1.6040924572944	22.7683617853106	4689.568	235.452	475406.95
3.0724530143422	38.9843688125049	6640.692	429.425	629050.46
3.84749386491411	41.6814866548107	5672.634	458.457	673373.26
5.92102289432052	52.1553182757454	5218.472	572.615	731031.87
10.8131913846794	74.1570606743515	5837.06	827.319	724113.19
16.2004268059753	81.9247744601804	5512.8	929.358	732784.38
22.3349226889176	81.4241948606441	5438.598	942.179	746317.17
29.1436080105121	84.1121327102938	5519.988	1012.082	761109.3
41.9003866054125	97.1542022766382	5073.183	1195.248	789697.3
50.0647109059527	98.8436809250553	4925.344	1225.559	807537.38
57.4004136057905	99.4907804073757	5099.19	1269.23	824325.19
65.56139785957	99.949780040176	5081.527	1283.77	841520.09
72.6625772760819	99.998380001296	5079.644	1316.956	857593.47
78.6408109713536	100.0	5027.696	1326.247	871204.92
