0.00117001638022932	0.0210599831520135	2.663	1.144	426.72
0.00288004032056449	0.0518399585280332	3.814	1.583	1175.41
0.00297004158058213	0.0534599572320342	4.187	1.551	1343.87
0.0212302972241611	0.381239695008244	16.832	4.53	7703.74
0.0367205140871972	0.658079473536421	28.604	6.886	12891.85
0.0833911674763447	1.48157881473695	59.242	11.743	27166.6
0.158642220991094	2.79827776137779	114.875	20.404	58707.56
0.159812237371323	2.78819776944178	115.3	20.233	52569.43
0.402465634518883	6.74819460144432	253.729	46.782	121808.36
0.754170558387817	12.1719502624398	440.595	117.738	303159.39
1.69768376757275	24.0173807860954	802.334	250.397	492336.53
6.92962701477821	61.3027309578152	1534.619	653.673	738396.85
9.42713197984772	63.8437889249689	1910.04	688.877	734859.35
16.571432000048	84.4602524317981	2247.88	939.427	733978.38
25.4290060060841	93.9269848584121	2574.046	1058.366	753371.07
58.8869644175018	99.8669801064159	2851.515	1220.616	827016.7
78.6434910088741	100.0	2943.557	1287.34	871213.81
