0.00092	0.0165599867520106	11.664	1.436	17.24
0.00186	0.0331199735040212	22.226	2.085	22.97
0.00336	0.0599399520480384	39.332	2.705	31.9
0.00385	0.068759944992044	44.533	2.873	34.86
0.00648	0.115739907408074	78.949	3.588	57.44
0.00902	0.158219873424101	107.348	4.371	84.41
0.01319	0.231119815104148	144.449	4.841	124.7
0.01945	0.334079732736214	226.154	6.007	167.71
0.02837	0.479699616240307	309.134	7.417	223.29
0.0422	0.686159451072439	431.519	9.289	367.62
0.06316	0.978659217072626	660.951	11.705	584.52
0.09368	1.36151891078487	878.625	14.958	817.37
0.14039	1.85273851780919	1138.844	19.259	1217.41
0.20934	2.41469806824155	1426.433	25.404	1825.46
0.31758	3.01643758684993	1765.843	33.347	2909.55
0.47617	3.60611711510631	1912.59	32.166	4344.28
0.70647	4.09949672040262	2121.668	57.008	6363.8
1.06351	4.62329630136296	2410.513	78.244	10402.46
1.60256	5.23619581104335	2671.959	109.06	14420.33
2.40038	6.03809516952386	3087.312	157.337	21393.18
3.60299	7.24769420184464	3730.089	220.637	30694.23
5.39772	9.03617277106178	4657.675	323.524	46679.37
8.08819	11.7424706060235	6006.36	473.596	73411.28
12.1382	15.7591673926661	8209.337	670.259	108752.51
18.20633	21.837042530366	11478.417	991.373	160457.41
27.30953	30.9464752428198	16093.018	1535.417	242457.32
37.24843	40.2575077939938	20996.826	2079.533	326752.46
47.31501	50.9527392378086	26464.441	2585.526	412627.4
57.31027	60.952451238039	31920.527	3158.227	499069.53
67.30772	70.9293032565574	37020.95	3630.794	585020.48
77.31173	80.9732952213638	42361.962	4306.967	669847.48
87.02928	89.3821684942652	46630.103	4667.871	755295.87
96.97259	99.2506605994715	51726.799	5584.997	843572.11
