0.00083	0.0149399880480096	10.766	1.779	16.07
0.00292	0.0520199583840333	34.241	2.449	31.9
0.00403	0.0719999424000461	47.324	2.899	42.8
0.01363	0.236519810784151	161.797	5.302	143.02
0.06261	0.971459222832622	610.239	11.828	650.35
0.06775	0.964979228016618	618.702	11.73	169.08
0.13929	1.83365853307317	1216.809	19.792	1415.78
0.21177	2.43251805398556	1429.389	25.163	2158.25
0.47498	3.5944171244663	1906.692	43.504	4341.14
0.67925	3.7544369964504	1995.64	52.77	5472.48
1.06513	4.62707629833896	2410.888	77.502	9857.33
1.60205	5.21459582832334	2646.911	107.245	14583.06
2.39453	6.05357515713987	3134.391	156.955	22267.47
3.57905	6.99533440373248	3759.995	218.696	33215.11
8.0901	11.7428306057355	6173.565	476.989	70464.11
18.20762	21.840282527774	11173.321	1028.476	161187.75
57.14809	59.7550921959262	31294.327	3208.688	497647.72
67.3126	70.9570232343814	36979.451	3647.922	584096.42
77.14932	79.748576201139	41795.756	4293.183	667340.74
97.22612	99.8993800804959	51847.492	5556.118	847534.43
