0.00101	0.0181799854560116	12.814	1.704	16
0.00207	0.0370799703360237	25.74	2.284	24.39
0.00301	0.0536399570880343	35.448	2.37	31.9
0.00437	0.0779399376480499	51.327	2.978	45.76
0.00548	0.0977399218080626	61.83	3.316	56.09
0.00843	0.149219880624095	98.206	4.086	93.23
0.01311	0.229319816544147	146.77	5.004	124.7
0.01838	0.314819748144201	196.283	5.881	168.8
0.02823	0.476099619120305	306.711	7.189	248.74
0.04202	0.682739453808437	467.844	9.146	424.96
0.06227	0.966239227008618	639.123	11.504	491.71
0.09391	1.35917891265687	849.182	15.125	789.1
0.14236	1.8739785008172	1144.324	13.854	1453.08
0.21075	2.42009806392155	1518.927	25.783	2034.97
0.31575	3.01103759116993	1694.76	33.23	2725.83
0.47189	3.5893771284983	1932.121	42.927	4382.66
0.7112	4.12829669736264	2162.573	56.549	7247.17
1.06874	4.64651628278697	2409.88	71.908	9520.15
1.59359	5.21207583033934	2761.854	106.936	15326.83
2.3989	6.03791516966786	3101.834	152.002	21134.37
3.6023	7.24049420760463	3732.911	220.045	31537.85
5.39248	9.02177278258177	4642.091	319.213	50454.7
8.08635	11.7154706276235	6070.77	473.662	73778.39
12.1275	15.7750073799941	8310.57	697.46	108500.26
18.20545	21.833802532958	11441.907	1020.467	159507.41
27.30727	30.9639352288518	15984.555	1548.037	242611.24
37.31143	40.9548272361382	21366.101	2113.095	326227.8
47.30615	50.9550792359366	26482.542	2608.094	414939.12
57.31279	60.955151235879	32270.976	3208.439	497386.09
67.31332	70.9496432402854	36552.699	2948.89	582958.45
77.30714	80.9486352410918	42504.081	4333.662	670515.19
87.30375	90.9395272483782	47411.798	4707.756	758517.81
96.92864	99.1579606736315	51309.05	5306.277	842897.65
