0.09953	1.43225885419292	953.653	11.548	848.85
0.20085	2.37419810064152	1508.385	24.555	1889.82
0.30036	2.94533764372988	1762.198	32.175	2900.96
0.44979	3.51521718782625	2036.134	41.788	4305.55
0.67234	4.0582767533786	2289.78	46.429	5519.26
1.01785	4.57145634283493	2550.348	76.009	8480.59
1.52049	5.13863588909129	2845.228	107.906	13530.44
2.27707	5.82857533713973	3239.324	133.212	21556.46
3.4097	7.06589434728452	3857.455	216.951	31262.18
5.12118	8.76851298518961	4677.207	301.793	46990.76
7.68783	11.3417909265673	6366.54	444.977	69041.8
11.52387	15.1648078681537	8333.323	658.898	101314.67
17.29446	20.9152632677894	11663.356	991.665	152624.35
25.92721	29.5728963416829	16402.593	1470.68	228146.08
38.89239	42.5260459791632	23551.086	2181.65	341315.86
58.33928	61.9856504114797	33970.889	3273.208	506589.14
78.3423	81.9703144237485	45130.087	4382.774	679230.2
98.10148	99.990640007488	54664.988	5550.337	854268.99
