0.000679999456000435	0.0120599903520077	9.857	0.43	269.61
0.00165999867200106	0.0298799760960191	21.595	0.425	691.48
0.00288999768800185	0.0518399585280332	38.085	0.482	892.38
0.003119997504002	0.0561599550720359	39.822	0.509	1286.12
0.00381999694400244	0.068759944992044	48.363	0.506	1587.44
0.00706999434400452	0.127259898192081	90.936	0.764	2668.23
0.0071799942560046	0.128879896896082	89.592	1.052	2543.68
0.0118499905200076	0.212579829936136	145.664	0.749	4958.38
0.0197099842320126	0.353519717184226	246.889	1.157	8056.12
0.0295799763360189	0.529919576064339	367.924	2.429	11041.39
0.0350299719760224	0.627479498016402	428.234	1.832	14637.4
0.0689799448160442	1.22903901676879	838.87	5.235	29009.67
0.105659915472068	1.8754184996652	1298.345	7.249	38114.62
0.158229873416101	2.78747777001778	1905.72	10.347	56791.22
0.264499788400169	4.61249631000295	3133.718	16.933	98482.97
0.326819738544209	5.58359553312357	3867.236	18.498	121454.37
0.476729618616305	7.95959363232509	5424.579	25.019	193929.57
0.668009465592428	10.8028713577029	7420.061	36.475	261356.42
1.41505886795291	21.6921426462859	14965.472	77.186	533182.02
1.45493883604893	20.7368834104933	14137.387	76.272	524676.43
3.2746273802981	41.8431265254988	26838.87	164.782	1017305.93
4.75259619792304	51.9121384702892	29188.758	241.582	1366917.53
5.01215599027521	45.2040838367329	21549.002	235.275	1417465.39
9.59714232228614	65.0242279806176	27165.579	452.339	2040705.68
11.7440606047515	61.2859909712072	23533.289	533.949	2144278.67
24.0817507345994	87.7940297647762	31717.01	1155.482	2673766.82
34.7101422318862	97.9357616513907	34641.507	2060.175	3141316.59
43.5132251894198	99.3773804980956	35887.823	2611.341	3520416.33
51.8725285019772	99.8599601120319	34573.746	3181.36	3879895.7
57.9657436274051	99.6563802748958	31223.773	3547.971	4137180.79
66.4653568277145	99.989740008208	34276.288	4150.78	4520602.32
72.8330817335346	99.998560001152	31830.271	4648.989	4798212.22
78.6880970495224	99.999640000288	32137.141	5220.337	5051360.38
