0.000449999640000288	0.00809999352000518	6.969	0.63	201.31
0.00179999856000115	0.0323999740800207	24.32	0.635	723.63
0.00185999851200119	0.0334799732160214	24.337	0.6	743.72
0.00338999728800217	0.0606599514720388	43.574	0.768	1599.49
0.0040599967520026	0.0730799415360468	51.547	0.578	1720.03
0.00481999614400308	0.0865799307360554	62.149	0.565	1764.22
0.0102599917920066	0.184499852400118	131.883	0.839	3849.46
0.0137399890080088	0.246599802720158	170.041	1.447	6047.21
0.021939982448014	0.394379684496252	272.483	1.876	8293.17
0.0255099795920163	0.457199634240293	321.766	1.646	10936.92
0.0542699565840347	0.970559223552621	665.51	2.884	22291.56
0.0579799536160371	1.03751916998466	719.746	3.263	22227.28
0.105829915336068	1.8764984988012	1275.026	7.494	38114.62
0.116069907144074	2.04479836416131	1401.037	8.056	48630.16
0.172759861792111	3.01553758756993	2062.534	8.493	72442.72
0.346009723192221	5.91731526614779	4024.677	18.946	142598.31
0.556569554744356	9.30401255678995	6458.873	31.653	204010.88
0.777199378240497	12.520069983944	8582.831	43.761	311006.6
1.39085888731289	21.3137829489736	14610.967	76.025	495343.16
2.00867839305729	28.4270172583862	19305.058	110.252	665492.24
2.28939816848147	29.2184766252187	18786.816	123.18	777258
4.13011669590664	44.6964842428126	24460.125	200.529	1195251.13
7.32991413606869	65.5303875756899	31849.979	354.245	1798255.95
7.5082439934048	52.8171777462578	21944.219	347.943	1830705.25
15.9656372274902	80.5555155555876	31857.423	768.381	2324586.18
24.3632805093756	88.9627688297849	32412.218	1181.773	2687976.08
30.5130755895395	87.1697902641678	29569.729	1441.82	2955212.08
38.2244094204725	91.3686469050825	29314.947	1826.672	3292614.44
51.8613785108972	99.8545601163519	34194.399	3179.011	3875377.22
56.5760047391962	99.2332006134395	37026.423	3220.886	4089128.95
66.5140967887226	99.992440006048	32271.746	4173.844	4514595.7
73.0348415721267	99.999280000576	32912.304	4796.43	4809956.94
78.6998870400904	99.999640000288	32119.592	5188.645	5054567
