0.000849999320000544	0.0152999877600098	12.046	0.672	305.77
0.00135999891200087	0.0244799804160157	18.703	0.566	474.52
0.00142999885600092	0.0257399794080165	19.194	0.79	591.04
0.00224999820000144	0.0403199677440258	28.765	0.863	956.66
0.00344999724000221	0.0620999503200397	44.074	0.743	1430.76
0.00663999468800425	0.119339904528076	84.59	1.377	2603.95
0.0101499918800065	0.182699853840117	123.895	1.215	4174.9
0.0153199877440098	0.274679780256176	193.261	2.264	6051.23
0.0229499816400147	0.412379670096264	282.895	1.976	9598.99
0.0311299750960199	0.558719553024358	379.401	3.44	13339.6
0.0366399706880235	0.655379475696419	455.282	2.918	14946.77
0.0824199340640527	1.46699882640094	994.226	5.949	32782.61
0.120959903232077	2.14343828524937	1479.625	9.855	52419.35
0.151339878928097	2.6614778708177	1799.518	10.348	60162.58
0.253909796872163	4.42763645789083	2981.557	15.316	91562.87
0.377009698392241	6.45389483688413	4420.572	24.627	136244.16
0.634169492664406	10.6253914996868	7313.849	38.342	246240.31
0.870859303312557	14.015688787449	9450.168	52.775	323069.37
1.39085888731289	21.3137829489736	14533.351	84.391	495343.16
1.49515880387296	21.2988429609256	14293.152	87.059	541060.16
2.92201766238587	36.8726105019116	23295.001	164.226	902786.95
3.9045368763705	42.2909661672271	22854.544	219.218	1177845.79
7.39125408699673	66.2327470138024	31888.638	397.822	1793214.17
7.86550370759703	54.704116236707	22706.604	407.183	1882549.35
16.7364066108747	85.5739115408708	32781.191	893.214	2362670.51
22.8182017454386	83.0726335418932	29761.941	1201.003	2618400.76
34.8205121435903	98.2424814060149	34995.432	1885.575	3138764.06
42.3443961244831	97.7741217807026	32350.443	2287.529	3464036.12
51.8827684937852	99.8644601084319	33996.948	2797.135	3878487.36
56.7503445997243	99.2652405878075	30281.237	2988.363	4088257.28
66.4955868035306	99.991540006768	31898.806	3506.555	4513606.56
72.8574417140466	99.998740001008	31614.347	3823.001	4799226.53
78.6915370467704	99.999640000288	31353.338	4153.641	5054919.06
