0.000849999320000544	0.0152999877600098	11.615	0.602	353.99
0.00119999904000077	0.0215999827200138	16.187	0.546	583
0.00183999852800118	0.0331199735040212	24.841	0.611	787.91
0.00332999733600213	0.0599399520480384	43.292	0.816	1278.09
0.0037499970000024	0.0674999460000432	48.692	0.604	1571.37
0.00519999584000333	0.0935999251200599	66.669	0.802	2153.95
0.00861999310400552	0.154619876304099	108.227	1.103	4042.31
0.017209986232011	0.308519753184197	217.053	0.962	6999.43
0.0245499803600157	0.441359646912282	304.397	1.356	10310.12
0.0269399784480172	0.481679614656308	339.549	1.548	10936.92
0.0479799616160307	0.858239313408549	592.069	2.656	19390.59
0.0738199409440472	1.31345894923284	902.856	5.222	27695.78
0.0840499327600538	1.49111880710495	1035.546	6.193	33393.37
0.18716985026412	3.29669736264211	2264.485	13.094	82360.32
0.26608978712817	4.64147628681897	3152.942	15.331	101633.62
0.295709763432189	5.07023594381124	3457.349	16.701	120333.08
0.635229491816407	10.6453714837028	7322.776	38.472	243695.57
0.916919266464587	14.8021081583135	10118.855	50.274	353951.89
1.39828888136889	21.4423028461577	14662.473	77.478	504004.87
2.02323838140929	28.6586770730583	19761.137	108.55	685945.62
2.61989790408168	33.1174535060372	21195.256	139.718	887472.95
4.60330631735495	50.026639978688	27807.211	235.587	1314250.24
6.5641447486842	57.7236138211089	27447.469	315.678	1636474.92
10.7879213696629	74.0087407930074	31594.235	518.232	2104899.07
14.7273282181374	73.7965209627832	28383.804	698.659	2270603.49
24.3370305303756	88.8533289173369	32185.788	1179.867	2687188.05
34.8280921375263	98.2712813829749	35269.822	2052.765	3140243.56
43.6001251198999	99.4753004197597	35218.987	2622.906	3520227.82
50.4731796214563	99.0647207482234	32164.983	2876.475	3815572.22
59.436582450734	99.952120038304	33477.047	3708.989	4201051.63
66.3639269088585	99.987760009792	32356.722	4143.545	4506547.96
72.9440416447667	99.998740001008	32875.177	4773.173	4804906.08
78.7027170378264	99.999640000288	31940.112	5225.349	5054038.85
