0.000879999296000563	0.0158399873280101	5.75	0.461	317.83
0.00147999881600095	0.0266399786880171	3.711	0.689	627.2
0.00176999858400113	0.0318599745120204	4.489	0.434	787.91
0.00303999756800195	0.054719956224035	5.575	0.791	1145.5
0.00328999736800211	0.0592199526240379	5.99	0.814	1402.64
0.00802999357600514	0.144539884368093	13.482	0.602	3323.12
0.0113799908960073	0.204119836704131	25.944	0.943	4146.77
0.0142099886320091	0.255239795808163	23.009	1.235	5492.75
0.018729985016012	0.336239731008215	29.838	0.984	7742.73
0.0262399790080168	0.470159623872301	40.206	1.906	10804.33
0.0487699609840312	0.872099302320558	72.817	2.219	20113.84
0.0772399382080494	1.37195890243288	115.189	3.722	32617.88
0.0839699328240537	1.49579880336096	129.105	5.263	33071.93
0.121979902416078	2.15081827934538	178.939	7.349	49650.78
0.168499865200108	2.94731764214589	242.946	10.002	72442.72
0.372619701904238	6.38639489088409	524.678	18.397	141878.92
0.627709497832402	10.5053315957347	893.462	33.46	247691.59
0.634669492264406	10.2797917761666	873.554	32.956	240744.8
1.42843885724891	21.927222458222	1971.572	77.373	511922.51
2.15965827227338	30.7310154151877	2853.703	108.216	704697.57
3.23163741469007	41.2305870155304	4221.454	153.749	995659.75
3.77607697913842	40.9492472406022	4298.988	165.671	1151454.38
7.37092410326072	65.9935272051782	6629.541	328.824	1791706.58
11.2525509979592	78.193377445298	8138.795	471.753	2119250.9
14.8473281221375	74.4157204674236	8666.288	615.298	2275344.15
19.3300645359484	72.4776620178704	10194.275	757.714	2468037.68
33.8711729030617	95.5925235259812	11316.355	1767.262	3096722.78
43.4677752257798	99.2989005608795	11713.781	2607.572	3512833.85
50.5764995388004	99.1691206647035	11379.601	2901.555	3829127.67
56.6756146595083	99.2665005867995	11395.698	3112.672	4093848.64
65.9942272046182	99.97570001944	15089.103	4173.604	4490795.99
72.8646017083186	99.998740001008	15470.926	4851.023	4799549.3
78.6982870413704	99.999640000288	16278.127	5682.54	5054692.64
