0.00097	0.0174599860320112	4421.359	1506.293	705556
0.00184	0.0331199735040212	4828.703	1598.372	705556
0.0029	0.0518399585280332	4370.866	2034.926	705556
0.00397	0.0707399434080453	4768.748	1987.537	705556
0.00562	0.100439919648064	4796.721	2036.718	705556
0.00921	0.161639870688103	4312.689	1727.999	705556
0.0129	0.223199821440143	4886.466	1309.369	705556
0.01909	0.32867973705621	4411.405	1912.413	705556
0.02761	0.467819625744299	4432.081	1913.173	705556
0.04198	0.681119455104436	4764.347	1718.032	705556
0.06253	0.974699220240624	4795.78	1981.794	705556
0.09489	1.37393890084888	4449.329	1020.238	705556
0.1189	1.50875879299297	4878.812	1307.092	705556
0.21347	2.45717803425757	4750.301	1911.337	705556
0.31374	3.01769758584193	4822.325	1381.885	705556
0.47732	3.61223711021031	4461.438	1862.951	705556
0.71408	4.11173671061063	4809.889	1964.331	705556
1.06454	4.61411630870695	4347.829	1376.646	705556
1.59681	5.23349581320335	4341.296	1390.308	705556
2.39983	6.04151516678787	4352.661	1332.506	705556
3.6024	7.23671421062863	4789.35	1375.555	705556
5.22518	7.82099374320501	4802.818	1688.695	705556
8.08991	11.7421106063115	4326.335	1606.396	705556
12.14078	15.7690673847461	4428.842	1387.205	705556
18.20023	21.837942529646	4852.818	1373.934	705556
27.30866	30.9446752442598	4905.205	1597.465	705556
37.30846	40.9622072302342	4378.998	1454.6	705556
47.31672	50.9444592444326	4808.18	1524.184	705556
57.30803	60.915371267703	4384.584	1735.733	705556
67.30854	70.9590032327974	4848.147	1087.911	705556
77.30278	80.8600753119398	4576.425	2145.724	705556
87.30321	90.8983072813542	4422.885	2124.953	705556
97.22437	99.9074800740159	4546.681	2135.057	705556
