0.00087	0.01565998747201	2445.392	1935.383	705556
0.00175	0.0311399750880199	2434.827	1942.972	705556
0.00282	0.0503999596800323	2477.505	1523.905	705556
0.00419	0.0745199403840477	2499.468	1266.957	705556
0.00659	0.116279906976074	2478.293	1260.783	705556
0.00869	0.153359877312098	2455.444	1284.359	705556
0.0135	0.233459813232149	2470.355	1283.401	705556
0.01984	0.338939728848217	2432.496	1423.862	705556
0.02791	0.4688996248803	2459.758	1264.179	705556
0.04244	0.691019447184442	2483.066	1330.09	705556
0.06325	0.985679211456631	2425.967	1815.742	705556
0.0937	1.36781890574488	2464.651	1885.471	705556
0.14311	1.8712785029772	2449.556	1590.019	705556
0.17522	1.93067845545724	2496.99	1865.239	705556
0.31638	3.01679758656193	2506.665	1774.417	705556
0.47395	3.5945971243223	2466.852	1878.978	705556
0.71396	4.12631669894664	2490.05	1881.221	705556
1.06434	4.64417628465897	2427.414	1956.088	705556
1.59777	5.23313581349135	2443.056	1375.348	705556
2.39866	6.02765517787586	2425.763	1933.509	705556
3.59951	7.22789421768463	2487.998	1243.052	705556
5.39337	9.03239277408578	2440.207	1979.189	705556
8.09147	11.7230306215755	2454.46	1435.927	705556
12.1402	15.7879673696261	2411.699	1976.714	705556
18.19905	21.838302529358	2435.671	1222.135	705556
27.31731	30.9533152373478	2438.088	1840.171	705556
37.30697	40.9382672493862	2448.114	1442.584	705556
47.30762	50.9363592509126	2439.781	2010.009	705556
57.31107	60.931931254455	2464.631	1843.908	705556
67.30964	70.9440632447494	2437.238	1371.905	705556
77.30609	80.9435952451238	2482.383	2016.467	705556
87.31631	90.9627472298022	2419.008	1818.08	705556
97.15802	99.7003002397598	2420.886	1231.267	705556
