0.00113	0.020339983728013	5082.046	1402.443	705556
0.00193	0.0345599723520221	5038.998	1877.074	705556
0.00323	0.057779953776037	5480.384	1995.854	705556
0.00403	0.0721799422560462	5238.428	1911.082	705556
0.00645	0.114479908416073	5404.047	1969.245	705556
0.00894	0.157859873712101	5409.572	1338.829	705556
0.01335	0.23435981251215	5446.572	2018.649	705556
0.01877	0.322559741952206	5103.157	1339.579	705556
0.02752	0.464579628336297	5468.45	1304.237	705556
0.04258	0.694439444448444	5159.988	1753.778	705556
0.06319	0.978839216928626	5471.28	1940.92	705556
0.0921	1.34315892547286	5436.315	1942.029	705556
0.14073	1.85363851708919	5386.643	1614.392	705556
0.19087	1.74383860492912	5177.297	1520.193	705556
0.20969	2.41307806953754	5205.105	1992.101	705556
0.47329	3.5866771306583	5059.466	1839.205	705556
0.71546	4.11515670787463	5100.412	1277.297	705556
1.06537	4.62455630035496	5530.476	1989.543	705556
1.59965	5.22629581896334	5168.958	1515.913	705556
2.39596	6.05609515512388	5620.75	1360.29	705556
3.59729	7.23005421595663	5454.966	1961.925	705556
5.39245	9.03509277192578	5342.185	1611.085	705556
8.09441	11.7318506145195	5030.354	2105.952	705556
12.13366	15.7622273902181	5066.546	1357.823	705556
18.20243	21.823002541598	5482.096	2078.967	705556
27.3123	30.9547552361958	5014.995	1719.074	705556
37.30869	40.9510472391622	5061.171	1388.8	705556
47.3098	50.9491392406886	5183.207	2057.563	705556
57.31822	60.959651232279	5548.338	1850.096	705556
67.31053	70.9480232415814	5572.172	1504.293	705556
77.3141	80.9653752276998	5476.149	1413.855	705556
87.25961	90.4058276753379	5580.731	1760.594	705556
97.04735	99.4184204652636	5545.22	1729.239	705556
