0.00063	0.0113399909280073	9.344	1.707	244.08
0.00099	0.0178199857440114	13.172	1.709	434.64
0.00211	0.0379799696160243	26.857	2.189	1034.13
0.00302	0.0541799566560347	36.342	2.615	1206.78
0.00431	0.0775799379360497	51.911	3.027	1559
0.0059	0.106199915040068	71.248	3.559	2496.19
0.0102	0.183599853120118	123.108	4.81	3203.22
0.01061	0.190439847648122	128.033	4.903	4036.89
0.01523	0.273059781552175	176.438	5.989	5900.35
0.02496	0.447119642304286	287.08	8.126	9566.23
0.03781	0.676979458416433	444.707	10.572	14160.31
0.08026	1.43045885563292	937.628	13.114	29579.67
0.12239	2.17331826134539	1398.484	23.052	40215.78
0.17095	3.01211759030593	1562.444	31.145	56499.92
0.19447	3.40001727998618	1379.938	27.402	74997.45
0.26405	4.52285638171489	1444.089	47.313	85520.77
0.61909	10.3399117280706	2248.869	102.127	175984.63
0.90615	14.6377682897854	2671.407	204.13	333995.09
1.01318	15.551627558698	2651.363	175.24	375315.06
1.62423	22.9964216028627	3451.949	304.821	467618.26
2.46655	31.276414978868	3905.026	547.128	573882.92
4.72353	43.1400254879796	3888.679	704.032	706084.21
4.86793	53.4048772760982	5127.597	810.458	706400.86
8.77346	59.7432122054302	4514.42	1078.093	739639.79
15.51672	78.051717558626	5196.696	1285.082	730810.96
25.05831	92.0974663220269	5895.588	1569.273	751487.47
32.81318	92.8376257298994	6064.369	1886.699	768114.31
43.34228	99.1518406785275	5654.529	2031.998	791755.21
48.10062	97.1464622828302	5684.783	1729.733	802340.85
58.64632	99.8173001461599	5705.859	2003.622	826248.29
65.92085	99.97120002304	6196.979	1767.575	841399.98
72.99086	99.999820000144	5935.439	2003.799	857628.56
78.66611	100.0	5831.65	2246.801	870441.57
