0.000939999248000602	0.0169199864640108	2714.483	327.565	705556.12
0.00320999743200205	0.057779953776037	2663.465	335.275	705556.12
0.00364999708000234	0.0656999474400421	2643.983	325.1	705556.12
0.00693999444800444	0.12491990006408	2686.72	340.017	705556.12
0.00787999369600504	0.141479886816091	2710.677	326.305	705556.12
0.0233199813440149	0.417959665632267	2699.8	352.658	705556.12
0.0367099706320235	0.658799472960422	2672.082	329.708	705556.12
0.039039968768025	0.698039441568447	2631.703	334.072	705556.12
0.119249904600076	2.11913830468936	2636.224	345.575	705556.12
0.161599870720103	2.84363772508982	2706.271	336.644	705556.12
0.166369866904106	2.89997768001786	2717.428	326.751	705556.12
0.816769346584523	13.1837294530164	2636.209	347.7	705556.12
1.60979871216103	22.8140817487346	2721	334.046	705556.12
2.79733776212979	35.4122716701827	2712.975	344.486	705556.12
3.89564688348249	42.3761060991151	2675.871	336.944	705556.12
7.00357439714048	61.9914104068717	2671.217	385.742	705556.12
8.2742033806373	57.1018943184845	2665.413	342.057	705556.12
13.9550688359449	70.337823729741	2708.057	357.398	705556.12
22.5106119915104	82.1413142869486	2723.506	368.66	705556.12
34.7966521626783	98.2808213753429	2746.869	376.137	705556.12
51.8276885378492	99.8552801157759	2695.995	398.315	705556.12
58.9455928435257	99.8851600918719	2723.157	395.199	705556.12
72.4791120167104	99.998020001584	2671.896	394.334	705556.12
78.6399670880263	100.0	2691.933	402.474	705556.12
