0.000649999480000416	0.0116999906400075	2524.623	513.883	705556.12
0.00123999900800079	0.0223199821440143	2465.622	507.646	705556.12
0.00206999834400132	0.0372599701920238	2478.558	516.065	705556.12
0.00306999754400196	0.0552599557920354	2485.197	529.292	705556.12
0.00416999666400267	0.075059939952048	2489.574	537.32	705556.12
0.00766999386400491	0.137879889696088	2487.341	539.3	705556.12
0.0362299710160232	0.649439480448416	2494.122	523.748	705556.12
0.0367699705840235	0.659339472528422	2524.163	525.369	705556.12
0.0555399555680355	0.988559209152633	2517.484	533.172	705556.12
0.177429858056114	3.126777498578	2448.953	531.028	705556.12
0.236519810784151	4.11695670643464	2517.422	518.687	705556.12
0.550779559376352	9.2244526204379	2498.585	525.474	705556.12
0.637539489968408	10.3240717407426	2517.619	533.148	705556.12
1.34992892005686	20.6956634434692	2482.26	541.06	705556.12
1.50434879652096	21.4075628739497	2474.17	530.969	705556.12
2.39518808384953	30.4505756395395	2508.024	527.434	705556.12
4.82193614245109	52.7376178099057	2518.766	545.191	705556.12
6.94719444224445	61.4173908660873	2527.973	540.14	705556.12
8.77164298268561	60.0283319773344	2511.097	548.93	705556.12
23.2602213918229	84.7761521790783	2470.431	554.474	705556.12
29.8934960852031	85.870911303271	2502.48	554.136	705556.12
41.3367269306185	96.3416829266537	2521.082	574.948	705556.12
50.2773297781362	98.9822808141754	2543.291	575.757	705556.12
57.2047242362206	99.4330004535996	2487.732	575.604	705556.12
66.4341268526985	99.993520005184	2508.904	601.235	705556.12
72.7530517975586	99.998560001152	2472.683	594.878	705556.12
78.6537170770263	100.0	2497.532	594.545	705556.12
