0.000759999392000486	0.0136799890560088	2653.443	517.014	705556.12
0.00110999911200071	0.0197999841600127	2662.099	515.911	705556.12
0.00130999895200084	0.0235799811360151	2714.502	515.155	705556.12
0.00243999804800156	0.0439199648640281	2676.01	476.36	705556.12
0.00474999620000304	0.0851399318880545	2687.138	509.872	705556.12
0.00492999605600316	0.0885599291520567	2699.386	532.763	705556.12
0.0071799942560046	0.128699897040082	2717.783	513.98	705556.12
0.0152799877760098	0.274319780544176	2686.267	489.792	705556.12
0.023509981192015	0.42209966232027	2688.709	519.564	705556.12
0.024929980056016	0.446219643024286	2712.876	506.227	705556.12
0.0560599551520359	1.00061919950464	2665.387	512.968	705556.12
0.0830299335760531	1.48175881459295	2660.855	519.054	705556.12
0.122209902232078	2.16989826408139	2664.576	519.783	705556.12
0.157729873816101	2.78243777404978	2781.16	518.289	705556.12
0.166939866448107	2.90987767209786	2716.633	507.073	705556.12
0.392899685680251	6.73109461512431	2719.496	524.581	705556.12
0.504199596640323	8.4346132523094	2669.02	506.453	705556.12
0.724989420008464	11.6981906414475	2684.723	502.931	705556.12
1.43542885165692	22.0082223934221	2675.253	515.153	705556.12
1.68128865496908	23.8318009345593	2706.149	512.361	705556.12
2.53101797518562	32.0973943220845	2660.688	523.24	705556.12
4.90793607365114	53.8935768851385	2696.444	519.514	705556.12
5.04942596045923	45.4658036273571	2747.901	512.655	705556.12
8.05492355606115	55.8683553053158	2642.875	519.236	705556.12
13.5954191236647	68.774164980668	2715.409	548.428	705556.12
25.6614394708484	95.1817638545889	2734.635	547.56	705556.12
32.3748541001167	91.8231465414828	2650.251	549.907	705556.12
43.0095155923875	98.7675409859672	2630.714	556.036	705556.12
47.2945421643663	96.4406828474537	2695.189	555.254	705556.12
58.3344633324293	99.7660001871999	2661.309	560.937	705556.12
66.5718467425226	99.996040003168	2710.148	570.289	705556.12
72.7185118251905	99.998920000864	2706.98	572.297	705556.12
78.6577570737943	100.0	2651.655	570.553	705556.12
