0.00104999916000067	0.018719985024012	8.015	0.608	402.4
0.00222999821600143	0.0401399678880257	16.883	0.608	776.25
0.00286999770400184	0.0516599586720331	21.466	0.802	1210.39
0.00398999680800255	0.0714599428320457	28.927	0.564	1728.93
0.00598999520800383	0.106379914896068	42.022	0.561	2327.89
0.00873999300800559	0.153539877168098	60.426	0.722	3650.41
0.0128499897200082	0.225359819712144	88.375	0.936	5294.53
0.0192299846160123	0.331739734608212	127.965	1.321	7766.74
0.0278999776800179	0.470159623872301	182.308	1.471	10017.88
0.0420099663920269	0.685979451216439	263.326	1.998	17024.61
0.0616399506880395	0.966959226432619	375.886	3.959	24835.46
0.0932699253840597	1.34603892316886	510.706	4.904	37502.73
0.143429885256092	1.88315849347321	690.88	6.981	53241.86
0.211779830576136	2.42045806363355	857.311	7.977	81621.97
0.317199746240203	3.03029757576194	986.675	12.609	126188.08
0.476389618888305	3.60215711827431	1056.718	18.825	186474.93
0.711239431008455	4.11335670931463	1112.303	20.657	270241.1
1.06133915092868	4.62833629733096	1135.734	29.781	388668.75
1.60170871863302	5.23763580989135	1174.966	46.357	605540.58
2.39532808373753	6.04421516462787	1211.271	61.401	793556.26
3.5943571245143	7.23473421221263	1262.975	90.098	1069492.21
5.14058588753129	7.54145396683683	859.111	123.87	1408299.94
8.05714355428516	11.2994909604072	1305.526	205.185	1877545.04
12.1411502870798	15.7946273642981	1650.248	297.699	2179714.43
18.2121754302597	21.839202528638	1881.33	444.096	2394217.41
27.3055581555535	30.9587152330278	2264.863	671.25	2790272.45
37.3125501499599	40.9510472391622	2679.222	899.854	3254463.72
47.3104321516543	50.9530992375206	3123.179	1168.65	3686912.16
57.3080041535967	60.946691242647	3533.425	1396.838	4111586.05
67.3090761527391	70.9537832369734	3945.556	1625.05	4566740.9
77.3129081496735	80.9351352518918	4365.123	1879.163	4989142.21
87.3107701513839	90.9465472427622	4782.187	2238.092	5424877.92
97.0257823793741	99.3682005054396	5134.459	3840.145	5818119.24
