0.00111	0.0199799840160128	5.743	0.496	394.35
0.00213	0.0383399693280245	10.242	0.545	920.93
0.00286	0.0512999589600328	13.411	0.481	1238.49
0.00429	0.0761399390880487	19.346	0.537	1708.78
0.00593	0.105479915616068	26.567	0.929	2556.94
0.00898	0.158399873280101	39.225	0.763	4108.53
0.01226	0.215639827488138	53.937	0.809	5334.54
0.01982	0.341459726832219	83.653	1.077	9028.66
0.02843	0.480239615808307	118.733	1.594	10632.55
0.04334	0.708479433216453	171.741	2.04	17819.93
0.06351	0.98441921246463	238.318	2.833	24927.03
0.09403	1.37321890142488	330.934	5.65	41473.21
0.13948	1.84139852688118	434.697	7.512	54192.77
0.21084	2.43143805484956	556.366	8.304	88851.93
0.31481	3.03461757230594	651.422	14.128	119416.68
0.47326	3.58109713512229	715.71	16.394	178900.2
0.71022	4.11893670485064	757.064	20.375	281759.8
1.06496	4.63103629517096	765.884	28.895	399877.3
1.59842	5.22467582025934	800.253	41.523	578499.9
2.39969	6.04169516664387	830.75	60.197	824929.63
3.59383	7.23239421408463	890.545	95.912	1166408.59
5.39653	9.03995276803779	982.364	137.735	1445004.87
8.08634	11.7129506296395	1076.657	203.519	1909760.24
12.13761	15.7769873784101	1246.148	296.423	2186060.59
18.20343	21.84046252763	1519.904	446.526	2432659.96
27.31097	30.9353152517478	1875.973	657.269	2806681.28
37.31347	40.9496072403142	2325.978	908.75	3243276.8
47.31317	50.9561592350726	2728.749	1143.633	3655220.84
57.31	60.963431229255	3151.316	1404.221	4108614.3
67.31316	70.9464032428774	3578.075	1648.068	4534182
77.31154	80.9376552498758	4039.329	1908.429	4977222.4
87.31122	90.9710272231782	4433.029	2226.801	5420904.5
97.20711	99.8556401154879	4724.287	3869.792	5851344.4
