0.00105999915200068	0.0190799847360122	8.18	0.406	394.36
0.00212999829600136	0.0381599694720244	15.842	0.707	732.03
0.00287999769600184	0.0512999589600328	21.225	0.652	1226.47
0.00377999697600242	0.0674999460000432	27.142	0.475	1403.35
0.00622999501600399	0.110519911584071	43.571	0.542	2396.23
0.00931999254400596	0.163619869104105	63.496	1.173	3421.27
0.0133099893520085	0.233459813232149	90.894	1.471	5266.39
0.0196299842960126	0.340019727984218	131.227	1.022	9101.33
0.0277499778000178	0.466559626752299	181.01	1.432	10407.81
0.0424299660560272	0.693719445024444	270.273	2.791	16956.26
0.0617999505600395	0.969839224128621	375.373	3.094	25297.74
0.0930699255440596	1.35305891755287	517.308	5.831	38451.48
0.13989988808009	1.83743853004918	678.667	7.781	62958.99
0.211079831136135	2.42747805801755	841.818	9.934	79993.65
0.317259746192203	3.02435758051394	975.883	11.488	131994.4
0.472399622080302	3.5972971221623	1062.157	18.699	183905.17
0.708569433144454	4.10867671305863	1113.009	20.863	250057.03
1.06249915000068	4.64147628681897	1125.903	28.951	348968.59
1.59688872248902	5.22935581651535	1188.344	45.664	559988.3
2.39349808520153	6.04511516390787	1203.349	60.717	825506.24
3.5927571257943	7.24517420386064	1269.865	94.951	1069149.31
5.39945568043546	9.03653277077378	1349.295	135.372	1462946.3
8.08217353426117	11.5415907667274	1364.424	203.214	1875572.77
12.1392802885758	15.7841873726501	1619.114	298.883	2152139.53
18.2040754367397	21.86476250819	1864.431	443.12	2444062.95
27.3091281526975	30.9527752377798	2252.396	658.543	2858077.63
37.3113301509359	40.9647272282182	2678.349	899.442	3273891.14
47.3114021508783	50.9476992418406	3117.184	1154.901	3689595.84
57.3123241501407	60.936791250567	3532.405	1392.741	4155355.35
67.3081461534831	70.8940232847814	3944.682	1639.01	4579677.08
77.3077481538015	80.9455752435398	4378.217	1888.801	4993830.28
87.3039701568239	90.7577273938181	4784.841	2224.694	5420894.46
96.9874524100381	99.2825205739835	5141.392	3858.567	5814823.2
