0.00099	0.0178199857440114	6.81	0.788	362.01
0.00192	0.0345599723520221	12.327	0.56	703.52
0.00275	0.0494999604000317	16.904	0.83	1049.05
0.00413	0.0741599406720475	25.318	0.667	1543.21
0.00628	0.112139910288072	37.447	0.918	2467.28
0.00875	0.152459878032098	51.178	1.15	4106.5
0.01226	0.213119829504136	69.698	1.381	5339.94
0.01916	0.330659735472212	105.764	2.384	8582.27
0.02823	0.470699623440301	151.907	2.175	11458.98
0.04271	0.692819445744443	222.524	2.816	15549.09
0.06354	0.992159206272635	314.541	5.457	24002.65
0.09426	1.36421890862487	432.962	4.911	42457.19
0.14334	1.8779384976492	576.359	8.978	60864.33
0.21142	2.43809804952156	707.655	11.848	85046.69
0.31634	3.02291758166593	821.288	12.952	115310.74
0.46572	3.47273722181022	843.152	16.68	167622
0.70485	4.12037670369864	927.114	23.4	271537.48
1.0639	4.64723628221097	984.407	31.085	400013.69
1.60033	5.22539581968334	1001.96	48.613	577204.59
2.39696	6.03953516837187	1046.249	69.716	765460.85
3.59799	7.25363419709264	1084.03	96.058	1062986.52
5.3945	9.02987277610178	1169.352	146.69	1418574.82
8.09344	11.7412106070315	1272.804	216.761	1875904.95
12.13958	15.7834673732261	1457.197	317.659	2169146.28
18.20822	21.841902526478	1714.821	465.871	2425806.2
27.31317	30.9664552268358	2098.913	695.826	2817045.33
37.31468	40.9334072532742	2500.684	917.438	3257203.16
47.3071	50.9592192326246	2995.745	1203.175	3667094.34
57.3105	60.950471239623	3302.195	1408.211	4122332.92
67.31094	70.9469432424454	3737.746	1680.755	4544819.31
77.31236	80.9714952228038	4182.532	1928.781	4990119.99
87.31369	90.9337672529862	4605.852	2183.91	5431451.33
97.1277	99.6175003059998	4924.149	2411.46	5834300.57
