0.00115999907200074	0.0208799832960134	9.306	0.756	402.4
0.0021899982480014	0.0392399686080251	16.931	0.567	800.37
0.00287999769600184	0.0518399585280332	21.635	0.688	1142.05
0.00412999669600264	0.0739799408160473	29.605	1.005	1439.52
0.00573999540800367	0.100979919216065	40.197	0.894	2311.81
0.00912999269600584	0.160199871840103	63.251	1.175	3445.39
0.0128599897120082	0.225539819568144	87.844	2.065	5318.65
0.0192199846240123	0.331019735184212	130.45	2.681	7473.29
0.0275899779280177	0.4687196250243	181.567	2.029	11280.14
0.0433299653360277	0.702359438112449	273.474	3.8	17040.69
0.0636299490960407	0.979559216352627	376.198	5.138	22471.68
0.0908899272880582	1.33181893454485	510.957	6.879	32867.53
0.141879886496091	1.85669851464119	692.123	8.365	54874.1
0.210579831536135	2.41379806896154	835.258	11.631	74377.01
0.314909748072202	3.02183758252993	978.518	13.797	146578.92
0.475369619704304	3.6003571197143	1050.432	17.576	162917.29
0.665119467904426	3.56291714966628	899.836	21.669	254457.38
1.06806914554468	4.63085629531496	1150.889	31.371	389586.18
1.60371871702503	5.23007581593935	1180.249	44.84	522002.41
2.39757808193753	6.04295516563587	1214.228	65.059	816918.98
3.5994271204583	7.23347421322063	1263.868	101.093	1091931.47
5.39369568504345	9.03653277077378	1354.463	145.802	1415377.72
8.09241352606918	11.7359906112075	1466.927	214.408	1889456.68
12.1403102877518	15.7751873798501	1647.716	318.571	2137521.81
18.2065454347637	21.843342525326	1905.082	483.336	2404599.93
27.3100481519615	30.9659152272678	2316.081	692.38	2856412.8
37.3129501496399	40.9652672277862	2721.248	954.053	3254627.25
47.3085121531903	50.9374392500486	3178.525	1203.628	3680236.37
57.1464942828046	59.7516721986622	3192.471	1445.983	4114357.85
67.3098861520911	70.9622432302054	4035.366	1712.842	4569202.25
77.2795881763295	80.5128555897155	4441.213	1952.713	4993360.67
87.3070501543599	90.9544672364262	4814.352	2200.229	5422773.1
97.1471622822702	99.6693402645278	5188.782	2453.661	5831349.02
