0.00092	0.0165599867520106	4.698	0.61	438.35
0.00203	0.0361799710560232	9.343	0.719	916.46
0.00304	0.0543599565120348	13.94	0.476	1117.35
0.00405	0.0725399419680464	18.319	0.767	1543.21
0.00577	0.102419918064066	25.314	0.538	2740.49
0.00931	0.163439869248105	40.164	0.788	3315.01
0.01381	0.241019807184154	57.823	0.76	4628.8
0.01861	0.321659742672206	77.864	1.144	6918.91
0.02735	0.462059630352296	111.747	2.004	11884.84
0.04142	0.674099460720431	163.827	3.206	15549.09
0.06226	0.978839216928626	232.232	4.394	24083.01
0.09418	1.36277890977687	325.59	3.987	33995.25
0.14169	1.86047851161719	429.185	5.962	58027.45
0.21066	2.41145807083354	537.086	10.595	82390.49
0.31363	3.00779759376193	635.986	14.043	114390.46
0.4782	3.61601710718631	694.601	18.348	192895.86
0.70859	4.13045669563464	733.727	25.531	239625.43
1.03241	4.18337665329868	663.5	26.361	359931.01
1.59896	5.21585582731534	790.079	44.68	585381.48
2.39864	6.03935516851586	813.304	58.942	762634.13
3.59668	7.24949420040464	865.604	97.962	1096825.4
5.39451	9.05147275882179	946.866	138.774	1406955.53
8.08749	11.7284306172555	1038.963	198.065	1900983.38
12.14235	15.7796873762501	1200.168	292.856	2130957.96
18.20693	21.846042523166	1434.721	440.366	2400636.5
27.31221	30.9482752413798	1802.709	660.479	2813059.31
37.31462	40.9604072316742	2187.606	899.607	3248300.33
47.3156	50.9595792323366	2576.681	1129.614	3711707.93
57.30932	60.969911224071	2952.78	1353.45	4130300.63
67.30975	70.9447832441734	3377.572	1628.044	4556169.65
77.30468	80.8719553024358	3726.711	1869.246	4988736.82
87.31267	90.9636472290822	4120.262	2173.718	5426002.33
97.22294	99.8839000928799	4397.915	3543.585	5846149.85
