0.00094	0.0169199864640108	5.021	0.586	462.68
0.00185	0.0332999733600213	9.047	0.664	896.81
0.00309	0.0548999560800351	14.489	0.754	1170.15
0.00415	0.073439941248047	19.056	0.681	1833.39
0.00599	0.105839915328068	26.926	0.593	2552.92
0.00885	0.1564198748641	38.716	0.644	4108.53
0.01297	0.227159818272145	55.616	0.823	5788.77
0.01811	0.310319751744199	76.32	1.059	7223.81
0.02791	0.465839627328298	113.79	2.204	11774.15
0.04125	0.67229946216043	161.802	1.981	17068.24
0.06463	0.997559201952638	241.668	3.088	26080.75
0.09435	1.35791891366487	328.257	5.873	37312.48
0.14073	1.85129851896118	439.799	7.426	59125.55
0.2094	2.41721806622555	544.336	9.988	84441.47
0.31645	3.04073756740995	658.757	13.381	124004.4
0.47515	3.5949571240343	714.7	14.994	189126.62
0.70951	4.07591673926661	734.779	22.269	279949.69
1.06613	4.65209627832298	771.971	27.493	377248.48
1.60211	5.23781580974735	802.169	44.957	573527.87
2.39962	6.04835516131587	840.005	58.49	825622.72
3.59757	7.23365421307663	898.574	86.605	1149409.57
5.39571	9.02429278056577	952.611	130.229	1540041.38
8.09208	11.7300506159595	1086.448	197.383	1955417.4
12.11523	15.4924076060739	1186.593	284.462	2166197.59
18.20517	21.848382521294	1488.35	425.626	2426802.14
27.31326	30.9468352425318	1879.224	641.638	2805695.69
37.30635	40.9553672357062	2305.234	869.296	3271345.93
47.30555	50.9467992425606	2684.182	1098.312	3689609.13
57.30848	60.947231242215	3106.545	1342.173	4129408.29
67.16053	69.8001641598687	3270.375	1585.987	4556585.96
77.30989	80.9284752572198	3944.481	1808.258	4975926.61
87.30964	90.9562672349862	4350.882	2126.75	5425462.54
97.1984	99.8272001382399	4652.069	3762.469	5851030.03
