0.00094	0.0169199864640108	2.615	0.547	410.43
0.00207	0.0367199706240235	4.51	0.586	800.34
0.00291	0.0523799580960335	6.169	0.622	1282.71
0.00382	0.0682199454240437	7.331	0.53	1909.76
0.00586	0.103499917200066	10.679	0.81	2339.87
0.00921	0.160739871408103	15.034	1.072	3505.57
0.01295	0.226979818416145	21.448	1.113	5949.54
0.01885	0.323279741376207	30.013	1.478	7722.25
0.0284	0.477719617824306	43.935	1.968	11894.74
0.04252	0.696779442576446	62.322	1.665	16288.37
0.06258	0.976679218656625	87.249	3.497	26333.99
0.09403	1.36853890516888	116.167	3.558	37618.02
0.14145	1.85759851392119	164.12	6.809	61879.4
0.21219	2.45339803728157	212.285	9.532	88043.78
0.31375	3.01481758814593	265.742	11.16	123011.25
0.47353	3.5951371238903	318.602	16.905	173865.49
0.70799	4.12721669822664	357.73	23.027	272447.99
1.06438	4.64471628422697	399.176	31.549	406323.43
1.59688	5.21927582457934	431.041	39.575	577827.59
2.39859	6.04277516577987	492.012	58.656	764029.22
3.59742	7.25003419997264	562.756	86.223	1101120.76
5.3966	9.03779276976578	678.47	128.959	1435734.78
8.08839	11.7334706132235	844.077	194.885	1990192.19
12.13768	15.7771673782661	1058.725	291.643	2142929.87
18.20515	21.851982518414	1453.714	424.738	2453659.59
27.30624	30.9524152380678	2011.394	636.272	2853871.15
37.31315	40.9470872423302	2579.07	859.876	3236131.59
47.31249	50.9565192347846	3160.732	1089.701	3685952.66
57.31073	60.960731231415	3727.411	1335.034	4099490.15
67.31079	70.9624232300614	4410.265	1575.4	4529984.6
77.30891	80.9509752392198	4989.097	1803.15	4990636.33
86.92268	89.1586086731131	5330.193	2019.88	5392009.44
97.00527	99.3185205451836	6335.051	5041.432	5827053.55
