0.00105999915200068	0.0190799847360122	8.296	0.607	402.4
0.0010899991280007	0.0194399844480124	8.718	0.442	213.47
0.00308999752800198	0.0550799559360352	22.407	0.76	1218.43
0.00412999669600264	0.0739799408160473	29.896	0.528	1495.78
0.00590999527200378	0.104759916192067	41.117	0.605	2532.91
0.00854999316000547	0.150119879904096	59.269	0.665	3356.96
0.0125899899280081	0.21941982446414	86.47	0.849	4932.74
0.0192199846240123	0.329759736192211	127.18	1.181	8116.47
0.0275799779360177	0.464939628048298	179.95	1.348	11284.16
0.0413999668800265	0.678419457264434	263.16	2.009	18001.46
0.0637799489760408	0.998099201520639	386.189	4.244	25382.16
0.0945199243840605	1.35899891280087	523.783	4.849	37760.02
0.138379889296089	1.83329853336117	677.793	5.949	52506.14
0.209849832120134	2.40857807313754	847.262	8.98	82048.16
0.317819745744203	3.02075758339393	990.721	13.386	107728.19
0.476749618600305	3.5981971214423	1059.881	18.713	180350.13
0.711699430640455	4.11065671147463	1136.494	25.119	259288.15
1.06372914901668	4.63049629560296	1146.076	28.246	387095.47
1.59930872055302	5.23205581435535	1185.712	41.31	559158.95
2.39796808162553	6.03917516865986	1227.258	61.814	784716.22
3.5999871200103	7.23527421178063	1281.423	87.463	1020652.39
5.39938568049146	9.04139276688579	1343.866	134.641	1464947.87
8.09117352706118	11.7514705988235	1447.037	199.123	1920673.74
12.1372902901678	15.7751873798501	1637.345	287.408	2131554.76
18.2106654314677	21.847482522014	1885.309	435.249	2393869.3
27.3069681544255	30.9288352569318	2252.7	633.963	2832687.16
37.3056901554479	40.9393472485222	2728.87	882.963	3247595.16
47.3082021534383	50.9601192319046	3115.352	1100.02	3677451.93
57.3159941472047	60.957131234295	3516.591	1333.481	4114588.38
67.3108961512831	70.9467632425894	3972.376	1578.889	4567751.33
77.1304882956094	79.683776252979	3994.917	1828.42	4993540.89
87.3091001527199	90.9542872365702	4773.781	2153.906	5421745.55
97.2263222189422	99.9154000676799	5014.199	3905.616	5844130.03
