0.00083	0.0149399880480096	5.125	0.725	414.45
0.00221	0.0395999683200253	12.655	0.556	788.28
0.00331	0.0595799523360381	17.238	0.896	1198.29
0.00402	0.071819942544046	20.022	0.849	1700.74
0.0064	0.113759908992073	31.647	0.876	2468.5
0.0093	0.163979868816105	48.708	1.342	3847.25
0.01302	0.227699817840146	67.807	1.931	4960.71
0.01806	0.3117597505922	91.268	2.152	8453.84
0.02805	0.473579621136303	137.315	1.849	11874.64
0.0412	0.669779464176429	194.715	2.057	17168.73
0.06331	0.986579210736631	256.619	4.742	25903.88
0.09281	1.35305891755287	350.998	4.566	36198.96
0.14097	1.85867851305719	478.391	8.162	55398.83
0.21165	2.42315806147355	592.179	10.935	80610.02
0.27278	2.42045806363355	544.24	10.623	84461.57
0.47445	3.5927971257623	846.177	17.278	206286.54
0.71301	4.13243669405064	820.071	22.435	274744.75
1.06604	4.63445629243497	852.413	29.702	378363.01
1.59676	5.23259581392335	904.554	42.328	626417.07
2.39937	6.04817516145987	946.702	63.745	775950.27
3.38011	5.85035531971574	719.054	84.861	992072.91
5.39422	9.04193276645379	1142.988	137.969	1533362.14
8.0899	11.7424706060235	1297.678	202.692	1927607.72
12.13613	15.7807673753861	1563.339	300.121	2145542.1
18.21032	21.850542519566	2000.973	448.452	2444598.13
27.30735	30.9534952372038	2458.913	650.775	2840625.01
37.3113	40.9404272476582	3094.945	899.264	3244928.95
47.30571	50.9482392414086	3776.41	1147.922	3687889.81
57.31394	60.964511228391	4270.204	1386.762	4123902.47
67.3036	70.9455032435974	4906.412	1613.853	4570687.63
77.31272	80.9590752327398	5470.127	1852.358	4993257.16
87.30034	90.697607441914	6078.225	2099.015	5419310.93
97.13459	99.6392802885758	6695.731	2337.052	5840983.25
