0.00100999919200065	0.0181799854560116	6.197	0.471	390.35
0.00211999830400136	0.0379799696160243	10.91	0.884	860.67
0.00310999751200199	0.0556199555040356	15.913	0.784	1254.62
0.00407999673600261	0.0723599421120463	22.48	1.103	1552.08
0.00568999544800364	0.100259919792064	30.947	1.283	2368.12
0.00906999274400581	0.158759872992102	48.186	0.972	3750.94
0.0129199896640083	0.225359819712144	61.132	1.255	5563.92
0.0192899845680123	0.334259732592214	98.9	2.382	7782.91
0.0199999840000128	0.333719733024214	90.978	2.556	2709.81
0.042159966272027	0.689939448048442	181.012	3.175	16719.27
0.0622699501840399	0.975599219520624	256.815	4.833	27822.64
0.0934399252480598	1.36007891193687	362.039	6.396	35979.5
0.14014988788009	1.85417851665719	472.972	7.846	54006.3
0.211119831104135	2.44547804361757	602.952	10.355	92920.89
0.315999747200202	3.01589758728193	703.974	14.49	122839.98
0.474919620064304	3.60197711841831	830.692	16.422	178015.57
0.709969432024454	4.12721669822664	823.612	26.204	263486.33
1.06371914902468	4.63373629301097	857.706	31.072	405046.24
1.565488747609	4.79087616729907	812.068	40.133	542920.91
2.40020807983354	6.04835516131587	944.827	63.179	803602.04
3.5973871220903	7.23113421509263	1078.072	92.16	1097785.55
5.39275568579545	9.04283276573379	1132.791	138.922	1472699.34
8.06729354616516	11.4139708688233	1217.044	199.495	1913012.85
12.1372602901918	15.7888673689061	1544.454	309.037	2164947.82
18.2027454378036	21.847122522302	1948.835	448.526	2416714.29
27.3059681552255	30.9527752377798	2452.664	672.645	2816290.8
37.3037101570319	40.9559072352742	3087.961	907.024	3258991.7
47.0074523940381	49.3352605317916	3226.433	1135.364	3668502.18
57.3010041591967	60.8007113594309	4261.589	1403.8	4128059.87
67.3090761527391	70.9402832477734	4910.405	1623.203	4570047.66
77.3097381522095	80.8949952840038	5438.694	1890.758	5009288.92
87.3104801516159	90.9409672472262	6066.826	2114.102	5414216.11
97.0565723547421	99.4159004672796	6397.797	2342.992	5828117.14
