0.00101	0.00125999899200081	1043.322	683.003	705556
0.00201	0.0023399981280015	1041.406	678.397	705556
0.003	0.00305999755200196	1034.509	705.217	705556
0.00401	0.00413999668800265	1034.794	679.789	705556
0.00601	0.00611999510400392	1037.378	679.34	705556
0.00901	0.00917999265600588	1044.37	719.35	705556
0.01301	0.0131399894880084	1051.599	711.583	705556
0.01901	0.0192599845920123	1032.858	699.856	705556
0.028	0.028079977536018	1032.741	680.524	705556
0.04201	0.042119966304027	1038.647	701.952	705556
0.063	0.0631799494560404	1027.471	672.883	705556
0.09401	0.0941399246880602	1054.843	686.044	705556
0.14101	0.14129988696009	1035.523	705.113	705556
0.21101	0.211139831088135	1040.163	684.298	705556
0.31601	0.316259746992202	1046.862	675.621	705556
0.47401	0.474119620704303	1043.024	682.364	705556
0.71101	0.711179431056455	1044.75	706.893	705556
1.066	1.06613914708868	1040.586	690.147	705556
1.59901	1.59911872070502	1036.057	712.409	705556
2.398	2.39813808148954	1061.822	709.057	705556
3.597	3.5971171223063	1034.363	676.211	705556
5.39501	5.39513568389145	1040.043	682.218	705556
8.09201	8.09225352619718	1042.221	686.639	705556
12.13801	12.1381102895118	1071.529	705.047	705556
18.20701	18.2071654342677	1040.813	689.144	705556
27.31001	27.3102981517615	1057.137	725.132	705556
37.31001	37.3101901518479	1057.366	723.624	705556
47.31001	47.3100821519343	1087.82	726.211	705556
57.31001	57.3101541518767	1063.363	728.071	705556
67.31001	67.3102261518191	1096.314	764.301	705556
77.31001	77.3101181519055	1095.145	738.063	705556
87.31001	87.3101901518479	1118.74	775.337	705556
97.31001	97.3100821519343	1109.08	784.556	705556
