0.00100999919200065	0.00107999913600069	1693.605	506.507	705556.12
0.00200999839200129	0.00215999827200138	1672.638	498.245	705556.12
0.00299999760000192	0.00323999740800207	1685.302	492.19	705556.12
0.00399999680000256	0.00413999668800265	1695.221	495.492	705556.12
0.00600999519200385	0.00611999510400392	1682.386	495.71	705556.12
0.00900999279200577	0.00917999265600588	1695.319	494.772	705556.12
0.0130099895920083	0.0131399894880084	1688.253	494.306	705556.12
0.0190099847920122	0.0192599845920123	1677.582	500.413	705556.12
0.0280099775920179	0.028079977536018	1707.87	506.031	705556.12
0.0420099663920269	0.042119966304027	1693.495	518.408	705556.12
0.0630099495920403	0.0631799494560404	1708.269	510.056	705556.12
0.0940099247920602	0.0941399246880602	1671.896	499.065	705556.12
0.14099988720009	0.14111988710409	1681.944	497.859	705556.12
0.211009831192135	0.211139831088135	1688.139	501.588	705556.12
0.316009747192202	0.316259746992202	1682.165	495.352	705556.12
0.474009620792303	0.474299620560304	1690.067	495.432	705556.12
0.711009431192455	0.711179431056455	1697.706	508.044	705556.12
1.06600914719268	1.06613914708868	1697.854	496.372	705556.12
1.59900872079302	1.59911872070502	1677.985	517.331	705556.12
2.39800808159353	2.39831808134553	1712.764	500.61	705556.12
3.5969971224023	3.5971171223063	1682.979	486.151	705556.12
5.39500568399545	5.39531568374745	1702.686	491.329	705556.12
8.09200352639718	8.09207352634118	1680.129	511.929	705556.12
12.1380002895998	12.1381102895118	1684.772	514.47	705556.12
18.2069954344037	18.2071654342677	1721.227	528.177	705556.12
27.3099881520095	27.3102981517615	1714.462	521.078	705556.12
37.3099701520239	37.3101901518479	1709.589	518.757	705556.12
47.3099521520383	47.3102621517903	1713.308	567.399	705556.12
57.3099541520367	57.3101541518767	1719.223	549.221	705556.12
67.3099561520351	67.3102261518191	1728.055	533.373	705556.12
77.3099481520415	77.3101181519055	1754.976	566.167	705556.12
87.3099401520479	87.3100101519919	1743.728	568.455	705556.12
97.3099321520543	97.3100821519343	1756.554	587.23	705556.12
