0.00100999919200065	0.00125999899200081	1050.386	692.056	705556.12
0.00200999839200129	0.00215999827200138	1021.076	699.985	705556.12
0.00300999759200193	0.00323999740800207	1034.666	680.436	705556.12
0.00400999679200257	0.00413999668800265	1039.043	675.745	705556.12
0.00599999520000384	0.00611999510400392	1028.514	701.924	705556.12
0.00899999280000576	0.00917999265600588	1024.009	669.878	705556.12
0.0130099895920083	0.0133199893440085	1022.685	695.905	705556.12
0.0189999848000122	0.0190799847360122	1026.922	681.353	705556.12
0.0280099775920179	0.028079977536018	1033.497	678.594	705556.12
0.0419999664000269	0.042119966304027	1028.981	675.963	705556.12
0.0630099495920403	0.0631799494560404	1033.412	709.146	705556.12
0.0940099247920602	0.0941399246880602	1042.207	703.556	705556.12
0.14100988719209	0.14111988710409	1034.793	669.246	705556.12
0.211009831192135	0.211139831088135	1033.636	676.533	705556.12
0.316009747192202	0.316259746992202	1028.421	672.473	705556.12
0.474009620792303	0.474119620704303	1029.874	706.395	705556.12
0.711009431192455	0.711179431056455	1035.954	675.549	705556.12
1.06600914719268	1.06613914708868	1035.026	679.988	705556.12
1.59900872079302	1.59929872056102	1031.694	679.07	705556.12
2.39800808159353	2.39813808148954	1018.459	664.337	705556.12
3.5970071223943	3.5972971221623	1043.088	710.823	705556.12
5.39500568399545	5.39513568389145	1029.856	685.266	705556.12
8.09199352640518	8.09207352634118	1041.18	680.19	705556.12
12.1380002895998	12.1381102895118	1047.176	701.449	705556.12
18.2069954344037	18.2071654342677	1059.699	700.837	705556.12
27.3099881520095	27.3102981517615	1065.128	704.4	705556.12
37.3099701520239	37.3100101519919	1063.241	727.498	705556.12
47.3099721520223	47.3102621517903	1079.541	717.18	705556.12
57.3099641520287	57.3099741520207	1071.115	718.561	705556.12
67.3099561520351	67.3100461519631	1074.151	721.902	705556.12
77.3099481520415	77.3101181519055	1095.616	732.99	705556.12
87.3099301520559	87.3100101519919	1090.791	771.901	705556.12
97.3099321520543	97.3102621517903	1097.199	742.724	705556.12
