0.00100999919200065	0.00107999913600069	685.61	328.327	705556.12
0.00200999839200129	0.00215999827200138	659.483	323.251	705556.12
0.00300999759200193	0.00323999740800207	650.036	320.807	705556.12
0.00400999679200257	0.00431999654400277	702.613	331.519	705556.12
0.00600999519200385	0.00611999510400392	666.773	326.919	705556.12
0.00900999279200577	0.00917999265600588	704.61	322.267	705556.12
0.0129999896000083	0.0131399894880084	658.054	333.923	705556.12
0.0190099847920122	0.0192599845920123	672.195	330.579	705556.12
0.0280099775920179	0.028079977536018	726.069	326.067	705556.12
0.0419999664000269	0.042119966304027	664.042	330.299	705556.12
0.0630099495920403	0.0631799494560404	636.753	313.684	705556.12
0.0940099247920602	0.0943199245440604	671.966	352.181	705556.12
0.14100988719209	0.14129988696009	695.036	316.132	705556.12
0.211009831192135	0.211139831088135	692.492	344.086	705556.12
0.316009747192202	0.316259746992202	666.517	356.716	705556.12
0.474009620792303	0.474299620560304	683.76	323.203	705556.12
0.711009431192455	0.711179431056455	719.48	320.658	705556.12
1.06600914719268	1.06613914708868	687.363	341.217	705556.12
1.59900872079302	1.59929872056102	655.05	357.586	705556.12
2.39800808159353	2.39813808148954	663.956	320.386	705556.12
3.5969971224023	3.5971171223063	712.314	336.859	705556.12
5.39500568399545	5.39513568389145	706.086	335.04	705556.12
8.09200352639718	8.09225352619718	679.182	333.637	705556.12
12.1380002895998	12.1381102895118	642.783	326.68	705556.12
18.2069954344037	18.2071654342677	673.561	340.017	705556.12
27.3099881520095	27.3102981517615	659.864	353.518	705556.12
37.3099801520159	37.3101901518479	655.961	338.617	705556.12
47.3099621520303	47.3100821519343	729.11	358.094	705556.12
57.3099541520367	57.3101541518767	715.718	366.089	705556.12
67.3099561520351	67.3100461519631	671.947	382.456	705556.12
77.3099481520415	77.3101181519055	676.333	372.636	705556.12
87.3099401520479	87.3100101519919	676.722	391.752	705556.12
97.3099321520543	97.3100821519343	651.706	406.816	705556.12
