0.00101	0.00107999913600069	1687.392	500.764	705556
0.00201	0.00215999827200138	1685.446	491.675	705556
0.00301	0.00323999740800207	1680.052	481.798	705556
0.00401	0.00413999668800265	1670.91	511.256	705556
0.00601	0.00611999510400392	1673.088	501.794	705556
0.00901	0.00917999265600588	1673.072	502.975	705556
0.01301	0.0133199893440085	1677.762	492.485	705556
0.019	0.0192599845920123	1654.688	504.52	705556
0.02801	0.0282599773920181	1674.037	509.99	705556
0.04201	0.042119966304027	1665.53	501.502	705556
0.06301	0.0631799494560404	1660.763	491.347	705556
0.09401	0.0941399246880602	1668.947	501.476	705556
0.14101	0.14111988710409	1671.941	503.262	705556
0.211	0.211139831088135	1667.703	474.091	705556
0.31601	0.316259746992202	1673.021	494.829	705556
0.47401	0.474119620704303	1670.949	506.204	705556
0.71101	0.711179431056455	1677.222	494.82	705556
1.06601	1.06613914708868	1688.182	495.919	705556
1.59901	1.59911872070502	1671.093	484.834	705556
2.39801	2.39813808148954	1672.99	509.431	705556
3.59701	3.5972971221623	1672.722	519.344	705556
5.39501	5.39513568389145	1687.705	509.811	705556
8.09201	8.09207352634118	1677.342	504.085	705556
12.13801	12.1382902893678	1691.138	511.38	705556
18.20701	18.2071654342677	1678.611	511.177	705556
27.31001	27.3101181519055	1716.552	545.856	705556
37.31001	37.3100101519919	1704.825	524.579	705556
47.31001	47.3102621517903	1704.384	536.505	705556
57.31	57.3101541518767	1726.487	548.176	705556
67.31001	67.3100461519631	1738.075	546.35	705556
77.31001	77.3101181519055	1760.886	555.598	705556
87.31001	87.3101901518479	1737.135	564.3	705556
97.31001	97.3100821519343	1747.853	574.042	705556
