0.00101	0.00107999913600069	980.424	604.852	705556
0.00201	0.00215999827200138	960.764	631.45	705556
0.00301	0.00305999755200196	957.391	623.798	705556
0.00401	0.00431999654400277	970.371	627.711	705556
0.00601	0.00611999510400392	961.657	620.562	705556
0.00901	0.00917999265600588	954.741	621.608	705556
0.01301	0.0131399894880084	968.506	621.71	705556
0.01901	0.0192599845920123	958.576	629.631	705556
0.02801	0.028079977536018	977.563	630.477	705556
0.04201	0.0422999661600271	963.39	614.043	705556
0.06301	0.0631799494560404	968.739	646.647	705556
0.094	0.0941399246880602	988.194	606.447	705556
0.14101	0.14129988696009	969.878	625.045	705556
0.21101	0.211139831088135	970.793	651.438	705556
0.31601	0.316259746992202	967.783	640.145	705556
0.474	0.474119620704303	968.978	717.498	705556
0.71101	0.711179431056455	978.459	661.029	705556
1.06601	1.06613914708868	975.557	652.211	705556
1.59901	1.59911872070502	966.928	639.175	705556
2.39801	2.39813808148954	981.396	644.472	705556
3.59701	3.5971171223063	940.396	616.693	705556
5.39501	5.39531568374745	955.581	625.333	705556
8.09201	8.09207352634118	958.961	632.325	705556
12.13801	12.1382902893678	977.785	651.954	705556
18.20701	18.2071654342677	982.139	630.668	705556
27.31001	27.3101181519055	970.71	611.476	705556
37.31001	37.3101901518479	965.749	638.782	705556
47.31001	47.3100821519343	969.147	613.274	705556
57.31	57.3101541518767	979.688	644.536	705556
67.31001	67.3100461519631	964.774	631.264	705556
77.31001	77.3101181519055	983.348	627.516	705556
87.31001	87.3100101519919	967.227	626.681	705556
97.31001	97.3100821519343	964.976	642.037	705556
