0.00100999919200065	0.00107999913600069	942.274	580.867	705556.12
0.00200999839200129	0.00215999827200138	943.768	569.931	705556.12
0.00300999759200193	0.00323999740800207	933.645	578.004	705556.12
0.00400999679200257	0.00431999654400277	935.173	579.633	705556.12
0.00600999519200385	0.00611999510400392	947.63	568.215	705556.12
0.00900999279200577	0.00917999265600588	926.931	578.729	705556.12
0.0129999896000083	0.0133199893440085	988.667	595.595	705556.12
0.0190099847920122	0.0190799847360122	953.786	575.403	705556.12
0.0280099775920179	0.028079977536018	928.784	574.179	705556.12
0.0420099663920269	0.0422999661600271	928.067	573.921	705556.12
0.0630099495920403	0.0631799494560404	933.917	582.312	705556.12
0.0940099247920602	0.0941399246880602	964.538	577.349	705556.12
0.14100988719209	0.14111988710409	941.448	581.149	705556.12
0.210999831200135	0.211139831088135	943.289	587.179	705556.12
0.316009747192202	0.316259746992202	939.53	566.953	705556.12
0.474009620792303	0.474299620560304	953.76	578.157	705556.12
0.711009431192455	0.711179431056455	930.657	577.917	705556.12
1.06600914719268	1.06613914708868	929.554	580.462	705556.12
1.59899872080102	1.59911872070502	948.093	586.624	705556.12
2.39800808159353	2.39813808148954	977.524	582.384	705556.12
3.5970071223943	3.5971171223063	934.524	573.306	705556.12
5.39500568399545	5.39513568389145	929.665	583.631	705556.12
8.09200352639718	8.09225352619718	950.052	594.27	705556.12
12.1380002895998	12.1382902893678	947.813	599.656	705556.12
18.2069954344037	18.2071654342677	963.718	596.762	705556.12
27.3099881520095	27.3101181519055	965.708	590.197	705556.12
37.3099801520159	37.3101901518479	998.528	615.959	705556.12
47.3099621520303	47.3102621517903	972.879	616.892	705556.12
57.3099641520287	57.3099741520207	1012.435	636.419	705556.12
67.3099461520431	67.3102261518191	1024.878	642.193	705556.12
77.3099481520415	77.3101181519055	1011.451	637.096	705556.12
87.3099401520479	87.3101901518479	1034.955	651.546	705556.12
97.3099321520543	97.3100821519343	1043.882	668.235	705556.12
