0.0005	0.00899999280000576	3.33	0.587	113.63
0.00164	0.0295199763840189	8.477	0.729	324.57
0.0022	0.0395999683200253	10.916	0.708	439.93
0.00303	0.0545399563680349	14.768	0.749	573.4
0.00357	0.0642599485920411	17.035	0.775	659.95
0.00717	0.129059896752083	32.953	0.952	1270.15
0.01095	0.196919842464126	49.85	1.43	2048.97
0.01334	0.238859808912153	59.666	2.338	2123.04
0.02283	0.409139672688262	101.129	3.216	3953.23
0.02506	0.450359639712288	112.146	3.246	4250.14
0.04651	0.830519335584532	203.088	4.025	8142.55
0.07805	1.39157888673689	332.726	4.955	12503.5
0.09054	1.60829871336103	387.7	6.942	14810.23
0.12954	2.28401817278546	549.204	7.948	22673.82
0.26335	4.59125632699494	1097.542	15.553	39434.86
0.36808	6.30773495381204	1526.831	27.739	65153.75
0.49458	8.26919338464529	1969.308	32.163	79686.37
0.81616	13.1664494668404	3131.422	48.736	141037.58
1.39016	21.2977629617896	5089.075	85.276	224350.3
1.64272	23.2943213645429	5509.006	100.879	253848.83
2.13311	27.3900380879695	6070.012	121.605	318346.01
3.0106	33.6417930865655	6827.982	172.214	418969.43
7.15172	63.5599291520567	11478.765	395.151	781504.93
9.18655	62.527269978184	10602.211	480.823	898307.66
11.82183	61.7017906385675	10393.893	601.129	958657.05
19.23622	72.2614821908142	12257.768	989.74	1127134.99
34.82647	98.3629013096789	15897.077	1880.263	1493041.17
41.49543	96.5729827416138	16149.687	2195.606	1650821.62
51.17138	99.5352403718077	16685.959	2756.959	1872619.13
57.19648	99.4304804556156	17084.095	3085.97	2016747.52
65.51296	99.950680039456	17622.382	3503.223	2207190.69
72.69688	99.998920000864	17986.551	3877.514	2376125.59
78.64637	100.0	18378.303	4125.756	2513972.69
