0.000989999208000634	0.0178199857440114	7.897	0.581	153.07
0.00142999885600092	0.0255599795520164	11.006	0.708	246.29
0.00178999856800115	0.0322199742240206	13.848	0.577	299.96
0.00261999790400168	0.0471599622720302	19.214	0.621	474.54
0.00360999711200231	0.0647999481600415	26.223	0.665	681.91
0.00673999460800431	0.121319902944078	47.687	1.303	1048
0.00752999397600482	0.135359891712087	53.801	0.911	1324.87
0.00989999208000634	0.177659857872114	70.35	1.087	1626.54
0.0242399806080155	0.435239651808279	167.54	3.28	4096.2
0.0364999708000234	0.654659476272419	253.78	4.029	5739.3
0.0463899628880297	0.829979336016531	322.01	5.024	8080.79
0.0778999376800499	1.39031888774489	531.541	6.793	13924.75
0.117559905952075	2.08853832916934	794.977	8.686	20810.07
0.17204986236011	3.03101757518594	1168.258	11.093	28955.81
0.193529845176124	3.37679729856216	1282.952	11.545	35099.19
0.271829782536174	4.67189626248299	1767.253	16.248	47185.63
0.492929605656315	8.26379338896529	3141.988	34.499	80079.05
0.652779477776418	10.5541115567108	3997.339	40.782	114197.06
1.20685903451277	18.4760852191318	7011.268	73.3	188278.44
2.06409834872132	26.607398714081	9382.952	117.949	307141.6
2.13898828880937	30.4187156650275	11382.682	125.315	310347.34
3.94781684174653	42.9119656704275	13218.116	220.002	509404.89
7.42296406162875	66.7232466214027	18700.895	413.277	774766.59
7.71830382535694	54.0136367890906	14401.972	416.633	811127.16
16.7824565740347	86.0433511653191	21388.158	907.444	1066181.05
23.9386808490553	87.3481701214639	21738.467	1284.098	1229288.73
31.5828347337322	89.8447681241855	22469.956	1669.034	1407828.79
43.4727952217638	99.3518205185436	23812.28	2328.996	1692832.18
50.1454398836481	98.8966008827193	24152.169	2690.916	1845150.72
59.1819326544539	99.925660059472	24703.172	3162.583	2059395.09
65.602727517818	99.956260034992	25141.589	3486.142	2209681.48
72.4611120311104	99.998020001584	25575.17	3865.819	2361308.07
78.6430870855303	100.0	25808.674	4128.826	2505307.47
