0.000589999528000378	0.0106199915040068	5.02	0.652	120.3
0.00154999876000099	0.0278999776800179	12.065	0.725	257.03
0.00277999777600178	0.050039959968032	20.498	0.614	445.16
0.00282999773600181	0.0509399592480326	20.813	0.64	465.49
0.00489999608000314	0.0881999294400564	35.596	1.285	901.11
0.00735999411200471	0.132299894160085	52.472	0.924	1118.61
0.0113099909520072	0.20321983742413	79.691	1.121	2140.15
0.0119499904400076	0.214199828640137	83.946	1.848	2045.24
0.023499981200015	0.420479663616269	164.8	3.327	3679.21
0.024949980040016	0.447839641728287	172.978	2.077	4076.99
0.0336199731040215	0.601019519184385	231.362	3.738	5044.28
0.0576399538880369	1.02725917819266	390.862	5.082	10513.92
0.127109898312081	2.25593819524944	858.241	9.252	21891.71
0.179429856456115	3.15629747496202	1201.117	14.05	28462.95
0.282629773896181	4.92245606203515	1865.883	16.135	48467.81
0.356459714832228	6.11225511019591	2324.886	20.61	60486.86
0.600069519944384	10.0502919597664	3800.752	37.661	101772.81
0.877189298248561	14.129088696729	5352.11	51.484	138194.28
1.19900904079277	18.3704253036598	6984.751	70.741	191745.19
1.83498853200917	25.9395992483206	9680.479	108.759	259715.22
2.01213839028929	25.9772192182246	9239.374	119.757	290083.02
3.30875735299412	36.5023507981194	11377.607	182.989	456511.16
4.59870632103494	42.199706240235	12095.387	240.392	572022.77
8.45929323256541	58.1953934436852	15432.11	444.829	852505.21
14.3371985302412	72.0946223243021	18172.564	743.646	1012408.54
25.6758394593284	95.261863790509	22884.701	1409.468	1278504.65
32.5802639357888	92.3424461260431	22720.326	1738.275	1430474.22
43.4931252054998	99.3818804944956	23930.599	2375.35	1693917.43
51.576728738617	99.7406202075038	24315.41	2809.913	1881364.17
56.4056948754441	99.1588606729115	24654.471	3005.537	1989095.3
66.6504566796347	99.996220003024	25050.772	3589.196	2227035.6
72.7416418066866	99.998920000864	25647.082	3840.155	2369465.71
78.6581270734983	100.0	25699.187	4099.348	2505602.26
