0.00074	0.0133199893440085	4.297	0.54	149.82
0.00095	0.0170999863200109	5.184	0.564	195.07
0.00173	0.0311399750880199	8.693	0.568	322.88
0.00318	0.0570599543520365	14.682	0.763	549.08
0.00459	0.0826199339040529	20.966	0.808	831.31
0.00528	0.0948599241120607	24.203	0.547	959.12
0.00791	0.142379886096091	35.152	0.606	1382.72
0.01215	0.21851982518414	55.639	1.006	2069.31
0.01645	0.295919763264189	71.739	1.09	2839.04
0.02053	0.368099705520236	91.728	1.28	3847.47
0.03707	0.662579469936424	161.506	2.157	6367.73
0.08131	1.45151883878493	351.274	6.056	14675.62
0.11695	2.07053834356932	500.303	6.229	19653.52
0.13233	2.33027813577749	559.446	8.454	22078.7
0.2021	3.52943717645026	847.819	10.941	33630.73
0.30395	5.20271583782733	1253.962	16.203	49184.3
0.63392	10.6207115034308	2534.111	36.916	108872.24
0.84923	13.7080690335448	3275.623	47.543	141082.91
1.19486	18.3036453570837	4352.546	68.188	189013.74
1.53485	21.820122543902	5135.693	80.93	228184
3.05349	38.7370490103608	8588.235	158.239	406134.36
3.33572	36.7635305891755	7307.462	166.477	448274.82
4.72307	43.1016855186516	7936.245	222.78	585446.62
7.45015	52.5369179704656	9134.14	347.755	794926.09
15.58793	78.3877772897782	12951.697	751.731	1043926.32
21.74595	79.627796297763	13316.706	1028.515	1184618.54
34.47988	97.3538221169423	15709.517	2010.801	1487067.93
42.14779	97.5430019655984	16125.578	2379.562	1664886.19
47.1911	96.3416829266537	16358.437	2523.568	1782440.21
58.90608	99.8786800970559	17085.515	3640.656	2054223.96
66.65341	99.996940002448	17596.56	4172.933	2236281.1
72.80672	99.998920000864	17985.315	4610.121	2378539.82
78.64811	100.0	18274.9	5233.747	2513950.51
