0.000809999352000518	0.0145799883360093	6.651	0.824	153.07
0.00100999919200065	0.0181799854560116	8.012	0.479	231.04
0.0018799984960012	0.0338399729280217	14.185	0.877	313.51
0.00283999772800182	0.0511199591040327	21.186	0.997	519.16
0.00475999619200305	0.0856799314560548	34.587	0.759	927.1
0.00745999403200477	0.134099892720086	52.909	0.958	1348.59
0.00855999315200548	0.154079876736099	60.841	1.008	1531.63
0.0159399872480102	0.286559770752183	112.721	1.535	2836.23
0.0161799870560104	0.290519767584186	112.833	1.526	2857.14
0.0227099818320145	0.40643967484826	156.995	3.096	3370.17
0.0529499576400339	0.948419241264607	361.453	5.262	9459.49
0.0845199323840541	1.50893879284897	575.445	7.016	14672.9
0.0927399258080594	1.64735868211305	628.843	7.476	17467.88
0.128019897584082	2.26097819121745	865.173	10.495	24386.87
0.167209866232107	2.91473766820987	1104.119	11.748	26254.19
0.393619685104252	6.74945460043632	2571.308	25.782	68267.66
0.454029636776291	7.58627393098086	2883.865	29.084	73463.66
0.776239379008497	12.4797500162	4743.392	45.511	128406.99
1.01904918476065	15.619127504698	5954.95	66.173	157279.55
1.70659863472109	24.1680406655675	8989.65	98.376	251164.08
2.28532817173746	29.1945366443707	10244.266	125	327499.85
2.94808764152989	33.0513935588852	10480.802	162.853	391137.29
4.59448632441094	42.170546263563	12118.874	241.474	571606.05
10.5808615353108	72.2497822001742	18501.965	559.144	921415.06
14.4630384295693	72.6942018446385	18382.37	770.52	1014567.11
24.3297505361996	88.9181288654969	22047.446	1300.123	1241162.13
34.7726721818623	98.2243014205589	23353.248	1882.338	1492105.22
43.2206754234597	99.0296207763034	23859.27	2351.802	1692790.26
51.8279885376092	99.8484401212479	24405.861	2795.687	1888702.87
58.4819332144534	99.7967801625759	24779.016	3106.522	2042275.18
66.2204370236504	99.986320010944	25196.863	3519.309	2223151.78
72.5835319331745	99.99730000216	25229.482	3827.323	2363867.12
78.6568570745143	100.0	25885.594	4144.41	2505630.4
