0.000539999568000346	0.00971999222400622	3.145	0.627	122.93
0.00179999856000115	0.0322199742240206	8.549	0.977	307.14
0.00257999793600165	0.0464399628480297	12.347	0.581	455.95
0.00333999732800214	0.0601199519040385	15.392	0.756	542.25
0.00481999614400308	0.0867599305920555	22	1.095	813.45
0.0057799953760037	0.103859916912066	26.305	0.783	1041.34
0.0102499918000066	0.184139852688118	45.646	1.928	1721.9
0.0129799896160083	0.233459813232149	57.949	2.114	2109.25
0.0198699841040127	0.356939714448228	87.364	1.658	3564.43
0.0376499698800241	0.673379461296431	162.38	4.324	6382.04
0.0576099539120369	1.02887917689666	246.749	5.371	9595.9
0.0811699350640519	1.43855884915292	343.694	6.573	14164.04
0.0818199345440524	1.45637883489693	350.378	7.483	14217.3
0.128889896888083	2.27069818344145	542.305	8.058	23732
0.17192986245611	2.99555760355392	725.241	13.092	28680.25
0.287669769864184	4.93901604878716	1178.119	21.769	52512.86
0.592789525768379	9.92375206099835	2361.4	34.124	103934.69
0.846019323184541	13.6382290894167	3236.427	49.222	133416.67
1.10889911288071	16.9680464255629	4053.68	69.314	182748.31
2.15457827633738	30.5996155203076	7229.962	131.005	302160.8
2.95073763940989	37.3370101303919	8236.349	161.731	411466.55
4.29108656713075	46.4543628365097	9181.24	239.566	537370.57
6.13077509537992	54.0786167371066	9658.619	327.889	699748.55
8.2810233751813	57.1407742873806	9801.973	419.763	848669.36
13.8094389524488	69.7085442331646	11524.49	704.972	994361.01
24.9070700743439	91.4707068234345	14871.835	1315.151	1236885.62
34.7824321740543	98.2541813966549	15692.316	1875.26	1463589.3
42.8583357133314	98.5641411486871	16129.24	2261.387	1652754.24
50.8660593071526	99.3604605116316	16575.843	2693.911	1843864.11
58.9006028795177	99.8779600976319	16990.394	3094.955	2022019.45
66.6436566850746	99.996040003168	17374.071	3504.664	2196242.09
73.0211915830467	99.999640000288	17766.703	3807.04	2343711.44
78.6308570953143	100.0	18198.846	4073.683	2471670.73
