0.00049999960000032	0.00899999280000576	4.489	0.503	94.31
0.00149999880000096	0.0269999784000173	11.248	0.402	246.29
0.00160999871200103	0.0289799768160185	12.065	0.727	257.03
0.00283999772800182	0.0509399592480326	20.668	0.746	474.54
0.00337999729600216	0.0608399513280389	24.592	0.466	615.76
0.00665999467200426	0.119699904240077	47.318	0.909	1163.82
0.00822999341600527	0.148139881488095	57.599	0.61	1333.34
0.012489990008008	0.224639820288144	86.214	0.77	1957.11
0.0212899829680136	0.381779694576244	147.707	1.31	3496.15
0.0358299713360229	0.64097948721641	244.817	2.362	6133.11
0.0536299570960343	0.959939232048614	366.373	2.799	8587.09
0.0622399502080398	1.11059911152071	425.895	4.183	9613.79
0.0894299284560572	1.58435873251301	605.569	6.65	15729.08
0.138199889440088	2.44223804620956	930.529	9.386	21440.75
0.162459870032104	2.83049773560181	1081.285	9.918	25032.33
0.409389672488262	7.01297438962049	2658.607	22.771	67047.34
0.498899600880319	8.33687333050134	3180.823	27.184	78636.27
0.786759370592504	12.6799098560721	4811.876	40.824	134208.69
1.18605905115276	18.1396654882676	6886.021	68.273	196163.4
2.06732834613732	29.2931765654587	10928.177	112.366	291841.99
2.87341770126584	36.3480909215273	12723.313	145.811	406857.97
4.40302647757882	47.7023018381585	14543.653	222.474	567772.95
6.249795000164	55.0471959622432	15268.049	302.031	712005.61
11.1700810639351	77.5624779500176	20153.812	539.863	937669.14
12.4095200723839	63.9627688297849	16347.19	568.081	970384.41
23.6880710495432	86.3907508873993	21291.317	1143.788	1224737.97
34.0843027325578	96.2529429976456	23210.342	1912.788	1472106.17
38.7575189939848	92.265946187243	23111.119	1878.947	1574681.05
51.8347985321612	99.8567201146239	24410.467	3198.586	1891261.33
56.8015045587964	99.2893605685115	24523.799	3237.509	2003368.84
66.2109570312344	99.98470001224	25024.719	4071.69	2216727.72
72.9880716095427	99.999460000432	25433.985	4807.674	2376690.94
78.6522470782023	100.0	25747.167	5236.013	2505656.82
