0.000709999432000454	0.0127799897760082	3.748	0.595	117.96
0.00130999895200084	0.0235799811360151	6.647	0.528	234.69
0.00221999822400142	0.0399599680320256	10.552	0.719	364.68
0.00232999813600149	0.0419399664480268	10.836	0.726	432.75
0.00529999576000339	0.0953999236800611	23.747	0.818	892.53
0.00600999519200385	0.107639913888069	27.016	0.889	967.23
0.0116399906880074	0.209519832384134	51.286	1.363	1913.45
0.0158899872880102	0.285479771616183	69.35	1.585	2654.29
0.0186499850800119	0.335519731584215	82.153	1.049	3223.12
0.0266599786720171	0.478439617248306	114.729	1.321	4649.55
0.0368499705200236	0.660419471664423	158.141	1.885	6360.49
0.0511799590560328	0.913499269200585	218.332	3.877	8622.49
0.0898099281520575	1.59353872516902	380.816	5.241	15507.29
0.144579884336093	2.54177796657763	611.983	10.024	26507.8
0.235369811704151	4.09661672270662	978.683	15.509	41869.64
0.369569704344237	6.33995492803606	1514.729	19.753	61719.04
0.555089555928355	9.28655257075794	2207.586	32.867	91090.53
0.596029523176381	9.64871228103017	2303.117	33.489	93510.17
0.965179227856618	14.8501681198655	3515.956	53.906	162670.49
1.30256895794483	18.72682501854	4382.366	70.432	190114.9
1.96250842999326	25.4087796729763	5675.221	108.099	273489.53
4.67646625882699	50.9368992504806	9995.529	236.655	577326.74
5.92231526214779	52.4010180791855	9299.873	286.33	689257.9
7.6633638693089	53.7049370360504	9197.67	368.86	800972.75
16.7570065943947	85.8556113155109	13935.109	824.855	1044653.79
25.5044895964083	94.3636645090684	15051.271	1491.889	1250921.2
34.5616123507101	97.6038419169265	15557.744	2010.606	1460382.28
43.5543551565159	99.4693604245117	16082.188	2572.137	1663410.52
51.642448686041	99.7715801827359	16557.117	3089.059	1845132.06
59.1533026773579	99.9078400737279	16970.864	3564.976	2018997.54
64.8781780974575	99.9071200743039	17380.902	3897.533	2158068.02
73.0034015972787	99.999640000288	17831.697	4733.354	2342408.05
78.6583570733143	100.0	18076.96	5077.762	2471089.54
