0.00063999948800041	0.0115199907840074	5.394	0.678	110.14
0.00132999893600085	0.0239399808480153	9.897	0.415	241.2
0.00220999823200141	0.0397799681760255	16.218	0.719	381.32
0.00226999818400145	0.0408599673120262	16.707	0.756	357.02
0.00502999597600322	0.0905399275680579	36.258	0.568	901.11
0.00689999448000442	0.124019900784079	48.276	0.873	1048
0.00741999406400475	0.133199893440085	52.069	0.954	1257.03
0.0151699878640097	0.271799782560174	104.937	0.9	2250.31
0.0158699873040102	0.285479771616183	110.824	1.546	2836.23
0.035969971224023	0.645479483616413	249.884	2.868	6133.11
0.0389599688320249	0.697319442144446	269.006	3.286	7063.17
0.0636399490880407	1.13291909366473	436.156	4.873	11682.47
0.126419898864081	2.23937820849743	852.387	9.129	21891.71
0.174029860776111	3.06197755041796	1166.156	8.589	28955.81
0.221209823032142	3.84641692286646	1475.48	14.718	36205.93
0.415709667432266	7.12439430048456	2691.583	24.532	67368
0.607049514360389	10.1509118792705	3848.692	37.086	92778.83
0.868699305040556	13.4225892619286	5109.065	46.597	130995.33
0.940929247256602	15.2204278236577	5809.493	53.333	144193.85
1.7115986307211	24.2517405986075	9079.69	93.63	252867.31
2.84314772548182	35.992591205927	12573.767	137.404	398984.1
4.0623967500826	44.1046447162842	13464.719	191.131	517664.57
7.21901422478862	64.2898285681371	17662.063	327.017	759134.82
9.87815209747832	66.9532864373708	17340.147	421.209	910255.08
15.4898176081459	77.8484977212018	19465.996	653.646	1034708.2
23.1588214729428	84.417052466358	20854.743	933.061	1208842.11
31.3635549091561	89.3211485430812	22156.608	1242.814	1401298.3
42.3349561320351	97.8072417542066	23260.808	2043.279	1662725.99
51.0021791982566	99.4216604626716	23812.899	2493.62	1868817.99
59.4778224177421	99.962920029664	24192.165	3106.001	2067885.33
66.1491470806823	99.983620013104	24674.737	3522.286	2222802.3
72.9178616657107	99.99910000072	24856.445	4066.07	2375821.42
78.6571570742743	100.0	25167.967	4515.016	2505632.85
