0.00067	0.0120599903520077	4.145	0.423	137.95
0.00165	0.029699976240019	8.234	0.67	274.24
0.0017	0.0305999755200196	8.533	0.52	322.88
0.00296	0.053099957520034	14.477	0.522	549.08
0.00501	0.0901799278560577	22.763	0.507	853.94
0.00533	0.0955799235360612	24.468	0.65	967.59
0.00752	0.135359891712087	33.956	0.613	1324.49
0.01123	0.201959838432129	50.54	0.757	1929.64
0.02205	0.395819683344253	96.521	1.33	3977.56
0.0307	0.550979559216353	133.244	1.681	5439.01
0.05099	0.913139269488584	221.399	3.829	8540.18
0.05207	0.928259257392594	227.273	3.884	8813.37
0.11082	1.96415842867326	472.097	6.14	20229.97
0.17031	2.99303760556992	717.74	12.093	28303.98
0.26485	4.61447630841895	1101.53	14.309	39434.86
0.42349	7.26497418802065	1736.95	25.442	71239.41
0.4554	7.63757388994089	1824.971	26.125	74347.81
0.90173	14.5675683459453	3484.881	49.683	134205.72
0.93129	14.3569685144252	3434.069	46.303	152101.38
2.05191	29.0814967348026	6846.782	104.022	303287.25
3.22911	41.1209671032263	9232.261	158.017	438856.62
3.40718	37.4190900647279	7432.601	158.883	455764.38
6.85946	60.4696916242467	10710.112	297.043	743912.4
9.35081	63.4989092008726	10759.812	383.762	898953.93
15.33668	77.0451583638733	12605.961	628.125	1038361.89
22.28494	81.3957548833961	13381.968	896.348	1200944.83
34.45273	97.2784021772783	15425.089	1730.467	1485525.03
40.36294	94.8372441302047	15688.933	1817.386	1624054.43
51.18221	99.5271403782877	16291.45	2627.863	1878295.78
58.9826	99.8936200851039	16705.041	3135.682	2056071.93
65.36337	99.942940045648	17153.06	3529.981	2203882.22
72.82924	99.998740001008	17278.325	4198.403	2378749.32
78.63247	100.0	17578.407	4636.471	2513476.71
