0.00063	0.0113399909280073	3.854	0.686	113.63
0.00162	0.0291599766720187	8.452	0.535	312.12
0.00238	0.0428399657280274	12.033	0.71	388.48
0.00284	0.0511199591040327	13.89	0.753	498.74
0.00346	0.0622799501760399	16.694	1.021	611.29
0.00607	0.10907991273607	28.476	0.984	1069.96
0.00701	0.125999899200081	32.162	0.972	1228.87
0.01314	0.23507981193615	61.624	1.348	2123.04
0.02107	0.378719697024242	93.946	2.827	3643.27
0.03327	0.595079523936381	145.007	2.514	5762.54
0.03484	0.6245995003204	153.752	4.042	5338.33
0.06303	1.12229910216072	272.805	4.214	11556.09
0.08869	1.57445874043301	379.522	7.715	15205.08
0.18616	3.2745573803541	791.577	14.22	34555.83
0.22922	3.99293680565056	970.305	13.63	38953.34
0.37466	6.42077486338011	1546.977	24.746	66404.69
0.61914	10.3759116992706	2468.94	36.636	106124.2
0.93831	15.1615678707457	3628.946	56.984	158607.5
1.20172	18.3974252820598	4414.637	70.793	194352.62
1.3344	19.1237247010202	4519.613	78.29	208292.97
2.42606	30.8526953178437	6846.871	137.568	350512.27
3.04435	33.9684928252057	6875.534	158.743	422849.48
6.34629	55.8418953264837	9937.014	295.009	723613.73
8.38815	57.758713793029	9920.45	376.66	852578.71
12.51976	64.3990884807292	10804.775	548.544	976624.06
24.55841	89.9119080704735	14621.263	1100.254	1254324.44
33.339	94.2720445823643	15401.215	1487.354	1464871.15
43.46649	99.3552405158076	15865.164	1953.025	1698025.53
51.7296	99.8192801445759	16340.533	2281.706	1888492.02
59.44647	99.960040031968	16637.581	2644.918	2067193.55
66.28049	99.989020008784	17112.72	2869.488	2225935.86
72.68352	99.998920000864	17425.712	3173.987	2375804.33
78.63907	100.0	17574.283	3417.474	2513492.05
