0.00048	0.00863999308800553	1.491	0.448	108.55
0.00158	0.0282599773920181	2.401	0.598	288.38
0.00165	0.029699976240019	2.144	0.659	296.86
0.00251	0.0451799638560289	2.898	0.946	439.93
0.00424	0.0763199389440488	3.806	0.761	748.18
0.00671	0.120779903376077	5.533	1.087	1175.14
0.00971	0.174419860464112	6.552	1.833	1690.36
0.01204	0.216539826768139	7.677	2.083	2250.85
0.01467	0.263339789328169	8.771	2.176	2570.97
0.03643	0.652139478288417	19.667	3.127	6402.23
0.04165	0.745559403552477	23.949	3.377	7425.93
0.08088	1.44215884627292	45.585	6.989	14675.62
0.1265	2.24405820475344	64.919	8.566	21199.01
0.13872	2.44223804620956	73.739	9.366	22663.64
0.24554	4.28165657467474	126.099	15.379	43910.2
0.39203	6.7195746243403	202.67	26.327	64557.14
0.56729	9.20771263382989	260.094	38.743	94334.15
0.59224	9.90377207698234	286.702	38.753	86596.55
0.83465	12.8946496842803	370.291	52.614	136800.23
1.99649	28.2583573933141	848.33	119.462	273021.9
2.49266	31.6776346578923	980.474	134.639	350252.89
3.9099	42.5384659692272	1349.627	201.625	505114.05
5.38659	48.1139615088308	1678.363	264.904	631800.87
11.26759	78.5996371202903	3306.283	542.938	945899.66
13.77224	69.5431243655005	4124.108	610.544	999495.87
24.43534	89.3506685194652	6002.15	1113.133	1252405.95
34.53046	97.5046619962704	6421.384	1543.877	1489676.89
43.54289	99.4502804397757	6900.808	1961.147	1697499.08
51.3196	99.5987803209757	6782.537	2259.614	1882916.36
57.13909	99.4277804577756	9795.508	2509.378	2010630.05
66.09503	99.981280014976	8691.601	2901.857	2224146.14
73.00905	99.999640000288	10041.576	3166.996	2382304.45
78.62682	100.0	10767.068	3399.814	2513236.64
