0.00071	0.0127799897760082	1.487	0.787	113.63
0.00164	0.0295199763840189	2.029	0.564	288.38
0.00201	0.0361799710560232	2.318	0.654	395.26
0.00303	0.0545399563680349	2.743	1.016	573.4
0.00393	0.0707399434080453	3.309	0.813	643
0.00785	0.14093988724809	4.992	1.104	1324.49
0.00799	0.143639885088092	4.863	1.006	1450.59
0.0127	0.228599817120146	6.834	1.529	2250.85
0.02293	0.411299670960263	10.264	3.082	3809.59
0.03129	0.560699551440359	12.461	3.161	5455.96
0.04411	0.787499370000504	17.729	3.502	7761.91
0.08353	1.48949880840095	32.124	5.962	14185.76
0.11783	2.08619833104134	45.346	7.718	17795.25
0.16925	2.98043761564991	59.024	12.854	28303.98
0.18736	3.27257738193809	61.299	13.825	33762.57
0.24349	4.18193665445068	84.325	17.626	42502.33
0.43021	7.21061423150861	146.761	28.895	74389.13
0.61273	9.93113205509436	196.776	42.429	102454.84
1.11877	17.124826300139	347.585	67.755	170372.26
1.311	18.824744940204	400.848	76.228	204627.33
2.17924	27.9033976772819	627.924	123.458	321124.13
3.7466	40.8176673458661	999.757	195.034	488152.08
7.17738	63.8353289317369	1756.186	354.844	780818.41
9.98667	67.7407858073714	2662.08	465.702	915496.14
16.58815	84.6521322782942	4011.132	779.654	1073178.63
25.52218	94.4623044301565	4882.485	1167.412	1281726.19
33.50139	94.7220442223646	6664.734	1504.186	1467038.81
40.68324	95.331523734781	7974.767	1780.116	1631404.4
47.60288	96.7263426189259	9131.565	2083.615	1792121.36
59.5519	99.97390002088	8184.855	2603.732	2071921.44
66.18082	99.98470001224	9622.699	2884.503	2223805.11
73.03224	99.999460000432	9821.712	3202.202	2384069.41
78.65151	100.0	10600.616	3384.4	2513625.56
