0.00100999919200065	0.00125999899200081	950.199	713.629	705556.12
0.00200999839200129	0.00215999827200138	968.924	699.209	705556.12
0.00300999759200193	0.00323999740800207	957.63	691.256	705556.12
0.00400999679200257	0.00413999668800265	949.822	699.549	705556.12
0.00600999519200385	0.00611999510400392	966.54	715.023	705556.12
0.00900999279200577	0.00917999265600588	942.799	708.73	705556.12
0.0129899896080083	0.0131399894880084	938.128	705.257	705556.12
0.0190099847920122	0.0192599845920123	983.036	702.954	705556.12
0.0280099775920179	0.0282599773920181	926.329	650.227	705556.12
0.0420099663920269	0.042119966304027	939.453	698.56	705556.12
0.0630099495920403	0.0631799494560404	961.502	707.16	705556.12
0.0940099247920602	0.0941399246880602	947.526	698.037	705556.12
0.14100988719209	0.14129988696009	968.69	688.887	705556.12
0.211009831192135	0.211319830944135	959.202	703.034	705556.12
0.315989747208202	0.316079747136202	934.262	662.335	705556.12
0.474009620792303	0.474119620704303	1003.949	704.114	705556.12
0.711009431192455	0.711179431056455	957.606	709.654	705556.12
1.06600914719268	1.06613914708868	926.151	700.549	705556.12
1.59900872079302	1.59911872070502	955.516	709.29	705556.12
2.39800808159353	2.39813808148954	989.515	703.308	705556.12
3.5970071223943	3.5972971221623	972.861	705.636	705556.12
5.39500568399545	5.39513568389145	1002.507	729.498	705556.12
8.09200352639718	8.09207352634118	951.519	712.868	705556.12
12.1380002895998	12.1381102895118	924.819	712.487	705556.12
18.2069854344117	18.2071654342677	981.845	737.685	705556.12
27.3099881520095	27.3101181519055	1005.035	740.618	705556.12
37.3099801520159	37.3101901518479	989.157	755.813	705556.12
47.3099621520303	47.3100821519343	1054.811	751.515	705556.12
57.3099541520367	57.3099741520207	1058.627	774.293	705556.12
67.3099561520351	67.3100461519631	1116.028	818.475	705556.12
77.3099481520415	77.3101181519055	1111.125	826.331	705556.12
87.3099401520479	87.3100101519919	1121.788	829.106	705556.12
97.3099321520543	97.3100821519343	1167.139	809.876	705556.12
