0.19008	3.24773740181008	2029.823	20.603	69555.81
0.29687	4.97339602128318	3094.74	39.8	118890.1
0.49774	7.52507397994082	4705.338	58.545	198984.87
2.27219	25.2249998200001	14699.597	217.699	747262.3
3.41543	31.301254958996	17313.764	308.035	1027290.8
4.18203	27.3974180820655	14128.144	335.351	1200110
7.50299	39.5933083253533	20418.337	576.772	1797061.91
11.17006	42.8498657201074	21800.292	835.914	2110801.51
17.12422	51.2216590226728	26411.488	1206.427	2356019.21
58.09864	90.8581673134662	48099.79	3813.659	4126163.06
76.33379	98.8661809070553	52702.995	5193.767	4904698.11
