0.00067	0.0120599903520077	8.818	1.258	281.81
0.00114	0.0205199835840131	14.069	1.889	454.67
0.00258	0.0464399628480297	30.552	2.421	1222.49
0.00304	0.054719956224035	36.221	2.507	1347.11
0.00412	0.0739799408160473	48.837	2.95	1708.89
0.00814	0.145979883216093	95.816	4.062	3176.17
0.00889	0.160019871984102	105.353	4.096	3859.57
0.01845	0.331199735040212	211.034	6.102	7851.42
0.02323	0.415259667792266	261.37	6.683	9978.02
0.04136	0.737099410320472	462.359	9.738	16104.59
0.05193	0.920879263296589	572.606	7.122	22379.97
0.07768	1.35953891236887	847.059	14.305	31935.95
0.14006	2.43881804894556	1521.887	22.496	57806.88
0.16242	2.71061783150573	1677.478	16.29	69538.73
0.21027	3.60467711625831	2235.534	31.235	84483.47
0.44949	7.22447422042062	4487.233	38.493	183577.62
0.50904	7.63523389181289	4764.558	65.048	181003.74
0.67719	9.40661247471002	5821.002	58.201	258508.58
0.97269	12.0569303544557	7278.613	96.856	361107.31
2.39331	26.0250991799207	15042.18	250.151	789360.37
3.26833	27.5511379590896	14798.999	319.334	1049051.3
4.86216	31.18497505202	16114.225	439.077	1399620.66
7.87895	39.7022082382334	20438.903	683.848	1882603.92
12.08484	47.2629221896622	24427.913	1022.245	2167655.17
15.889	40.1781278574977	20768.134	1177.225	2331373.56
26.50715	55.5076355938915	28558.406	1986.631	2800026.95
37.29007	73.434181252655	38443.546	2833.205	3242614.57
47.28078	83.1404934876052	43406.489	3597.079	3672818.8
57.05972	90.1880278495777	47070.191	4247.113	4093424.43
66.87284	97.4558820352944	51680.356	4186.747	4524618.48
75.88577	99.4403804476956	51681.429	5509.194	4926840.26
83.08261	99.7838201729439	52439.877	5947.978	5234027.12
90.58251	99.999640000288	53713.827	5373.834	5563359.51
