0.000770010780150922	0.0138599889120089	2537.584	1241.564	705553.9
0.00134001876026264	0.0241199807040154	2538.548	1259.069	705553.9
0.00153002142029988	0.0275399779680176	2541.11	1238.584	705553.9
0.00272003808053313	0.0487799609760312	2540.976	1268.374	705553.9
0.00379005306074285	0.0682199454240437	2540.83	1256.869	705553.9
0.00725010150142102	0.130319895744083	2532.613	1224.298	705553.9
0.0124901748624481	0.224459820432144	2546.664	1232.968	705553.9
0.0136201906826696	0.244079804736156	2539.572	1223.58	705553.9
0.0232203250845512	0.416879666496267	2540.128	1230.917	705553.9
0.0237503325046551	0.426419658864273	2538.688	1236.797	705553.9
0.0550007700107802	0.981359214912628	2553.251	1253.353	705553.9
0.0790911072755019	1.4095788723369	2533.834	1237.167	705553.9
0.12102169430372	2.14559828352137	2548.678	1240.796	705553.9
0.162562275871862	2.86469770824183	2522.872	1246.335	705553.9
0.260813651391119	4.54769636184291	2526.884	1236.993	705553.9
0.301404219659075	5.17121586302731	2547.694	1249.401	705553.9
0.421535901502621	7.06607434714052	2540.243	1259.007	705553.9
0.81852145930043	13.2175694259445	2530.315	1218.996	705553.9
1.0887752428534	16.6328866936906	2548.545	1225.461	705553.9
2.09940939173148	29.7849361720511	2529.104	1250.473	705553.9
2.32432254051557	29.5836963330429	2531.804	1256.061	705553.9
3.33694671725404	36.7849505720395	2544.501	1311.508	705553.9
7.00575808061313	62.1267702985838	2535.443	1254.081	705553.9
8.46545851641923	58.1152935077652	2552.224	1255.932	705553.9
11.7210140941973	61.2874309700552	2547.313	1250.982	705553.9
22.9628214795007	83.5669131464695	2527.315	1318.258	705553.9
28.4728186194607	82.6553938756849	2527.893	1327.658	705553.9
42.9703215845022	98.6694410644471	2530.824	1348.197	705553.9
47.3902534635485	96.5157427874058	2527.095	1319.874	705553.9
58.8702841839786	99.8677001058399	2543.487	1358.773	705553.9
65.4017356242987	99.942940045648	2572.956	1352.099	705553.9
73.0587828229595	99.99910000072	2542.849	1398.208	705553.9
78.658391217477	99.999820000144	2544.491	1382.223	705553.9
