0.000659999472000422	0.0118799904960076	2546.014	1240.722	705556.12
0.00148999880800095	0.0268199785440172	2520.677	1256.956	705556.12
0.00160999871200103	0.0289799768160185	2525.151	1237.131	705556.12
0.00301999758400193	0.0543599565120348	2538.877	1212.526	705556.12
0.00424999660000272	0.0763199389440488	2533.587	1212.466	705556.12
0.00736999410400472	0.132119894304085	2543.575	1225.337	705556.12
0.0103199917440066	0.185579851536119	2520.228	1197.783	705556.12
0.0116799906560075	0.209699832240134	2544.849	1243.431	705556.12
0.0219799824160141	0.394379684496252	2546.93	1229.324	705556.12
0.03119997504002	0.558179553456357	2532.772	1207.01	705556.12
0.0322099742320206	0.577259538192369	2554.553	1224.91	705556.12
0.0814099348720521	1.45151883878493	2537.181	1231.527	705556.12
0.116069907144074	2.05577835537732	2534.264	1226.966	705556.12
0.148759880992095	2.62259790192168	2549.665	1252.359	705556.12
0.278349777320178	4.8461361230911	2544.111	1212.425	705556.12
0.349029720776223	5.98535521171583	2558.518	1229.351	705556.12
0.35998971200823	6.05339515728387	2550.039	1241.931	705556.12
0.758169393464485	12.2273902180878	2525.276	1222.086	705556.12
1.41970886423291	21.7603625917099	2546.618	1245.346	705556.12
1.83370853303317	25.9304192556646	2530.748	1224.683	705556.12
2.46204803036158	31.181915054468	2544.62	1214.896	705556.12
4.77703617837106	52.1405582875534	2540.283	1238.65	705556.12
4.98475601219519	45.0104039916768	2545.791	1229.978	705556.12
10.914081268735	74.980380015696	2545.764	1238.502	705556.12
16.8767864985708	86.6776706578635	2543.411	1280.762	705556.12
22.8997316802147	83.3717933025654	2529.589	1271.117	705556.12
34.8043221565423	98.3418413265269	2543.269	1273.247	705556.12
43.2563553949157	99.0749807400154	2530.713	1292.603	705556.12
47.9674816260147	97.0566423546861	2536.828	1299.867	705556.12
58.0278135777491	99.6844602524318	2576.819	1300.458	705556.12
65.4735876211299	99.946540042768	2546.438	1313.179	705556.12
72.5295019763984	99.997480002016	2538.841	1306.069	705556.12
78.6482770813783	100.0	2545.273	1300.665	705556.12
