0.000830011620162682	0.0149399880480096	2730.302	1762.077	705553.9
0.00166002324032536	0.0298799760960191	2818.976	1786.835	705553.9
0.00169002366033124	0.0304199756640195	2787.502	1774.066	705553.9
0.00307004298060173	0.0552599557920354	2759.05	1771.819	705553.9
0.00363005082071149	0.0653399477280418	2731.841	1747.435	705553.9
0.00609008526119366	0.10961991230407	2796.247	1754.45	705553.9
0.00841011774164838	0.151199879040097	2780.946	1752.304	705553.9
0.0155402175630459	0.278819776944178	2759.736	1748.39	705553.9
0.0224603144444022	0.403199677440258	2798.693	1777.023	705553.9
0.0334704685865602	0.600119519904384	2768.131	1752.186	705553.9
0.0561107855509977	1.00385919691264	2761.837	1747.778	705553.9
0.0628408797723168	1.12067910345672	2856.819	1758.196	705553.9
0.0794011116155626	1.4111988710409	2763.264	1737.715	705553.9
0.137241921386899	2.42297806161755	2774.022	1758.165	705553.9
0.248143474008636	4.31963654429076	2746.806	1744.246	705553.9
0.352184930589028	6.02783517773186	2708.489	1735.784	705553.9
0.615988623840734	10.3069717544226	2797.07	1782.106	705553.9
0.836871716204027	13.4816292146966	2745.806	1744.123	705553.9
1.15331614642605	17.6237859009713	2818.7	1772.905	705553.9
1.34754886568412	19.3251445398844	2763.972	1744.312	705553.9
2.99204188858644	37.8975296819763	2708.297	1734.999	705553.9
4.48095273333827	48.6003211197431	2756.804	1743.39	705553.9
5.02190030660429	45.306863754509	2740.371	1729.654	705553.9
7.44311420359885	52.5082979933616	2721.25	1756.733	705553.9
16.5758020612289	84.4775324179741	2785.577	1767.48	705553.9
21.2559775836862	78.0331775734579	2735.106	1723.45	705553.9
34.1279477912691	96.3652629077897	2749.42	1750.29	705553.9
42.9421711903967	98.6239011008791	2808.987	1781.919	705553.9
47.7378783302966	96.850902519278	2792.359	1765.67	705553.9
58.7479724716146	99.8479001216799	2740.582	1733.232	705553.9
65.3580350124902	99.9415000468	2750.254	1760.587	705553.9
72.8863704091857	99.998920000864	2773.73	1765.256	705553.9
78.6607212500975	99.999820000144	2760.936	1754.367	705553.9
