0.000800011200156802	0.0143999884800092	2514.673	673.303	705553.9
0.0015500217003038	0.0278999776800179	2496.038	656.856	705553.9
0.00240003360047041	0.0431999654400276	2522.861	662.243	705553.9
0.00242003388047433	0.0435599651520279	2518.899	663.113	705553.9
0.00333004662065269	0.0599399520480384	2513.579	663.367	705553.9
0.00527007378103293	0.0948599241120607	2534.762	662.479	705553.9
0.0106601492420894	0.191519846784123	2501.789	669.506	705553.9
0.016760234643285	0.301499758800193	2521.001	655.528	705553.9
0.0229803217245041	0.412379670096264	2526.728	661.386	705553.9
0.027770388785443	0.498239601408319	2517.443	660.252	705553.9
0.0535707499904999	0.957419234064613	2502.231	664.199	705553.9
0.0536507511105155	0.959219232624614	2505.892	686.023	705553.9
0.081061134855888	1.43873884900892	2528.088	658.061	705553.9
0.170852391933487	3.01013759188993	2509.67	690.054	705553.9
0.237973331626643	4.13765668987465	2519.221	683.848	705553.9
0.300234203278846	5.1505158795873	2522.816	670.282	705553.9
0.628398797583166	10.5343115725507	2519.64	687.404	705553.9
0.950063300886212	15.3496677202658	2519.765	672.718	705553.9
1.17765648719082	18.0129455896435	2522.521	665.902	705553.9
2.08388917444844	29.5475163619869	2523.518	667.567	705553.9
3.03780252923541	38.5066491946806	2498.45	675.212	705553.9
4.94128917804849	54.2658165873467	2513.111	699.279	705553.9
5.02070028980406	45.293363765309	2519.367	703.038	705553.9
8.69302170230383	59.384292492566	2507.847	702.608	705553.9
14.0219463072483	70.5484235612611	2504.23	721.666	705553.9
25.1317618446658	92.4880660095472	2532.39	743.439	705553.9
34.520263283686	97.4432820453744	2515.685	786.425	705553.9
43.5417895850542	99.4326404538876	2520.71	771.506	705553.9
48.0594328320596	97.1428622857102	2514.944	789.225	705553.9
57.1086795215133	99.4087004730396	2515.242	791.202	705553.9
66.5188012632177	99.993880004896	2489.751	793.468	705553.9
72.5452556335789	99.997660001872	2532.025	802.141	705553.9
78.6640112961582	99.999820000144	2526.08	811.297	705553.9
