0.000560007840109762	0.0100799919360065	4594.64	826.984	705553.9
0.0010500147002058	0.0188999848800121	4466.447	820.067	705553.9
0.00236003304046257	0.0424799660160272	4762.561	851.153	705553.9
0.00254003556049785	0.0457199634240293	4467.77	821.378	705553.9
0.00415005810081341	0.0746999402400478	4589.729	839.465	705553.9
0.00504007056098785	0.0903599277120578	4601.273	831.915	705553.9
0.0070300984213779	0.126539898768081	4590.535	827.44	705553.9
0.0136801915226813	0.245879803296157	4528.851	819.331	705553.9
0.021510301144216	0.386639690688247	4572.572	820.629	705553.9
0.0354004956069385	0.634499492400406	4564.064	830.092	705553.9
0.0363505089071247	0.651059479152417	4528.376	830.231	705553.9
0.0752510535147492	1.33289893368085	4808.819	936.454	705553.9
0.0802211230957233	1.43081885534492	4556.947	834.684	705553.9
0.179652515135212	3.13379749296201	4701.08	846.653	705553.9
0.182532555455776	3.21533742773006	4487.649	827.187	705553.9
0.399165588318236	6.70193463845229	4405.718	817.435	705553.9
0.429126007764109	7.35317411746071	4575.268	839.829	705553.9
0.558667821349499	9.09791272166982	4433.79	818.741	705553.9
1.17711647963071	18.0028655977075	4615.445	854.81	705553.9
1.63117283641971	23.0939815248148	4454.687	827.836	705553.9
3.17078439098147	40.4114076708739	4506.816	842.1	705553.9
3.3428668001352	36.8321105343116	4600.449	847.011	705553.9
4.57474404641665	42.0837863329709	4458.939	834.786	705553.9
8.58815023410328	58.7620329903736	4614.562	864.451	705553.9
16.3015882222351	82.6472938821649	4663.786	887.215	705553.9
22.1431700043801	80.7718753824997	4649.355	906.205	705553.9
30.2699637794929	86.6461706830635	4548.582	903.436	705553.9
41.8552159730236	97.0656423474861	4672.456	936.903	705553.9
51.3805593278306	99.6263202989438	4596.293	939.953	705553.9
57.275581858146	99.4670204263837	4523.643	926.123	705553.9
65.4757766608733	99.947980041616	4553.686	951.921	705553.9
72.8794603124444	99.998380001296	4723.324	965.726	705553.9
78.6417009838138	99.999820000144	4640.556	967.27	705553.9
