0.00118999904800076	0.0214199828640137	2.019	0.658	410.86
0.00203999836800131	0.0367199706240235	2.09	0.983	719.26
0.00306999754400196	0.0552599557920354	3.207	0.732	1144.04
0.00423999660800271	0.0763199389440488	3.679	0.911	1394.74
0.00586999530400376	0.105659915472068	3.615	1.166	2154.87
0.00887999289600568	0.159839872128102	5.105	1.693	3164.69
0.0129799896160083	0.233279813376149	6.821	1.602	5117.73
0.0189199848640121	0.340019727984218	8.052	2.769	7263.89
0.028189977448018	0.505619595504324	11.352	3.544	10725.5
0.0409699672240262	0.73421941262447	16.322	4.6	13948.16
0.06248995000804	1.11941910446472	22.064	5.833	25396.78
0.0924899260080592	1.65365867707306	33.938	9.487	32160.27
0.141739886608091	2.52485798011362	49.349	12.051	48277.23
0.213409829272137	3.77171698262641	75.503	18.163	70996.59
0.315479747616202	5.52815557747554	102.204	26.64	97188.13
0.475559619552304	8.23373341301327	151.536	42.411	145992.36
0.713989428808457	12.1071503142797	226.392	80.483	195815.86
1.06665914667268	17.5741059407152	305.892	105.467	356372.53
1.59943872044902	25.2453398037282	423.885	173.055	456304.62
2.39451808438553	35.3445917243266	571.788	227.975	562711.4
3.5936571250743	48.2671413862869	710.992	334.365	655170.08
5.39836568130745	63.1781494574804	846.097	467.792	718845.72
8.09586352330918	78.103917516866	1003.809	552.647	740475.61
12.1493902804878	90.2294278164577	1001.599	623.923	724112.91
18.2180054255957	97.3192621445903	1050.175	718.686	737985.45
27.3282181374255	99.6868002505598	1141.215	742.035	756242.93
37.3327401338079	99.978220017424	1222.667	781.863	779197.05
47.3321921342463	99.999460000432	1217.487	778.315	801164.05
57.2995841603327	100.0	1223.695	770.899	823885.57
67.3245561403551	100.0	1266.187	811.459	845149.8
77.3224581420335	100.0	1314.566	851.741	867169.13
87.3150101479919	100.0	1296.423	831.005	889524.28
97.3158221473423	100.0	1330.536	837.461	911737.33
