0.002	0.0179999856000115	5940.916	1699.268	705556
0.003	0.0199799840160128	5575.784	1639.911	705556
0.003	0.0199799840160128	5602.258	2009.763	705556
0.005	0.0219599824320141	5620.584	1194.788	705556
0.007	0.0239399808480153	5959.079	1628.119	705556
0.01	0.0278999776800179	5516.483	1615.175	705556
0.014	0.0320399743680205	5898.722	1297.912	705556
0.019	0.035999971200023	5947.04	1249.311	705556
0.029	0.0458999632800294	5926.128	1359.826	705556
0.043	0.0599399520480384	5559.747	1450	705556
0.064	0.0800999359200513	6051.357	1596.54	705556
0.095	0.111959910432072	5587.498	1893.628	705556
0.142	0.160019871984102	5868.424	1946.629	705556
0.212	0.230039815968147	5569.573	1622.411	705556
0.317	0.333899732880214	5489.157	2001.253	705556
0.475	0.491939606448315	5598.078	1941.121	705556
0.712	0.729899416080467	5543.658	1420.174	705556
1.067	1.08395913283269	5945.458	1647.837	705556
1.6	1.61801870558504	5666.991	1316.83	705556
2.399	2.41595806723355	5593.585	1308.646	705556
3.598	3.61403710877031	5948.846	1972.254	705556
5.395	5.41205567035546	5503.591	1308.466	705556
8.093	8.10989351208519	5905.137	1302.184	705556
12.139	12.1561102751118	5619.003	1988.922	705556
18.208	18.2240854207317	5508.51	1394.039	705556
27.311	27.3279381376495	6099.623	1355.476	705556
37.311	37.3280101375919	6010.747	2016.664	705556
47.311	47.3279021376783	5650.454	1462.565	705556
57.31	57.3259941392047	6025.591	1476.71	705556
67.311	67.3278661377071	6101.298	1387.885	705556
77.311	77.3279381376495	6088.746	1358.484	705556
87.311	87.3278301377359	6124.697	1287.248	705556
97.311	97.3279021376783	6083.189	2148.049	705556
