0.004	0.0199799840160128	5010.954	1304.694	705556
0.009	0.0259199792640166	4948.997	1298.353	705556
0.014	0.0320399743680205	5022.765	1419.463	705556
0.02	0.035999971200023	4971.882	1448.711	705556
0.043	0.0599399520480384	5354.186	1632.412	705556
0.064	0.0820799343360525	4905.759	1490.331	705556
0.142	0.158039873568101	4973.036	1997.06	705556
0.211	0.228059817552146	5038.533	2046.15	705556
0.317	0.333899732880214	5010.264	1905.825	705556
0.475	0.491939606448315	5464.667	1400.559	705556
1.6	1.61603870716903	5317.316	1545.66	705556
2.399	2.41595806723355	5010.277	1377.419	705556
3.598	3.61403710877031	5324.793	1303.487	705556
5.396	5.41187567049946	4963.677	2036.444	705556
12.139	12.1559302752558	5322.838	2042.542	705556
37.311	37.3280101375919	5465.954	1401.145	705556
57.311	57.3279741376207	5434.133	2135.327	705556
67.311	67.3278661377071	5025.985	1507.904	705556
77.311	77.3279381376495	5076.757	1771.711	705556
87.311	87.3280101375919	5532.724	2024.784	705556
97.311	97.3279021376783	5543.559	2170.653	705556
