0.000699999440000448	0.0125999899200081	10.367	0.477	267.94
0.00161999870400104	0.0291599766720187	21.096	0.685	577.12
0.0024999980000016	0.0449999640000288	32.751	0.675	1093.02
0.00372999701600239	0.067139946288043	47.634	0.6	1171.49
0.00469999624000301	0.0845999323200541	59.85	0.711	1730.7
0.00495999603200317	0.0892799285760571	64.127	0.92	1878.76
0.00747999401600479	0.134279892576086	94.244	0.735	3022.02
0.0102299918160065	0.183959852832118	128.346	0.807	4293.57
0.018749985000012	0.336959730432216	235.781	1.402	6992.48
0.0267999785600172	0.479699616240307	325.799	2.676	10265.55
0.0334399732480214	0.598319521344383	410.338	2.318	11624.61
0.0735499411600471	1.31363894908884	881.816	6.17	27419.06
0.126029899176081	2.23631821094543	1487.211	8.408	45685.55
0.17215986227211	3.01373758900993	1928.474	11.859	62875.65
0.178589857128114	3.13451749238601	2086.384	14.348	57881.57
0.317369746104203	5.43707565033948	3434.613	22.901	107923.57
0.608209513432389	10.1813318549345	6135.82	44.622	189720.26
0.885639291488567	13.6805290555768	7647.229	81.953	337852.45
0.9380492495606	15.1554478756417	8723.685	85.221	347941.75
1.90910847271322	24.8030801575359	10939.32	166.924	512481.21
2.15764827388138	30.7023954380836	15036.228	211.206	532734.48
3.17168746265003	35.1102319118145	11288.362	229.011	636572.64
7.39798408161273	66.3159069472744	9553.597	463.275	740597.76
9.65639227488618	65.4283276573379	5363.473	457.045	734865.67
16.2329970136024	82.1528342777326	4375.292	600.574	732770.39
22.2107022314382	81.0118151905478	4136.038	590.135	745739.75
34.8042021566383	98.1884814492148	2873.133	1531.715	773540.76
43.3336653330677	99.1545406763675	2900.765	1555.416	792158.54
49.2418906064875	98.1514014788788	2928.979	1565.232	805546.36
59.6115923107262	99.973720021024	2920.384	1599.562	828237.66
66.7059766352187	99.995860003312	2919.204	1631.876	844167.71
73.0876315298948	99.99910000072	2886.144	1617.507	858818.45
78.6931970454424	99.999640000288	2910.892	1661.289	871251.01
