0.00100999919200065	0.00107999913600069	2669.784	481.102	705556.12
0.00200999839200129	0.00215999827200138	2625.176	497.806	705556.12
0.00300999759200193	0.00323999740800207	2627.859	501.083	705556.12
0.00400999679200257	0.00413999668800265	2626.54	494.507	705556.12
0.00600999519200385	0.00611999510400392	2664.568	493.425	705556.12
0.00900999279200577	0.00917999265600588	2647.503	492.533	705556.12
0.0130099895920083	0.0131399894880084	2649.927	504.456	705556.12
0.0189899848080122	0.0190799847360122	2645.889	506.164	705556.12
0.0279999776000179	0.0282599773920181	2665.731	491.855	705556.12
0.0420099663920269	0.042119966304027	2649.406	495.868	705556.12
0.0630099495920403	0.0631799494560404	2626.68	491.421	705556.12
0.0940099247920602	0.0941399246880602	2704.61	488.084	705556.12
0.14100988719209	0.14111988710409	2700.001	486.649	705556.12
0.211009831192135	0.211139831088135	2612.139	490.319	705556.12
0.316009747192202	0.316259746992202	2662.756	492.931	705556.12
0.474009620792303	0.474299620560304	2709.51	480.396	705556.12
0.711009431192455	0.711179431056455	2651.188	495.242	705556.12
1.06600914719268	1.06631914694468	2733.435	509.299	705556.12
1.59900872079302	1.59929872056102	2608.501	485.302	705556.12
2.39800808159353	2.39813808148954	2639.011	493.995	705556.12
3.5969971224023	3.5971171223063	2649.536	494.853	705556.12
5.39500568399545	5.39513568389145	2576.796	500.146	705556.12
8.09199352640518	8.09207352634118	2598.889	492.615	705556.12
12.1380002895998	12.1381102895118	2715.932	509.592	705556.12
18.2069954344037	18.2071654342677	2585.806	510.05	705556.12
27.3099881520095	27.3101181519055	2610.234	524.42	705556.12
37.3099801520159	37.3101901518479	2670.86	520.465	705556.12
47.3099721520223	47.3100821519343	2684.817	523.282	705556.12
57.3099641520287	57.3101541518767	2664.295	525.713	705556.12
67.3099561520351	67.3100461519631	2674.238	541.385	705556.12
77.3099481520415	77.3101181519055	2654.547	545.766	705556.12
87.3099401520479	87.3101901518479	2697.325	556.898	705556.12
97.3099321520543	97.3100821519343	2634.602	566.633	705556.12
