0.00200999839200129	0.0361799710560232	1925.594	1601.312	705556.12
0.00443999644800284	0.0784799372160502	1919.188	1634.968	705556.12
0.00863999308800553	0.151199879040097	1909.54	1616.555	705556.12
0.0189499848400121	0.326699738640209	1909.539	1625.81	705556.12
0.081279934976052	1.05695915443268	1921.546	1638.263	705556.12
0.304119756704195	2.16107827113738	1901.53	1588.212	705556.12
0.317389746088203	3.02651757878594	1930.279	1621.417	705556.12
2.39652808277753	6.05483515613188	1921.912	1609.512	705556.12
5.39331568534745	9.03203277437378	1930.014	1621.411	705556.12
18.2054554356357	21.85576251539	1973.643	1632.217	705556.12
26.9771084183133	29.2681565854747	1936.123	1666.267	705556.12
47.3077821537743	50.9421192463046	1993.706	1700.577	705556.12
77.3111581510735	80.9488152409478	2038.73	1713.215	705556.12
97.2118722305022	99.8392601285919	2045.209	1757.749	705556.12
