0.000979999216000627	0.0176399858880113	1641.791	1348.778	705556.12
0.00188999848800121	0.0338399729280217	1637.091	1341.072	705556.12
0.00295999763200189	0.053099957520034	1691.981	1354.29	705556.12
0.0039099968720025	0.0692999445600443	1663.291	1362.454	705556.12
0.00612999509600392	0.10871991302407	1636.34	1351.524	705556.12
0.00852999317600546	0.150479879616096	1633.873	1384.57	705556.12
0.0129899896080083	0.227519817984146	1671.216	1348.866	705556.12
0.0189199848640121	0.32795973763221	1635.645	1354.106	705556.12
0.0283499773200181	0.477719617824306	1648.338	1335.933	705556.12
0.0416399666880267	0.681119455104436	1671.368	1341.155	705556.12
0.0619899504080397	0.960299231760615	1679.629	1353.941	705556.12
0.0946299242960606	1.37159890272088	1662.113	1347.919	705556.12
0.13993988804809	1.84391852486518	1657.713	1336.524	705556.12
0.184249852600118	2.0366983706413	1679.989	1357.15	705556.12
0.316639746688203	3.02849757720194	1668.443	1355.772	705556.12
0.474089620728303	3.61691710646631	1658.223	1351.995	705556.12
0.707259434192453	4.13549669160265	1641.38	1359.104	705556.12
1.06332914933668	4.62437630049896	1606.256	1347.729	705556.12
1.59429872456102	5.23619581104335	1639.527	1345.848	705556.12
2.39342808525753	6.04025516779587	1643.631	1347.772	705556.12
3.5998071201543	7.24283420573264	1665.232	1353.84	705556.12
5.39301568558745	9.03563277149378	1658.52	1358.356	705556.12
8.09807352154118	11.7482306014155	1659.387	1355.013	705556.12
12.0211303830957	14.7772681781855	1657.409	1348.779	705556.12
18.2100754319397	21.855042515966	1667.628	1358.514	705556.12
27.3134181492655	30.9572752341798	1676.963	1368.604	705556.12
37.3041601566719	40.8176673458661	1700.412	1390.292	705556.12
47.3097021522383	50.9309592552326	1699.191	1396.83	705556.12
57.3137341490127	60.968831224935	1680.973	1392.974	705556.12
67.3113061509551	70.9642232286214	1716.952	1408.809	705556.12
77.3196481442815	80.9380152495878	1716.004	1420.079	705556.12
87.3110901511279	90.8736473010822	1745.583	1441.292	705556.12
97.2238022209582	99.9044200764639	1773.757	1427.847	705556.12
