0.00068	0.0122399902080078	4.178	0.481	305.93
0.0011	0.0197999841600127	5.9	0.636	418.48
0.00154	0.0277199778240177	7.869	0.569	687.81
0.00284	0.0509399592480326	13.502	0.717	1198.34
0.00346	0.0622799501760399	16.12	0.805	1238.54
0.00562	0.100799919360065	25.796	0.685	2223.39
0.01022	0.183599853120118	45.273	1.367	4193.11
0.01296	0.232739813808149	57.479	0.833	5692.52
0.02357	0.422819661744271	102.852	1.274	10078.22
0.02574	0.460799631360295	113.838	1.58	10391.75
0.05311	0.949679240256608	230.642	2.93	22604.44
0.07046	1.2556789954568	306.141	5.215	28787.28
0.11655	2.06549834760132	494.128	7.796	44988.5
0.12477	2.20103823916941	529.848	7.483	51352.55
0.17239	3.01211759030593	721.221	11.896	70614.17
0.39404	6.75575459539632	1612.71	20.784	164643.15
0.63485	10.6392514885988	2537.597	34.826	266666.36
0.71721	11.5423107661514	2756.544	38.827	294023.81
1.43584	22.0404423676461	5273.38	81.166	566661.74
1.46685	20.9336232531014	4930.53	75.31	523405.55
2.52351	31.8461145231084	7005.222	126.299	843946.86
3.50296	38.3093693525045	7333.911	174.489	1106945.64
7.29612	65.1496878802497	11084.788	361.275	1822957.17
9.96359	67.4959860032112	10185.689	477.702	2067670.63
14.66922	73.519321184543	10318.766	689.17	2275704.11
24.76619	90.7503473997221	12353.547	1212.207	2727736.63
34.86532	98.389901288079	13781.771	2078.948	3162031.62
43.57285	99.4484804412157	13990.923	2629.793	3540882.73
51.85479	99.8509601192319	14103.124	3132.662	3903828.93
58.05407	99.6889602488318	14824.307	3482.339	4159263.18
65.11785	99.922780061776	14691.464	3946.087	4472506.14
72.8775	99.998740001008	13708.038	4567.018	4811227.56
78.6962	99.999640000288	13929.508	5188.23	5061122.62
