0.00091	0.0163799868960105	6.548	0.576	334.05
0.00137	0.0246599802720158	9.685	0.506	619.44
0.0016	0.0287999769600184	10.484	0.534	599.34
0.00204	0.0367199706240235	13.003	0.658	864.64
0.00381	0.0685799451360439	23.02	0.748	1491.69
0.00803	0.144539884368093	48.668	0.985	3047.27
0.01144	0.205919835264132	69.486	1.72	4237.09
0.0141	0.253619797104162	84.078	2.216	5788.67
0.02179	0.39113968708825	128.714	1.855	7963.3
0.02752	0.493019605584316	161.301	3.308	10363.03
0.04232	0.756719394624484	243.863	4.659	19427.52
0.04764	0.849599320320544	273.504	4.879	19134.09
0.09353	1.65743867404906	531.386	7.756	43237.27
0.15376	2.69657784273773	864.232	9.067	59124.55
0.26365	4.60151631878694	1465.519	18.735	102387.34
0.40426	6.92135446291643	2218.442	28.603	154669.65
0.52938	8.86319290944567	2836.077	33.496	200978.63
0.9561	15.4529876376099	4910.409	59.272	339770
1.39939	21.4374428500457	6825.162	83.241	508865.72
1.62177	22.9681616254707	7176.039	90.08	584923.62
2.87899	36.4172108662313	10715.079	155.83	928009.77
2.9975	33.5629531496375	8556.612	162.149	955335.58
7.04833	62.44195004644	13673.214	367.411	1748485.88
11.04263	76.0794591364327	15053.431	588.747	2122130.26
16.74136	85.5499715600228	15798.22	895.689	2377251.06
20.85285	76.7744385804491	13016.716	1054.123	2539926.27
34.865	98.394941284047	17543.242	1888.55	3156152.45
40.6013	95.1407238874209	15214.881	2100.782	3398567.98
51.82958	99.8353001317599	17569.898	2798.612	3888162.61
59.47964	99.959680032256	17475.336	3189.901	4215056.52
65.21322	99.929260056592	16047.603	3429.401	4472114.23
72.88473	99.998740001008	16688.358	3816.961	4804648.04
78.64613	100.0	16677.039	4145.597	5049554.13
