0.000439999648000282	0.00791999366400507	4.245	0.571	229.52
0.000929999256000595	0.0167399866080107	7.589	0.606	402.35
0.00247999801600159	0.0446399642880286	18.463	0.652	1069.57
0.00255999795200164	0.0460799631360295	19.536	0.743	1097.7
0.00555999555200356	0.100079919936064	39.728	0.599	2014.1
0.00658999472800422	0.118439905248076	47.262	0.766	2757.69
0.00862999309600552	0.155159875872099	61.711	0.888	3601.74
0.0158099873520101	0.283679773056182	109.793	1.208	6443.43
0.0246299802960158	0.442259646192283	172.155	1.476	9429.83
0.0286399770880183	0.513539589168329	200.637	1.649	11459.65
0.0337099730320216	0.603719517024386	232.866	1.713	12476.55
0.0822499342000526	1.46861882510494	568.118	5.371	29394.66
0.107409914072069	1.90709847432122	731.984	7.393	45300.42
0.132279894176085	2.33009813592149	900.156	9.16	60519.4
0.240269807784154	4.18337665329868	1601.025	15.986	92486.56
0.272479782016174	4.684496252403	1804.925	13.848	103208.5
0.473439621248303	7.92737365810107	3046.231	26.222	185905.66
0.778039377568498	12.530869975304	4787.114	43.42	304795.02
1.35441891646487	20.7359834112133	7927.862	76.948	505293.2
2.13832828933737	30.3740757007394	11417.287	111.625	686526.99
2.82885773691381	35.7323114141509	12531.411	144.92	918433.46
3.39777728177817	37.3483501213199	11232.119	175.212	1081990.22
6.13029509576392	53.9047368762105	13828.166	296.812	1622179.79
9.28788256969395	62.9743896204883	14397.867	436.037	2041368.06
16.0808271353383	81.217735025812	17500.492	777.379	2304763.69
23.6472410822071	86.0811511350791	17207.54	1130.55	2638750.42
30.1310358951713	86.3070509543592	16419.007	1429.642	2931659.39
43.5115451907638	99.3746805002556	20549.668	2626.787	3505515.59
47.2830821735343	96.3940628847497	17485.035	2519.388	3667054.11
58.3283233373413	99.7440402047678	18604.244	3529.847	4159002.56
66.2034670372264	99.981460014832	20438.51	4078.047	4489132
72.8121817502546	99.998020001584	19886.705	4699.807	4781236.08
78.6985970411224	99.999640000288	19183.052	5225.201	5036572.9
