0.00073	0.0131399894880084	4.457	0.509	313.97
0.00139	0.025019979984016	7.185	0.62	651.64
0.00196	0.0352799717760226	9.874	0.533	828.51
0.00255	0.0458999632800294	12.452	0.658	1009.4
0.00313	0.0563399549280361	14.948	0.63	1367.17
0.0074	0.133019893584085	33.24	0.714	2954.98
0.00837	0.150479879616096	37.583	0.647	3228.34
0.01719	0.309059752752198	75.173	0.934	7083.4
0.02515	0.451259638992289	109.568	1.432	9366.69
0.03079	0.549899560080352	132.902	1.767	11030.93
0.05465	0.976679218656625	236.386	2.863	21004.47
0.06685	1.19159904672076	291.055	4.139	24598.37
0.12061	2.13479829216137	514.409	8.12	48912.24
0.13966	2.46113803108957	590.422	9.68	62332.11
0.26703	4.65821627342698	1121.488	14.675	108150.85
0.42405	7.26605418715665	1734.172	22.63	184493.13
0.55623	9.31319254944596	2234.553	32.213	214450.89
0.76582	12.3404301276559	2945.361	42.753	296260.44
1.41477	21.6901626478699	5192.869	82.677	532321.98
2.04883	29.0523367581306	6862.505	116.133	716704.56
2.12172	27.1963582429134	6052.025	107.687	692198.69
4.65438	50.6472794821764	9785.801	228.296	1348079.3
4.95635	44.7881041695167	7470.833	244.415	1389568.31
7.63583	53.4649972280022	7969.974	354.775	1852294
13.03636	66.3132069494344	9269.705	615.948	2200577.21
25.1525	92.5649259480592	12737.197	1218.505	2741767.29
33.30247	94.1066247147002	12546.639	1806.944	3100243.32
42.0163	97.3055821555343	12696.754	2343.571	3474901.32
47.29757	96.4095428723657	12330.252	2531.765	3707066.99
57.63682	99.5800603359517	14828.912	3382.04	4141428.99
66.21718	99.982360014112	13609.507	4107.159	4525211.82
72.96599	99.99910000072	13871.088	4668.985	4812800.14
78.69319	99.999640000288	13998.889	5226.902	5060707.35
