0.000489999608000314	0.00881999294400564	4.541	0.449	233.54
0.00137999889600088	0.0248399801280159	10.888	0.534	603.32
0.00253999796800163	0.0457199634240293	19.249	0.66	920.85
0.00297999761600191	0.0536399570880343	22.537	0.666	1194.17
0.00319999744000205	0.0574199540640368	23.588	0.816	1326.81
0.00645999483200413	0.116099907120074	47.756	1.021	2765.73
0.00862999309600552	0.155339875728099	61.579	1.109	3891.13
0.0137599889920088	0.247499802000158	97.037	1.36	5197.43
0.017209986232011	0.308699753040198	120.758	1.546	7741.69
0.0341399726880219	0.612719509824392	240.15	3.95	13855.22
0.0376799698560241	0.674459460432432	261.184	2.83	14088.36
0.0841399326880539	1.49759880192096	576.245	7.701	31557.2
0.117389906088075	2.07071834342533	797.145	7.562	46534.51
0.123479901216079	2.1866382506894	836.287	9.683	43945.8
0.276359778912177	4.81571614742708	1856.791	16.814	97302.75
0.294919764064189	5.06015595187524	1931.832	17.596	133711.39
0.487659609872312	8.1239335008532	3117.809	30.188	186364.05
0.804079356736515	12.9596296322963	4939.534	46.827	300314.19
1.44086884730492	22.1178423057262	8410.28	85.392	479516.07
1.63760868991305	23.1253014997588	8726.132	94.604	575854.05
3.18275745379404	40.5188675849059	14330.515	171.77	938600.76
3.85453691637047	41.7567265946187	12406.748	187.597	1189802.9
7.06188435049252	62.6548898760881	16383.563	336.474	1712974.87
10.2893317685346	69.9153640677088	16288.744	480.248	2069648.86
14.3726585018732	72.1056023155181	15182.355	634.781	2261845.48
19.2828045737563	72.3459021232783	14437.962	825.916	2479413.11
28.7231170215064	83.2011534390772	15712.47	1236.491	2862728.79
43.5460351631719	99.4133804692956	20300.626	1987.019	3503679.3
50.6140595087524	99.1599406720475	18166.598	2247.527	3814005.46
57.6029639176289	99.5716003427197	20942.251	2570.843	4113514.26
65.1200879039297	99.922780061776	20305.498	2908.516	4440389.93
73.0089415928467	99.99910000072	18521.445	3141.463	4799802.21
78.6800470559624	99.999640000288	18445.008	3416.656	5037629.64
