0.00065	0.0116999906400075	1.615	0.682	253.65
0.00104	0.018719985024012	1.869	0.658	390.32
0.0023	0.0412199670240264	3.021	0.602	856.6
0.00241	0.0433799652960278	3.429	0.654	1001.31
0.0052	0.0934199252640598	5.613	0.775	2034.34
0.00668	0.120239903808077	5.853	0.945	2661.4
0.0069	0.124019900784079	6.546	1.599	3015.11
0.01656	0.29645976283219	12.58	2.475	6186.62
0.01834	0.329219736624211	14.233	1.532	6914.17
0.03664	0.657899473680421	27.329	4.047	14354.63
0.03982	0.712979429616456	28.102	4.07	17510.13
0.06387	1.13543909164873	43.663	5.663	22872.5
0.09932	1.76111859110513	67.937	6.274	34220.54
0.15685	2.76515778787377	101.307	9.052	59265.26
0.24169	4.2141566286747	152.431	13.064	103111.04
0.32668	5.59079552736358	207.66	21.226	112993.66
0.49353	8.25281339774928	298.568	29.605	167392.43
0.89806	14.4525484379612	527.256	53.031	338225.15
1.15661	17.6792258566193	653.148	64.845	412380.42
2.0762	29.4072964741628	1098.787	111.524	699719.72
2.86754	36.2622309902152	1428.037	156.997	935012.28
3.84356	41.7853465717227	1747.838	190.878	1119452.46
7.47911	67.179006256795	3555.742	356.473	1847546.48
10.25567	69.6165643067486	6050.658	480.36	2075037.59
15.5724	78.138657489074	9126.158	706.083	2318652.34
21.03105	77.2895981683215	11570.322	926.488	2548258.02
31.66817	89.8892280886175	15104.064	1396.687	3021373.63
38.09954	91.1384270892583	17076.396	1646.291	3301191.69
51.59989	99.7391802086558	15574.041	2281.635	3878933.47
58.60935	99.8092001526399	19709.141	2557.993	4184220.44
65.06462	99.9159400672479	17049.132	2795.505	4455325.02
73.05517	99.999640000288	20752.98	3180.949	4806367.05
78.65241	100.0	21757.265	3347.807	5049931.72
