0.00065	0.0116999906400075	1.506	0.701	273.77
0.00159	0.0286199771040183	2.108	0.577	687.81
0.00493	0.0887399290080568	3.773	0.808	1970.13
0.00746	0.134099892720086	5.186	0.92	3320.79
0.01171	0.210059831952134	7.313	1.325	4679.51
0.01649	0.295739763408189	8.947	1.434	5748.8
0.05545	0.992339206128635	26.143	4.674	23488.83
0.08227	1.46465882827294	40.97	6.488	35649.59
0.10052	1.77929857656114	46.625	7.475	44960.36
0.18612	3.25007739993808	86.047	11.212	72214.32
0.32169	5.50331559734752	141.376	18.031	132039.21
0.43298	7.27415418067666	185.135	24.62	168515.75
0.74438	12.0014903988077	300.687	44.103	286199.71
1.01048	15.5127475898019	401.059	58.191	375030.14
2.0001	28.3065973547221	734.206	107.723	705865.15
2.60406	32.9441136447091	852.898	132.133	849923.54
4.71901	51.4558388353289	1322.51	226.666	1372816.97
10.48879	71.4441028447177	2417.66	478.186	2103334.69
11.98327	62.2169502264398	2768.656	509.932	2153846.99
25.63317	94.9551440358848	4050.812	1159.955	2759723
32.67818	92.4713260229392	5017.113	1437.468	3067464.47
42.0313	97.3266421386863	5793.892	1831.999	3475480.09
58.22228	99.7316202147038	5771.478	2541.795	4168245.32
66.69772	99.994960004032	7196.175	2885.211	4546698.1
72.61982	99.997480002016	8179.473	3190.253	4801914.46
78.68424	99.999640000288	8126.953	3364.986	5059805.87
