0.000819999344000525	0.0147599881920094	1.333	0.639	329.99
0.00159999872000102	0.0287999769600184	1.969	0.533	627.4
0.00189999848000122	0.0341999726400219	1.866	0.716	796.21
0.00211999830400136	0.0381599694720244	2.18	0.639	719.84
0.00528999576800339	0.0948599241120607	4.13	0.572	2050.16
0.00622999501600399	0.112139910288072	4.689	0.959	2335.52
0.00944999244000605	0.169919864064109	6.926	1.09	3874.84
0.0131099895120084	0.235439811648151	8.023	0.837	4875.61
0.0225999819200145	0.404819676144259	14.5	1.383	9895.55
0.026489978808017	0.475379619696304	17.074	2.023	9996.03
0.0443699645040284	0.794519364384509	25.933	2.783	16700.08
0.0529799576160339	0.944999244000605	29.263	2.764	20835.91
0.0762899389680488	1.35629891496087	44.332	5.584	29481.47
0.176149859080113	3.10373751700999	94.203	8.84	73479.64
0.257429794056165	4.47425642059486	129.71	16.6	101960.65
0.407859673712261	6.98651441078847	208.408	25.029	153536.86
0.612169510264392	10.2423518061186	308.189	32.981	224787.12
0.892949285640572	14.4203284637372	431.359	53.185	324877.32
1.32194894244085	20.1603438717249	596.107	69.996	483666.9
1.36868890504888	19.5712043430365	593.057	68.653	473783.61
2.76278778976977	34.9428320457344	1094.339	130.844	907105.81
4.12448670041064	44.6410442871646	1530.839	188.394	1216385.65
5.18305585355532	46.4482428414057	1945.098	228.734	1408047.45
8.39529328376537	57.6849138520689	3833.627	340.246	1923172.05
14.4355584515532	72.4173620661103	6630.263	580.969	2261134.26
24.0321007743194	87.5944099244721	9616.415	959.915	2697495.21
31.9018044785564	90.5255275795779	11645.111	1271.7	3030616.02
38.2024494380404	91.3348069321545	13379.672	1515.822	3303705.57
51.1475290819767	99.4850204119837	14044.54	2604.985	3872999.59
56.7735845811323	99.2726205819035	16091.089	2730.848	4108518.83
66.0282071774343	99.977320018144	16196.226	3377.465	4515891.71
72.6977018418385	99.99820000144	17021.456	3811.557	4811580.16
78.7041070367144	99.999640000288	17151.33	4414.416	5071978.65
