0.0010899991280007	0.0196199843040126	27.763	0.804	406.9
0.00129999896000083	0.023399981280015	33.48	0.892	501.97
0.00332999733600213	0.0599399520480384	69.945	0.998	1073.4
0.00396999682400254	0.0712799429760456	79.996	1.078	1422.12
0.00575999539200369	0.103139917488066	110.752	1.257	2368.31
0.00878999296800563	0.158039873568101	165.024	1.434	3268.7
0.0105199915840067	0.188639849088121	192.795	1.585	3975.58
0.0174799860160112	0.3128397497282	299.634	2.089	6788.88
0.0221699822640142	0.397439682048254	370.013	2.508	8820.23
0.0414399668480265	0.737819409744472	645.003	4.085	17005.81
0.056229955016036	0.997559201952638	805.455	5.311	20966.29
0.0924099260720591	1.62845869723304	1195.632	7.977	33414.56
0.14041988766409	2.44097804721756	1583.785	11.219	49959.72
0.210009831992134	3.6005371195703	1975.281	17.24	73108.63
0.316399746880203	5.28083577533138	2375.485	24.909	103509.16
0.405119675904259	6.45155483875613	1865.265	31.154	126755.77
0.459109632712294	6.91919446464443	1690.873	33.401	144658.55
0.912769269784584	11.3520509183593	1859.086	63.931	332128.96
1.06416914866468	15.0391679686656	4214.72	106.805	369959.74
1.98576841138527	20.4501436398851	2441.807	169.335	515174.16
3.36124731100215	28.6268170985463	2746.931	249.572	647966.59
4.92687605849915	31.8624945100044	2653.235	295.261	712624.35
7.97847361722111	40.9865072107942	3362.147	379.665	741039.94
12.1236903010478	47.9699616240307	4087.985	482.089	723679.39
18.1338354929316	53.3807572953942	4023.517	544.159	736745.01
27.3043681565055	63.6015091187927	5158.518	648.765	757127.08
37.0550303559757	70.1097639121889	4934.561	745.739	778504.99
45.7638033889573	72.0069623944301	4997.029	798.903	797993.74
57.1959642432286	91.6714066628747	3513.529	2761.904	822562.11
64.3308585353132	87.6412098870321	3289.269	983.888	839386.35
74.7109302312558	97.2953221637423	3344.796	2641.174	861246.85
83.9366528506777	99.969760024192	3249.462	2628.653	881985.48
90.548307561354	100.0	3276.752	2636.958	896656.43
