0.000969999224000621	0.0174599860320112	12.334	0.82	406.9
0.000979999216000627	0.0176399858880113	13.662	0.883	426.72
0.00228999816800147	0.0412199670240264	15.618	0.971	880.79
0.00349999720000224	0.0629999496000403	17.584	1.001	1590.24
0.00610999511200391	0.10997991201607	22.919	1.187	2294.62
0.00854999316000547	0.153359877312098	27.803	1.378	3484.2
0.00891999286400571	0.160559871552103	29.004	1.359	3160.83
0.0123899900880079	0.221939822448142	32.932	1.731	5053.01
0.021929982456014	0.39113968708825	49.853	2.529	8476.24
0.0255599795520164	0.457019634384292	56.17	2.812	9946.05
0.0603699517040386	1.07027914377668	121.526	6.03	21102.03
0.0806599354720516	1.41731886614491	149.397	7.169	29927.92
0.10936991250407	1.90205847835322	180.784	9.405	41279.07
0.1555198755841	2.6494178804657	267.766	13.279	54137.12
0.307569753944197	5.13953588837129	405.718	25.14	100715.36
0.475799619360305	7.6580938735249	499.223	35.045	142513.59
0.576869538504369	8.63747309002153	413.306	39.252	169374.97
1.05216915826467	14.8035481571615	595.235	105.38	362160.32
1.46232883013694	18.1124855100116	576.939	150.055	464741.28
2.02288838168929	20.8812432950054	507.155	169.272	519370.36
3.54113716709027	31.0929951256039	652.647	282.192	647241.84
5.17747585801931	34.5471923622461	604.852	299.938	714473.38
6.65601467518826	30.8514353188517	522.691	296.862	737416.83
12.0630303495757	46.7949225640619	759.79	442.275	723315.76
18.1910854471316	54.4036964770428	987.232	547.103	737163.53
27.3020981583215	63.5795491363607	1092.328	661.921	756999.17
37.2648001881598	72.9789616168307	1219.144	788.338	779135.73
44.1935446451643	67.3672861061711	1131.939	743.606	794947.81
56.6792046566363	86.7091706326635	1502.655	962.308	822299.67
64.6448582841134	88.4454492436406	1561.772	1011.293	839111.85
74.5107903913677	96.9576424338861	1667.549	1619.247	860900.54
83.1573334741332	99.8018201585439	1738.576	1701.095	880155.81
90.558177553458	100.0	1775.662	1812.187	896678.62
