0.000469999624000301	0.00845999323200541	14.725	0.774	256.01
0.00203999836800131	0.0367199706240235	40.835	0.915	813.86
0.00268999784800172	0.048419961264031	51.628	1.042	1163.65
0.00337999729600216	0.0608399513280389	61.122	1.07	1437.76
0.00513999588800329	0.0923399261280591	88.834	1.311	1874.87
0.00568999544800364	0.102239918208065	94.875	1.299	2201.47
0.0101899918480065	0.181799854560116	157.749	1.679	3906.57
0.0104799916160067	0.18773984980812	162.452	1.752	4163.29
0.0162199870240104	0.288899768880185	241.982	2.193	6690.78
0.0396499682800254	0.704339436528451	528.785	4.095	14565.87
0.0626899498480401	1.10987911209671	773.933	5.867	22655.96
0.085969931224055	1.51145879083297	927.951	7.923	35736.13
0.0867199306240555	1.50497879601696	644.89	8.143	31664.65
0.196379842896126	3.35987731209815	1202.555	16.555	66706.03
0.314529748376201	5.24555580355536	1799.998	25.953	109347.01
0.472159622272302	7.59059392752486	1830.526	36.805	150098.59
0.709419432464454	10.8311313350949	2067.761	54.031	195410.94
1.06555914755268	15.0287279770176	2176.988	107.655	370969.62
1.556038755169	19.5060443951645	2013.506	165.486	464186.07
1.65526867578506	17.164966268027	1498.633	123.691	482476.45
3.21317742945806	27.0269783784173	1958.967	232.473	642787.72
5.39234568612345	37.6300498959601	2960.758	346.194	720757.96
7.815223747821	38.9429688456249	2489.476	357.248	741040.97
12.1165403067678	47.7771817782546	3268.706	470.823	723853.03
17.5692759445792	47.5730619415504	2935.015	492	735719.47
27.1580282735774	61.5354707716234	3896.614	628.799	756896.74
35.5568015545588	61.2993109605512	3783.493	670.629	775611.73
43.3353553317157	65.538847568922	4141.116	726.768	793078.97
54.9947860041712	79.4447364442108	4680.518	899.333	818397.54
65.1734478612417	89.9234280612576	2911.454	1027.92	840483.92
75.8924992860006	99.4297604561916	3095.93	1146.512	863819.62
83.0324935740051	99.7629401896478	3135.021	1152.941	879696.15
90.571657542674	100.0	3160.067	1188.576	896712.76
