0.000849999320000544	0.0152999877600098	20.888	0.87	335.49
0.00183999852800118	0.0331199735040212	38.528	0.951	794.16
0.00287999769600184	0.0516599586720331	52.723	0.99	1159.72
0.00334999732000214	0.0602999517600386	61.653	1.115	1539.47
0.00592999525600379	0.106739914608068	99.832	1.291	2119.91
0.00899999280000576	0.161999870400104	151.274	1.577	3461.12
0.0120599903520077	0.216179827056138	189.542	1.798	4706.16
0.0179599856320115	0.322019742384206	270.633	2.336	6822.83
0.0273599781120175	0.485639611488311	372.08	3.116	10944.02
0.0276999778400177	0.495899603280317	408.411	3.036	10580.92
0.0548499561200351	0.972719221824623	666.704	5.206	20469.23
0.082879933696053	1.45763883388893	874.983	7.692	30964.21
0.14025988779209	2.44313804548956	1302.988	11.79	48157.56
0.20274983780013	3.45779723376221	1308.799	16.792	64687.04
0.287499770000184	4.78511617190706	1217.073	23.709	107167.2
0.433519653184277	6.93035445571644	1353.966	34.165	145145.99
0.477209618232305	7.1872142502286	1129.84	35.316	147536.71
1.02251918198465	14.3422085262332	1820.486	104.263	359245.04
1.50983879212897	18.744465004428	1869.491	152.993	448887.97
2.39777808177753	26.0942191246247	2643.299	233.522	564821.18
3.5939571248343	32.0399743680205	2676.974	277.46	657672.65
5.38867568905945	37.6017899185681	2956.476	342.746	718512.08
7.95138363889309	40.61408750873	2627.398	369.8	741080.36
8.84373292501366	30.4728956216835	2048.023	307.766	738220.59
16.3110769511384	41.4941068047146	2616.836	431.396	732703.72
25.3975196819843	50.6870594503524	3123.336	535.335	753034.13
37.0635103491917	70.2118238305409	4372.193	723.646	778520.42
45.306403754877	70.3948836840931	4438.661	772.614	797124.59
57.1094243124605	90.668447465242	2909.941	987.744	822662.1
66.8468665225068	97.2703021837582	3058.335	1097.708	843805.29
74.0666507466794	96.1463830828935	3087.934	1099.38	859909.13
83.4523932380854	99.8770600983519	3184.062	1168.06	880898.64
90.579327536538	99.999820000144	3213.789	1191.86	896727.32
