0.000529999576000339	0.00953999236800611	16.444	0.885	256.01
0.00165999867200106	0.029699976240019	34.09	0.952	636.38
0.00196999842400126	0.0354599716320227	39.381	0.953	845.36
0.00424999660000272	0.076499938800049	73.994	1.172	1574.62
0.00573999540800367	0.103139917488066	97.525	1.28	2189.82
0.00927999257600594	0.166859866512107	149.266	1.708	3168.54
0.0120999903200077	0.217439826048139	196.888	1.905	4687.08
0.0142599885920091	0.255599795520164	221.04	2.123	5425.77
0.0160199871840103	0.286019771184183	233.513	2.182	6690.78
0.0372999701600239	0.662579469936424	515.315	3.945	15728.46
0.0634099492720406	1.12355910115272	783.729	5.939	24330.37
0.0785199371840503	1.37951889638488	815.522	7.377	26952.56
0.112609909912072	1.95317843745725	824.398	9.745	41279.07
0.175249859800112	2.9737776209779	943.44	14.732	57256.79
0.301409758872193	5.01983598413121	1421.85	25.127	92784.28
0.40580967535226	6.50033479973216	1260.855	32.043	129005.8
0.706349434920452	10.7449114040709	1791.001	54.475	194237.31
0.997499202000638	13.9044488764409	1665.549	101.712	352330.66
1.60100871919302	20.2309038152769	2506.104	158.764	467303.12
2.32531813974549	24.943120045504	2108.521	214.338	563697.34
3.36000731199415	28.6053971156823	2056.921	244.391	647970.57
4.75649619480304	30.3242157406274	2039.992	282.661	707792.66
8.07437354050117	42.5282059774352	2949.04	401.196	740845.97
11.2169710264232	39.1490686807451	2452.791	378.201	721517.37
16.3177769457784	41.5146267882986	2581.204	420.673	732712.56
27.0870183303853	60.6705714635428	3753.22	624.767	756653.12
37.3035501571599	73.500601199519	2770.362	768.225	779295.92
45.9504632396294	72.7822217742226	4517.636	794.727	798340.35
55.6001755198596	81.3811748950601	2717.08	897.658	819888.3
66.7561865950507	96.6136627090698	3002.967	1082.623	843482.5
75.6571994742404	99.0348407721274	3047.888	1124.685	863356.59
84.1257326994138	99.991360006912	3107.986	1169.746	882339.74
90.54518756385	99.999820000144	3138.248	1184.592	896641.63
