0.0008	0.0143999884800092	1714.076	520.652	705556
0.00142	0.0255599795520164	1705.759	522.086	705556
0.00239	0.0430199655840275	1727.99	514.396	705556
0.00296	0.0532799573760341	1701.744	511.933	705556
0.00367	0.0658799472960422	1772.441	523.523	705556
0.0071	0.127799897760082	1751.905	538.223	705556
0.01088	0.195659843472125	1701.197	514.794	705556
0.01635	0.294119764704188	1748.223	535.87	705556
0.01852	0.332099734320213	1695.872	530.036	705556
0.03486	0.623519501184399	1747.255	520.294	705556
0.04874	0.871919302464558	1713.444	517.984	705556
0.0689	1.22597901921678	1760.6	532.251	705556
0.07944	1.4120988703209	1754.883	549.869	705556
0.12092	2.13011829590536	1702.41	512.642	705556
0.2164	3.77621697902642	1711.752	516.273	705556
0.28089	4.82093614325109	1737.039	502.665	705556
0.5679	9.47015242387806	1762.623	534.11	705556
0.8391	13.5246491802807	1725.508	538.26	705556
0.84514	13.0654695476244	1709.381	526.423	705556
1.7872	25.3200397439682	1707.995	522.646	705556
2.56236	32.5124739900208	1804.237	545.909	705556
4.64681	50.5664595468324	1774.845	537.411	705556
7.06995	62.7049298360561	1710.281	549.246	705556
10.95847	75.5583595533124	1757.615	541.203	705556
16.63384	84.9484120412704	1739.442	552.71	705556
25.18734	92.8054057556754	1773.977	550.703	705556
28.31228	82.4053740757007	1758.964	558.819	705556
43.52182	99.4222004622396	1804.941	574.078	705556
51.17676	99.5372203702237	1866.823	595.529	705556
58.94049	99.8840800927359	1811.311	581.146	705556
66.42632	99.993520005184	1774.945	690.839	705556
72.94084	99.999280000576	1846.381	591.997	705556
78.64009	100.0	1784.526	554.729	705556
