0.000759999392000486	0.0136799890560088	1690.763	524.356	705556.12
0.0013999988800009	0.0251999798400161	1694.368	531.576	705556.12
0.00212999829600136	0.0383399693280245	1760.822	534.963	705556.12
0.00250999799200161	0.0451799638560289	1749.61	542.835	705556.12
0.00474999620000304	0.0854999316000547	1711.47	528.082	705556.12
0.00571999542400366	0.102779917776066	1712.779	519.628	705556.12
0.0103099917520066	0.185039851968118	1719.203	517.611	705556.12
0.0144599884320093	0.259379792496166	1747.961	520.268	705556.12
0.0147899881680095	0.26585978731217	1713.916	519.825	705556.12
0.023469981224015	0.420659663472269	1686.818	507.868	705556.12
0.0352299718160225	0.629639496288403	1701.405	500.499	705556.12
0.059419952464038	1.05839915328068	1744.47	584.8	705556.12
0.123849900920079	2.1941982446414	1772.14	523.086	705556.12
0.170949863240109	2.98241761406591	1707.964	515.084	705556.12
0.190549847560122	3.35231731814615	1746.664	538.058	705556.12
0.427229658216273	7.31501414798868	1701.468	565.369	705556.12
0.4685296251763	7.83773372981302	1736.189	538.261	705556.12
0.924689260248592	14.9331480534816	1703.188	518.55	705556.12
1.43550885159292	22.0042623965901	1720.15	497.049	705556.12
1.74115860707311	24.6562002750398	1738.298	506.231	705556.12
3.24625740299408	41.4219268624585	1702.647	541.077	705556.12
4.47049642360286	48.502581197935	1696.136	520.666	705556.12
7.04809436152451	62.476870018504	1727.613	529.667	705556.12
10.5344615724307	71.844602524318	1698.915	521.567	705556.12
16.6102567117946	84.8002721597823	1753.273	548.191	705556.12
19.4057644753884	72.7190418247665	1724.371	539.122	705556.12
34.6569522744382	97.8742017006386	1782.835	592.24	705556.12
42.9821556142755	98.7378410097272	1814.72	578.529	705556.12
51.8388685289052	99.8565401147679	1821.358	591.17	705556.12
58.3663433069254	99.7728401817279	1811.653	557.609	705556.12
65.4701276238979	99.948340041328	1801.042	588.169	705556.12
73.0224215820627	99.999640000288	1794.1	639.235	705556.12
78.6309270952583	100.0	1756.406	571.215	705556.12
