0.000689999448000442	0.0124199900640079	1096.111	725.998	705556.12
0.00135999891200087	0.0244799804160157	1078.167	742.837	705556.12
0.00193999844800124	0.0349199720640224	1090.623	736.258	705556.12
0.00254999796000163	0.0458999632800294	1097.702	716.665	705556.12
0.00479999616000307	0.0863999308800553	1075.615	709.105	705556.12
0.00552999557600354	0.0995399203680637	1057.52	697.088	705556.12
0.00707999433600453	0.127439898048082	1068.22	696.307	705556.12
0.0157899873680101	0.283319773344181	1078.183	710.298	705556.12
0.0251399798880161	0.451439638848289	1081.553	711.42	705556.12
0.0338499729200217	0.605699515440388	1098.48	726.544	705556.12
0.0436699650640279	0.7815593747525	1071.698	705.596	705556.12
0.0473199621440303	0.842579325936539	1078.228	709.587	705556.12
0.104749916200067	1.85255851795319	1103.624	727.328	705556.12
0.146419882864094	2.57327794137765	1063.228	727.479	705556.12
0.232929813656149	4.0595367523706	1088.085	749.925	705556.12
0.363849708920233	6.23843500925199	1074.565	711.718	705556.12
0.454369636504291	7.59527392378086	1091.322	736.722	705556.12
0.880849295320564	14.2012686389851	1090.306	741.378	705556.12
1.2492890005688	19.1062647149882	1071.084	707.854	705556.12
1.79529856376115	25.4523396381283	1052.304	735.122	705556.12
2.05165835867331	26.4675388259689	1086.594	712.57	705556.12
4.10821671342663	44.5946043243165	1089.521	726.005	705556.12
6.52452478038018	57.4357940513648	1107.065	735.187	705556.12
8.81109295112564	60.2477518017986	1103.951	734.665	705556.12
14.1524786780171	71.2174830260136	1123.694	754.703	705556.12
20.9943632045094	77.2933781652975	1098.103	732.292	705556.12
28.9805868155305	83.8313329349337	1125.711	776.538	705556.12
39.7697881841694	93.8891848886521	1147.478	771.005	705556.12
51.4667488266009	99.6954402436478	1147.141	774.479	705556.12
59.4791424166861	99.963460029232	1130.35	805.901	705556.12
65.7551373958901	99.964360028512	1161.881	784.019	705556.12
73.0372515701987	99.999460000432	1134.788	777.941	705556.12
78.6438970848823	100.0	1139.904	795.624	705556.12
