0.000619999504000397	0.0111599910720071	1083.836	718.173	705556.12
0.00161999870400104	0.0289799768160185	1079.518	719.113	705556.12
0.00219999824000141	0.0395999683200253	1082.486	730.014	705556.12
0.00241999806400155	0.0435599651520279	1083.092	718.666	705556.12
0.00480999615200308	0.0863999308800553	1110.775	726.539	705556.12
0.00603999516800387	0.10871991302407	1110.711	729.871	705556.12
0.0114799908160073	0.206279834976132	1110.993	742.986	705556.12
0.0148499881200095	0.267119786304171	1097.183	743.759	705556.12
0.023419981264015	0.420479663616269	1129.901	745.097	705556.12
0.0333299733360213	0.598499521200383	1092.222	727.657	705556.12
0.0412299670160264	0.737279410176472	1087.523	732.771	705556.12
0.073519941184047	1.31363894908884	1078.926	749.501	705556.12
0.105439915648067	1.8674985060012	1092.698	714.67	705556.12
0.154849876120099	2.72789781768175	1089.649	721.274	705556.12
0.258409793272165	4.49801640158688	1104.885	731.967	705556.12
0.268549785160172	4.60133631893094	1102.933	744.652	705556.12
0.600689519448384	10.0652319478144	1092.904	721.919	705556.12
0.911859270512584	14.6957282434174	1118.278	744.652	705556.12
1.18611905110476	18.1418254865396	1098.404	749.31	705556.12
1.88381849294521	26.636018691185	1098.178	726.54	705556.12
2.04481836414531	26.3769988984009	1087.62	746.339	705556.12
3.64690708247433	39.8381081295135	1110.574	727.947	705556.12
7.14934428052458	63.5307691753847	1088.128	760.715	705556.12
7.819513744389	54.5469763624189	1101.065	762.327	705556.12
15.652847477722	78.7290570167544	1110.106	769.13	705556.12
21.5658127473498	79.0600767519386	1132.569	762.619	705556.12
34.413172469462	97.1623022701582	1138.507	791.506	705556.12
42.0841263326989	97.4499420400464	1138.701	804.142	705556.12
51.3748689001049	99.6286602970718	1159.801	786.636	705556.12
59.5340223727821	99.971740022608	1192.748	811.032	705556.12
65.9341872526502	99.974440020448	1157.534	783.505	705556.12
72.9997516001987	99.999460000432	1155.237	790.645	705556.12
78.6553670757063	100.0	1164.833	814.173	705556.12
