0.000829999336000531	0.0149399880480096	1737.072	528.489	705556.12
0.00168999864800108	0.0304199756640195	1774.792	529.745	705556.12
0.00258999792800166	0.0464399628480297	1693.806	528.134	705556.12
0.00339999728000218	0.0610199511840391	1703.107	513.569	705556.12
0.00457999633600293	0.0824399340480528	1737.748	539.699	705556.12
0.00525999579200337	0.0946799242560606	1700.813	526.084	705556.12
0.00744999404000477	0.133739893008086	1733.613	524.598	705556.12
0.0119899904080077	0.214739828208137	1707.914	523.768	705556.12
0.0196599842720126	0.352259718192225	1800.176	536.075	705556.12
0.0376199699040241	0.673919460864431	1749.652	527.212	705556.12
0.0388299689360249	0.694259444592444	1720.562	519.615	705556.12
0.0786299370960503	1.4038188769449	1786.278	533.537	705556.12
0.120399903680077	2.13785828971337	1710.361	523.423	705556.12
0.133279893376085	2.3443181245455	1710.278	508.995	705556.12
0.277509777992178	4.83371613302709	1706.245	520.206	705556.12
0.348909720872223	5.96483522813182	1741.744	530.08	705556.12
0.432949653640277	7.26263418989265	1702.668	524.611	705556.12
0.882719293824565	14.2255686195451	1717.613	531.833	705556.12
1.34280892575286	20.5885635291492	1705.826	523.391	705556.12
1.43411885270492	20.4632836293731	1723.233	523.63	705556.12
2.06966834426532	26.6680586655531	1707.659	522.929	705556.12
4.00738679409056	43.5461051631159	1738.644	526.3	705556.12
4.93823604941116	44.6982842413726	1694.302	517.152	705556.12
10.975781219375	75.7315194147845	1708.849	535.091	705556.12
12.574339940528	64.6077083138333	1774.616	561.697	705556.12
19.9435240451808	74.2220406223675	1793.536	566.33	705556.12
31.9492744405804	90.7597073922341	1715.539	566.25	705556.12
39.4387284490172	93.3634053092757	1795.336	561.873	705556.12
47.9599916320067	97.0550223559821	1824.932	570.074	705556.12
56.7978045617564	99.3102405518076	1730.589	553.201	705556.12
66.6084767132186	99.996940002448	1746.276	566.867	705556.12
73.0190215847827	99.999640000288	1740.826	562.788	705556.12
78.6471170823063	100.0	1749.751	567.984	705556.12
