0.000649999480000416	0.0116999906400075	1667.446	513.498	705556.12
0.00179999856000115	0.0323999740800207	1676.308	506.515	705556.12
0.00252999797600162	0.0455399635680291	1665.647	512.807	705556.12
0.00287999769600184	0.0518399585280332	1675.049	505.918	705556.12
0.0035999971200023	0.0647999481600415	1728.211	515.635	705556.12
0.00591999526400379	0.106379914896068	1644.348	510.867	705556.12
0.0100699919440064	0.181259854992116	1656.705	501.319	705556.12
0.0137899889680088	0.247859801712159	1681.493	502.217	705556.12
0.0248899800880159	0.446579642736286	1664.45	500.727	705556.12
0.0322599741920206	0.57779953776037	1660.175	505.558	705556.12
0.0352499718000226	0.632519493984405	1687.629	513.308	705556.12
0.0507799593760325	0.90593927524858	1697.615	509.634	705556.12
0.122189902248078	2.15387827689738	1686.097	519.582	705556.12
0.124189900648079	2.19887824089741	1700.868	507.555	705556.12
0.242709805832155	4.23431661254671	1677.548	512.576	705556.12
0.393389685288252	6.73199461440431	1694.106	506.549	705556.12
0.638449489240409	10.6991914406468	1730.868	529.204	705556.12
0.795079363936509	12.8350697319442	1690.139	504.579	705556.12
1.33430893255285	20.4037036770371	1651.273	520.384	705556.12
1.78434857252114	25.3004197596642	1710.091	509.079	705556.12
3.05479755616195	38.7527089978328	1650.763	535.601	705556.12
4.05170675863459	43.9937648049882	1717.314	527.817	705556.12
6.76095459123633	59.5353123717501	1704.638	529.6	705556.12
10.4074116740707	70.8054633556293	1739.359	526.322	705556.12
16.8637465090028	86.6683106653515	1755.477	544.252	705556.12
22.1476922818462	80.9200152639878	1730.538	552.472	705556.12
32.9909136072691	93.3760052991958	1709.609	547.452	705556.12
39.4204884636092	93.3353253317397	1671.146	569.19	705556.12
51.6383586893131	99.7787801769759	1637.215	574.134	705556.12
59.5311623750701	99.971920022464	1719.892	586.999	705556.12
66.1098971120823	99.981640014688	1715.043	567.148	705556.12
73.0223115821507	99.999640000288	1657.973	569.544	705556.12
78.6440470847623	100.0	1734.648	623.348	705556.12
