0.000799999360000512	0.0143999884800092	1957.984	1688.362	705556.12
0.00177999857600114	0.0318599745120204	1976.141	1647.917	705556.12
0.00191999846400123	0.0345599723520221	1942.849	1651.84	705556.12
0.00274999780000176	0.0494999604000317	1953.694	1651.808	705556.12
0.00458999632800294	0.0824399340480528	1942.121	1642.581	705556.12
0.00701999438400449	0.126359898912081	1943.129	1632.983	705556.12
0.0106899914480068	0.192059846352123	1946.114	1635.235	705556.12
0.0154799876160099	0.277559777952178	1923.287	1639.262	705556.12
0.021849982520014	0.392759685792251	1944.432	1651.998	705556.12
0.0363999708800233	0.651599478720417	1945.144	1644.247	705556.12
0.0512199590240328	0.914759268192585	1940.265	1634.275	705556.12
0.0821899342480526	1.46591882726494	1958.044	1642.737	705556.12
0.104919916064067	1.86101851118519	1938.176	1645.049	705556.12
0.115999907200074	2.04551836358531	1962.369	1652.634	705556.12
0.176379858896113	3.08159753472197	1946.3	1640.569	705556.12
0.253589797128162	4.35887651289879	1949.923	1642.419	705556.12
0.382429694056245	6.43679485056412	1965.815	1609.849	705556.12
0.571059543152366	9.27323258141393	1959.018	1663.119	705556.12
0.860769311384551	13.3165693467445	1960.486	1634.388	705556.12
1.65624867500106	23.435441251647	1958.848	1643.112	705556.12
3.06215755027396	38.8954488836409	1960.975	1646.706	705556.12
4.46260642991486	48.445341243727	1977.592	1659.436	705556.12
6.10630511495591	53.6811770550584	1967.118	1640.869	705556.12
7.73616381106895	54.0300167759866	1991.68	1676.089	705556.12
16.8433065253548	86.2940909647272	2008.097	1711.918	705556.12
20.1863238509409	74.8214401428479	1979.46	1670.226	705556.12
34.0791827366538	96.2147830281736	2048.598	1734.315	705556.12
43.4523052381558	99.3311205351036	2040.9	1748.544	705556.12
51.7034886372091	99.7978601617119	2088.585	1773.303	705556.12
59.5157923873661	99.964180028656	2085.031	1749.657	705556.12
66.0717871425703	99.974980020016	2069.374	1755.778	705556.12
73.0237815809747	99.998920000864	2075.307	1748.853	705556.12
78.6586770730583	100.0	2096.46	1770.968	705556.12
