0.000869999304000557	0.01565998747201	1937.995	1624.899	705556.12
0.00127999897600082	0.0230399815680147	1977.176	1636.862	705556.12
0.00209999832000134	0.0377999697600242	1959.231	1634.253	705556.12
0.00284999772000182	0.0511199591040327	1913.328	1628.384	705556.12
0.00385999691200247	0.0694799444160445	1934.095	1632.237	705556.12
0.00771999382400494	0.138599889120089	1936.172	1624.278	705556.12
0.0113699909040073	0.204659836272131	1943.578	1646.447	705556.12
0.0165999867200106	0.298439761248191	1928.513	1620.838	705556.12
0.0200499839600128	0.36017971185623	1954.746	1624.769	705556.12
0.026489978808017	0.474299620560304	1915.164	1629.43	705556.12
0.0510499591600327	0.911879270496584	1928.613	1635.411	705556.12
0.0737499410000472	1.31309894952084	1956.575	1634.189	705556.12
0.0786999370400504	1.39697888241689	2012.441	1715.872	705556.12
0.160589871528103	2.82905773675381	1942.589	1651.067	705556.12
0.253459797232162	4.40945647243482	1927.152	1619.836	705556.12
0.389049688760249	6.66575466739627	1932.832	1613.673	705556.12
0.573419541264367	9.59867232106214	1961.084	1652.54	705556.12
0.922979261616591	14.8895880883295	1944.694	1648.601	705556.12
1.38467889225689	21.1962430430056	1950.964	1642.632	705556.12
1.92058846352923	27.1574782740174	1930.478	1652.899	705556.12
3.16943746445003	40.2040478367617	1959.821	1621.705	705556.12
4.8409561272351	52.9228376617299	1966.07	1643.273	705556.12
7.05671435462852	62.542929965656	2045.563	1753.234	705556.12
8.4333632533094	57.785173771861	1964.898	1658.224	705556.12
13.6161291070967	68.734565012348	1992.972	1686.18	705556.12
25.4078996736803	93.741945006444	2015.442	1706.015	705556.12
34.4905524075581	97.3136821490543	2018.076	1708.534	705556.12
41.9041864766508	97.1336822930542	2019.175	1707.507	705556.12
51.8174185460652	99.8489801208159	2053.249	1734.277	705556.12
58.4819632144294	99.7876001699199	2064.836	1763.652	705556.12
66.4541868366505	99.989740008208	2066.525	1756.763	705556.12
73.0633615493108	99.999280000576	2069.579	1768.619	705556.12
78.6486970810423	100.0	2101.929	1802.877	705556.12
