0.00105999915200068	0.0190799847360122	1991.467	1672.938	705556.12
0.00200999839200129	0.035999971200023	1965.898	1641.284	705556.12
0.00283999772800182	0.0511199591040327	1999.517	1679.864	705556.12
0.00398999680800255	0.071819942544046	2026.554	1679.878	705556.12
0.00600999519200385	0.108179913456069	1986.061	1671.327	705556.12
0.00884999292000566	0.159119872704102	1998.27	1663.792	705556.12
0.0134099892720086	0.241379806896154	1960.397	1672.074	705556.12
0.0191399846880123	0.34415972467222	1983.977	1665.327	705556.12
0.0278399777280178	0.49967960025632	1963.44	1670.542	705556.12
0.0418099665520268	0.75023939980848	1975.829	1659.295	705556.12
0.0636699490640407	1.14011908790473	1976.234	1662.085	705556.12
0.0934999252000598	1.66913866468907	2011.057	1661.178	705556.12
0.143079885536092	2.54555796355363	1972.577	1654.677	705556.12
0.209609832312134	3.70709703432237	1980.878	1679.367	705556.12
0.320149743880205	5.61221551022759	2032.139	1677.252	705556.12
0.475289619768304	8.22275342179726	1996.739	1655.808	705556.12
0.705859435312452	11.9978904016877	1976.214	1675.063	705556.12
1.06944914444068	17.5773459381232	1992.799	1684.5	705556.12
1.60000871999302	25.1772998581601	1992.071	1679.699	705556.12
2.39358808512953	35.3593517125186	1999.279	1696.933	705556.12
3.60483711613031	48.389181288655	1998.407	1680.175	705556.12
5.38329569336345	63.0678095457524	1985.226	1662.341	705556.12
8.10547351562119	78.176277458978	2029.906	1713.668	705556.12
12.1478502817198	90.2708277833378	2035.608	1737.619	705556.12
18.2279554176357	97.3102621517903	2016.803	1693.679	705556.12
27.2956181635055	99.6725802619358	2019.233	1699.78	705556.12
37.3010301591759	99.977500018	2071.426	1767.827	705556.12
47.3104321516543	99.998740001008	2059.786	1741.778	705556.12
57.3015041587967	100.0	2102.7	1778.852	705556.12
67.3255061395951	100.0	2066.84	1763	705556.12
77.3216781426575	100.0	2046.693	1697.878	705556.12
87.3164701468239	100.0	2043.935	1705.648	705556.12
97.3234621412303	100.0	2075.323	1741.332	705556.12
