0.000979999216000627	0.0176399858880113	1021.862	713.63	705556.12
0.00194999844000125	0.0350999719200225	944.196	709.565	705556.12
0.00285999771200183	0.0514799588160329	987.755	727.525	705556.12
0.00388999688800249	0.0696599442720446	1002.946	722.711	705556.12
0.00548999560800351	0.0988199209440632	965.432	724.515	705556.12
0.00906999274400581	0.163259869392104	971.895	697.612	705556.12
0.0130599895520084	0.23507981193615	1020.002	724.254	705556.12
0.0193099845520124	0.347399722080222	949.713	675.615	705556.12
0.0283499773200181	0.509219592624326	1011.696	730.044	705556.12
0.0418399665280268	0.74933940052848	983.425	730.289	705556.12
0.0636399490880407	1.13975908819273	974.944	726.861	705556.12
0.0948799240960607	1.69343864524908	1001.918	690.459	705556.12
0.139109888712089	2.47481802014558	983.543	726.536	705556.12
0.208909832872134	3.69755704195437	987.061	723.067	705556.12
0.315329747736202	5.52725557819554	1008.732	718.89	705556.12
0.472529621976302	8.17559345952523	1026.738	744.408	705556.12
0.713599429120457	12.0857303314157	983.127	719.878	705556.12
1.06601914718468	17.5179459856432	975.234	677.261	705556.12
1.59148872680902	25.1043999164801	1068.459	766.522	705556.12
2.39497808401753	35.3438717249026	995.121	723.995	705556.12
3.60446711642631	48.388641289087	1128.209	725.945	705556.12
5.38868568905145	63.1297294962164	989.722	742.27	705556.12
8.08564353148518	78.07313754149	1015.465	705.9	705556.12
12.1207403034078	90.2542677965858	1052.835	756.133	705556.12
18.2032054374356	97.3225021419983	1093.759	771.666	705556.12
27.2970781623375	99.6860802511358	1082.639	774.031	705556.12
37.2940301647759	99.97570001944	1077.578	814.85	705556.12
47.2840121727903	99.998740001008	1171.679	835.587	705556.12
57.2830341735727	100.0	1176.046	841.023	705556.12
67.2950661639471	100.0	1128.423	827.079	705556.12
77.2935681651455	100.0	1154.648	831.508	705556.12
87.2988401609279	100.0	1200.854	844.983	705556.12
97.3196921442463	100.0	1162.011	826.344	705556.12
