0.00106999914400068	0.0192599845920123	2501.326	723.658	705556.12
0.00223999820800143	0.0403199677440258	2523.383	735.442	705556.12
0.003119997504002	0.0561599550720359	2509.899	728.302	705556.12
0.0040699967440026	0.0732599413920469	2493.472	710.836	705556.12
0.00585999531200375	0.105479915616068	2555.723	726.78	705556.12
0.00872999301600559	0.157139874288101	2529.366	737.992	705556.12
0.0126199899040081	0.226799818560145	2610.03	757.352	705556.12
0.0197999841600127	0.356039715168228	2529.756	721.01	705556.12
0.0285799771360183	0.513359589312329	2538.33	726.151	705556.12
0.0407199674240261	0.730439415648467	2515.127	754.226	705556.12
0.0635099491920406	1.13669909064073	2552.857	713.744	705556.12
0.09374992500006	1.67651865878507	2540.514	742.585	705556.12
0.14057988753609	2.5016379986896	2502.665	718.19	705556.12
0.211909830472136	3.7429170056664	2511.538	726.733	705556.12
0.316559746752203	5.55119555904355	2524.451	741.274	705556.12
0.471859622512302	8.16389346888523	2478.803	704.816	705556.12
0.710789431368455	12.0355103715917	2543.352	718.527	705556.12
1.06350914919268	17.5301859758512	2565.194	724.593	705556.12
1.59763872188902	25.1648798680961	2541.233	719.066	705556.12
2.40139807888154	35.4430516455587	2515.484	721.778	705556.12
3.5919771264183	48.3105213515829	2506.88	728.581	705556.12
5.38854568916345	63.1369294904564	2501.161	704.243	705556.12
8.07632353894117	78.058377553298	2539.466	739.128	705556.12
12.1397802881758	90.2540877967298	2576.506	760.647	705556.12
18.2013754388996	97.3315021347983	2582.827	781.308	705556.12
27.2973481621215	99.6857202514238	2612.037	793.969	705556.12
37.2855401715679	99.977140018288	2615.549	819.879	705556.12
47.2935621651503	99.99910000072	2648.177	838.534	705556.12
57.2917141666287	100.0	2624.878	802.853	705556.12
67.3161861470511	100.0	2696.486	838.563	705556.12
77.2947481642015	100.0	2702.986	831.637	705556.12
87.3037801569759	100.0	2738.378	856.51	705556.12
97.3016321586943	100.0	2697.333	831.142	705556.12
