0.000869999304000557	0.0154799876160099	2632.639	527.615	705556.12
0.0020299983760013	0.0365399707680234	2621.078	508.733	705556.12
0.00289999768000186	0.0521999582400334	2650.486	525.199	705556.12
0.00393999684800252	0.0700199439840448	2669.814	534.287	705556.12
0.00601999518400385	0.107099914320069	2617.47	515.297	705556.12
0.009369992504006	0.163619869104105	2648.742	535.803	705556.12
0.0127799897760082	0.223199821440143	2625.574	514.349	705556.12
0.0186099851120119	0.320219743824205	2660.21	522.98	705556.12
0.0277899777680178	0.470879623296301	2659.162	522.352	705556.12
0.0428499657200274	0.701459438832449	2647.805	513.244	705556.12
0.0628599497120402	0.975599219520624	2625.034	518.804	705556.12
0.0956499234800612	1.38923888860889	2635.198	529.095	705556.12
0.14057988753609	1.84193852644918	2662.542	516.068	705556.12
0.208809832952134	2.41667806665755	2628.685	514.949	705556.12
0.315639747488202	3.00869759304193	2633.054	497.474	705556.12
0.473959620832303	3.62483710013032	2665.443	513.822	705556.12
0.711699430640455	4.13891668886665	2644.072	511.217	705556.12
1.07046914362469	4.62563629949096	2648.29	502.143	705556.12
1.60015871987302	5.23457581233935	2611.609	518.396	705556.12
2.40082807933754	6.03449517240386	2653.668	522.349	705556.12
3.5969171224663	7.25273419781264	2638.006	506.04	705556.12
5.39503568397145	9.0572327542138	2634.4	512.807	705556.12
8.09281352574918	11.7466106027115	2664.294	510.751	705556.12
12.1381602894718	15.7769873784101	2653.942	526.249	705556.12
18.2080154335877	21.836502530798	2683.698	522.698	705556.12
27.1930082455934	29.9377560497952	2669.691	515.661	705556.12
37.3059201552639	40.9456472434822	2659.582	560.286	705556.12
47.3062721549823	50.9493192405446	2619.708	552.329	705556.12
57.0752243398205	59.4958924032861	2644.308	535.554	705556.12
67.3119961504031	70.9476632418694	2632.776	544.582	705556.12
77.3090981527215	80.9502552397958	2637.137	549.063	705556.12
87.3059901552079	90.9692272246182	2648.014	552.04	705556.12
97.2189122248702	99.8819200944639	2630.621	545.954	705556.12
