0.000799999360000512	0.0143999884800092	2659.66	505.319	705556.12
0.00177999857600114	0.0320399743680205	2634.379	518.514	705556.12
0.00237999809600152	0.0424799660160272	2628.095	528.058	705556.12
0.00392999685600252	0.070379943696045	2612.237	514.162	705556.12
0.00613999508800393	0.10889991288007	2662.928	503.416	705556.12
0.0088999928800057	0.157139874288101	2674.639	510.811	705556.12
0.0131299894960084	0.227699817840146	2611.491	514.158	705556.12
0.0192699845840123	0.331379734896212	2616.752	520.724	705556.12
0.0286199771040183	0.482939613648309	2606.378	516.338	705556.12
0.042159966272027	0.683819452944438	2659.418	506.573	705556.12
0.0622399502080398	0.973259221392623	2664.762	517.827	705556.12
0.0916399266880586	1.33721893022486	2631.322	533.27	705556.12
0.14107988713609	1.85093851924918	2636.874	504.828	705556.12
0.212019830384136	2.42657805873755	2632.151	511.341	705556.12
0.315069747944202	3.04541756366595	2632.351	511.395	705556.12
0.470609623512301	3.58289713368229	2634.416	584.882	705556.12
0.709929432056454	4.08239673408261	2610.614	519.678	705556.12
1.06272914981668	4.63625629099497	2672.3	526.409	705556.12
1.59950872039302	5.22323582141134	2633.068	509.484	705556.12
2.39619808304153	6.06311514950788	2672.725	526.403	705556.12
3.5936471250823	7.24571420342864	2655.027	524.197	705556.12
5.39809568152346	9.03347277322178	2611.24	506.905	705556.12
8.08799352960518	11.7259106192715	2602.241	520.31	705556.12
11.9686104251117	14.5688283449373	2659.346	524.231	705556.12
18.2019854384117	21.843522525182	2654.168	511.163	705556.12
27.2677381858095	30.3985556811555	2641.89	544.127	705556.12
37.3102501517999	40.9425872459302	2610.906	528.436	705556.12
47.3060221551823	50.9601192319046	2595.599	534.186	705556.12
57.3093141525487	60.949391240487	2626.373	545.85	705556.12
67.3099461520431	70.9395632483494	2641.506	539.1	705556.12
77.3067081546335	80.9653752276998	2664.512	530.886	705556.12
87.2377002098398	90.2029678376257	2637.039	542.791	705556.12
97.2028422377262	99.8261201391039	2649.167	545.617	705556.12
