0.000939999248000602	0.0169199864640108	2664.74	506.365	705556.12
0.00177999857600114	0.0318599745120204	2653.703	503.289	705556.12
0.003129997496002	0.0557999553600357	2642.645	506.749	705556.12
0.00373999700800239	0.0667799465760427	2613.218	508.719	705556.12
0.00584999532000374	0.103679917056066	2636.311	508.894	705556.12
0.00915999267200586	0.161819870544104	2665.025	526.764	705556.12
0.0137099890320088	0.239219808624153	2626.566	505.332	705556.12
0.0193399845280124	0.333719733024214	2661.072	517.361	705556.12
0.0285299771760183	0.477179618256305	2609.192	518.908	705556.12
0.0436099651120279	0.700559439552448	2635.518	512.27	705556.12
0.0632799493760405	0.996119203104638	2617.455	498.744	705556.12
0.0931299254960596	1.36403890876887	2622.103	505.256	705556.12
0.14025988779209	1.85399851680119	2629.002	503.365	705556.12
0.206119835104132	2.33297813361749	2627.397	520.115	705556.12
0.315609747512202	3.01589758728193	2671.469	513.359	705556.12
0.474829620136304	3.60521711582631	2641.001	501.742	705556.12
0.711099431120455	4.11713670629064	2650.199	498.769	705556.12
1.06779914576068	4.61447630841895	2660.17	505.668	705556.12
1.59474872420102	5.21315582947534	2627.816	509.945	705556.12
2.40640807487354	6.01451518838785	2586.49	503.403	705556.12
3.5987071210343	7.25615419507664	2593.681	519.165	705556.12
5.39112568709945	9.04031276774979	2668.516	509.461	705556.12
8.08812352950118	11.7127706297835	2680.469	509.016	705556.12
12.1368702905038	15.7870673703461	2664.943	508.253	705556.12
18.2074654340277	21.850722519422	2637.672	508.968	705556.12
27.3054281556575	30.9327952537638	2608.896	543.281	705556.12
37.3095801523359	40.9478072417542	2635.548	531.119	705556.12
47.3147421482063	50.9473392421286	2606.027	515.083	705556.12
57.3064741548207	60.956411234871	2636.085	553.482	705556.12
67.3136861490511	70.9561232351014	2648.751	553.774	705556.12
77.3086681530655	80.9686152251078	2589.46	560.376	705556.12
86.9536404370877	89.2313286149371	2633.814	555.14	705556.12
97.1989022408782	99.8151401478879	2640.601	552.964	705556.12
