0.00107999913600069	0.0194399844480124	2625.436	518.304	705556.12
0.00221999822400142	0.0397799681760255	2658.948	493.513	705556.12
0.00289999768000186	0.0518399585280332	2653.439	502.367	705556.12
0.00385999691200247	0.0683999452800438	2667.363	504.362	705556.12
0.00626999498400401	0.111239911008071	2654.63	501.083	705556.12
0.0090599927520058	0.160199871840103	2680.186	503.696	705556.12
0.0126399898880081	0.221219823024142	2661.668	520.68	705556.12
0.018769984984012	0.322379742096206	2669.407	489.761	705556.12
0.028169977464018	0.472499622000302	2653.563	509.38	705556.12
0.0415999667200266	0.675539459568432	2712.795	497.018	705556.12
0.0639199488640409	0.995759203392637	2613.231	489.109	705556.12
0.0947499242000606	1.37627889897688	2724.151	502.35	705556.12
0.138629889096089	1.83815852947318	2651.007	508.048	705556.12
0.211259830992135	2.42945805643356	2683.729	524.198	705556.12
0.244919804064157	2.1922182462254	2653.963	499.652	705556.12
0.472749621800303	3.57209714232229	2691.458	498.885	705556.12
0.708249433400453	4.13387669289865	2700.916	519.739	705556.12
1.06934914452068	4.61735630611495	2708.813	499.953	705556.12
1.60183871852903	5.23727581017935	2640.38	491.663	705556.12
2.39715808227353	6.03683517053186	2702.767	518.987	705556.12
3.5959371232503	7.22123422301262	2697.604	507.698	705556.12
5.39079568736345	9.04013276789379	2661.236	504.284	705556.12
8.09090352727718	11.7376106099115	2614.101	501.937	705556.12
12.1367702905838	15.7973273621381	2694.065	504.942	705556.12
18.2042354366117	21.843882524894	2688.324	526.999	705556.12
27.3112981509615	30.9408952472838	2702.222	526.164	705556.12
37.3023201581439	40.9476272418982	2705.802	529.245	705556.12
46.9670524263581	49.2504805996155	2706.208	538.548	705556.12
57.3118441505247	60.935171251863	2654.907	552.395	705556.12
67.3080661535471	70.9381232495014	2703.804	546.307	705556.12
77.3113081509535	80.9518752384998	2646.598	549.106	705556.12
87.3066001547199	90.9287272570182	2627.425	586.77	705556.12
97.0591423526861	99.4245404603676	2752.316	579.577	705556.12
