0.00106999914400068	0.0192599845920123	2638.261	718.281	705556.12
0.00150999879200097	0.0269999784000173	2627.858	705.299	705556.12
0.00307999753600197	0.0552599557920354	2662.993	686.35	705556.12
0.00396999682400254	0.070379943696045	2619.514	744.682	705556.12
0.00511999590400328	0.0912599269920584	2611.457	690.201	705556.12
0.00857999313600549	0.150479879616096	2612.264	703.359	705556.12
0.0129899896080083	0.226439818848145	2692.959	692.617	705556.12
0.0190899847280122	0.327059738352209	2637.324	719.431	705556.12
0.0283199773440181	0.474659620272304	2628.769	707.813	705556.12
0.0424599660320272	0.691019447184442	2650.144	698.248	705556.12
0.0637599489920408	0.988559209152633	2639.274	721.27	705556.12
0.0942099246320603	1.36205891035287	2681.011	691.409	705556.12
0.142639885888091	1.8723585021132	2633.293	724.158	705556.12
0.210149831880135	2.41667806665755	2643.433	718.93	705556.12
0.317149746280203	3.01931758454593	2654.251	701.276	705556.12
0.473049621560303	3.62681709854632	2655.332	735.453	705556.12
0.711119431104455	4.11965670427464	2664.016	701.716	705556.12
1.06828914536868	4.63967628825897	2667.161	714.769	705556.12
1.59755872195302	5.23007581593935	2579.94	714.037	705556.12
2.39701808238553	6.03917516865986	2624.885	692.3	705556.12
3.5966471226823	7.24031420774863	2664.366	719.288	705556.12
5.39524568380345	9.03347277322178	2628.231	712.632	705556.12
8.09201352638918	11.7293306165355	2640.213	716.768	705556.12
12.1367802905758	15.7813073749541	2662.554	727.837	705556.12
18.1947654441876	21.6903426477259	2623.595	733.077	705556.12
27.3122981501615	30.9743752204998	2626.83	737.586	705556.12
37.3146801482559	40.9557272354182	2658.843	708.046	705556.12
47.3120821503343	50.9637192290246	2646.768	737.653	705556.12
57.3098541521167	60.950111239911	2658.716	749.114	705556.12
67.3149961480031	70.9635032291974	2620.173	725.343	705556.12
77.3084781532175	80.9632152294278	2604.637	741.824	705556.12
87.3073001541599	90.9602272318182	2674.307	732.379	705556.12
97.1887922489662	99.7811201751039	2666.777	728.146	705556.12
