0.000869999304000557	0.01565998747201	22.87	0.85	363.27
0.00126999898400081	0.0228599817120146	29.376	0.929	588.97
0.00180999855200116	0.0325799739360208	37.779	0.978	809.92
0.00353999716800227	0.0637199490240408	63.808	1.12	1453.49
0.004689996248003	0.084419932464054	84.392	1.21	1886.55
0.00725999419200465	0.130679895456084	123.651	1.506	2894.65
0.0104799916160067	0.188639849088121	176.334	1.808	4033.06
0.0163699869040105	0.294299764560188	259.624	2.265	6709.65
0.0244699804240157	0.439199648640281	384.145	2.82	9268.14
0.0346199723040222	0.617939505648396	514.191	3.735	11934.54
0.0349399720480224	0.627839497728402	538.396	3.916	13698.86
0.0839199328640537	1.49471880422496	1147.867	7.623	30494.82
0.114999908000074	2.04137836689731	1445.311	10.281	39170.1
0.182939853648117	3.22199742240206	2050.495	15.756	62601.37
0.197059842352126	3.4367372506102	1823.202	17.187	72197.29
0.396609682712254	6.79715456227635	2842.716	33.697	124327.1
0.566379546896362	9.47285242171806	2794.387	47.559	153260.63
0.73407941273647	11.8542505165996	2849.644	98.19	295042.98
1.35918891264887	19.4331444534844	2963.747	166.565	416706.18
1.39822888141689	21.4363628509097	3734.859	173.446	443582.21
1.98418841264927	25.6429594856324	3147.509	224.198	508468.73
3.01177759057793	33.6254130996695	3400.48	292.656	610053.1
7.39645408283673	66.2190670247464	2396.982	618.599	740588.89
9.2153326277339	62.436370050904	4295.787	593.028	738077.25
16.9966864026509	87.5926099259121	2751	844.716	734005.15
25.6341994926404	95.0170639863488	2884.448	957.887	753582.53
31.6624346700523	89.9167680665855	2892.088	987.249	766190.81
43.4520552383558	99.3419205264636	3026.301	1069.955	792991.33
48.9713108229513	97.9663616269107	3051.714	1065.944	804952.75
56.309204952636	99.1298806960954	3084.878	1082.847	821081.36
66.3440669247465	99.985240011808	3162.176	1145.629	843433.79
72.4683520253184	99.996580002736	3149.418	1145.878	856651.46
78.6561770750583	100.0	3183.136	1162.882	870282.91
