0.000769999384000493	0.0138599889120089	21.654	0.854	335.49
0.0013999988800009	0.0251999798400161	34.293	0.906	581.07
0.00235999811200151	0.0424799660160272	52.154	0.958	979.12
0.00350999719200225	0.0631799494560404	71.983	1.087	1414.3
0.00460999631200295	0.0829799336160531	94.632	1.252	1835.92
0.00813999348800521	0.145979883216093	155.562	1.466	3438.05
0.0084299932560054	0.151379878896097	164.197	1.566	3153.12
0.00988999208800633	0.177479858016114	186.105	1.609	3883.56
0.017129986296011	0.306899754480196	308.798	2.353	7282.71
0.0363899708880233	0.652319478144417	636.17	4.21	14266.32
0.0524199580640336	0.935819251344599	878.975	5.378	18677.44
0.0795699363440509	1.41929886456091	1296.928	8.155	28721.08
0.0946699242640606	1.68083865532908	1420.383	8.821	36458.63
0.183039853568117	3.22793741765007	2404.326	16.063	65030.55
0.183329853336117	3.19877744097805	2118.672	16.504	61738.03
0.279849776120179	4.80851615318708	2582.665	24.716	88915.27
0.409459672432262	6.8741945006444	3036.674	33.727	125742.14
0.668819464944428	10.8073713541029	3843.926	54.286	278546.82
1.42558885952891	21.881142495086	5820.985	170.317	442245.22
2.07280834175333	29.3642765085788	6151.836	244.169	538501.27
2.94189764648188	32.9840736127411	4854.205	290.207	607036.11
3.09967752025798	39.3472485222012	6305.27	348.348	631042.54
5.76016539186769	50.8234993412005	5662.888	468.272	726659.48
11.2209810232152	77.9345376523699	3885.638	748.214	721381.43
15.2786277770978	76.597138722289	3578.505	735.584	730005.51
25.6230495015604	94.9515440387648	3432.804	1001.194	753597.1
34.323622541102	96.932802453758	3369.123	1005.409	772732.85
42.197836241731	97.5948419241265	3363.181	992.428	789651.44
48.9732608213913	97.9685216251827	3413.088	1047.331	804959.17
58.2094934324053	99.7157802273758	3331.116	1114.945	825604.4
66.0380171695863	99.975160019872	3372.579	1102.62	842571.15
73.0632515493988	99.999460000432	3369.824	1145.735	858111.01
78.6632870693703	100.0	3347.862	1190.256	870257.83
