0.000479999616000307	0.00863999308800553	14.711	0.718	232.14
0.00168999864800108	0.0304199756640195	34.747	0.936	723.2
0.00228999816800147	0.0412199670240264	45.079	0.93	979.12
0.00320999743200205	0.0575999539200369	58.593	1.023	1245.97
0.00324999740000208	0.0584999532000374	59.179	0.958	1140.11
0.00723999420800463	0.130139895888083	123.197	1.402	2894.65
0.0112999909600072	0.20321983742413	184.635	1.688	4519.09
0.0115599907520074	0.208079833536133	188.422	1.693	4209.22
0.0148699881040095	0.267119786304171	238.761	1.929	5421.97
0.0258499793200165	0.463859628912297	400.607	2.781	9141.33
0.0325299739760208	0.583199533440373	490.608	3.392	11934.54
0.051569958744033	0.918359265312588	714.349	4.82	17544.66
0.120219903824077	2.12831829734536	1485.151	10.047	42005.7
0.12426990058408	2.1893382485294	1375.046	10.209	42518.19
0.206409834872132	3.5895571283543	1863.315	16.809	76567.38
0.297939761648191	5.10839591328327	2099.047	24.031	103337.33
0.466059627152298	7.78787376970098	2456.723	35.361	153951.65
0.694009444792444	11.1983310413352	2700.91	54.054	293288.92
0.961469230824615	14.7711481830815	2783.93	103.98	331680.71
2.10496831602535	29.8907760873791	4079.028	262.327	542077.09
2.53851796918562	32.0640943487245	3619.412	273.538	574791.01
2.9720176223859	33.2538933968853	3365.806	286.82	608355.09
6.13165509467592	53.8370569303545	4342.785	499.778	728719.45
7.39447408442073	52.2589981928014	4099.546	470.606	740886.11
16.1559270752583	81.7323546141163	2607.599	773.994	732332.77
22.8545017163986	83.1401334878932	2728.155	858.592	746489.72
33.9743228205417	95.9680032255974	2956.315	2402.16	771800.73
37.503829996936	90.1907278474177	2849.763	937.051	779108.58
50.1618498705201	98.8870608903513	3005.082	2478.758	807593.73
58.4703732237014	99.7750001799999	3018.64	2514.421	826167.91
65.4678476257219	99.947260042192	3088.002	2550.377	841346.59
72.9402916477667	99.99910000072	3126.289	2603.406	857701.65
78.6510770791383	100.0	3151	2679.079	870289.6
