0.00117999905600076	0.0212399830080136	4265.731	852.922	705556.12
0.00136999890400088	0.0244799804160157	4078.804	852.056	705556.12
0.00313999748800201	0.0563399549280361	4072.556	831.631	705556.12
0.00400999679200257	0.0710999431200455	4041.282	829.62	705556.12
0.00580999535200372	0.102239918208065	4100.826	840.453	705556.12
0.00900999279200577	0.158579873136102	4187.418	842.218	705556.12
0.0132499894000085	0.230579815536148	4033.059	843.6	705556.12
0.0191299846960122	0.32885973691221	4067.691	855.701	705556.12
0.0268199785440172	0.45323963740829	4049.796	852.634	705556.12
0.0416999666400267	0.674279460576432	4052.4	850.691	705556.12
0.06249995000004	0.962459230032616	4160.426	832.45	705556.12
0.0939999248000602	1.36853890516888	4070.799	860.052	705556.12
0.14067988745609	1.84553852356918	4082.31	828.556	705556.12
0.210759831392135	2.41163807068954	4161.223	848.579	705556.12
0.318449745240204	3.02741757806594	4060.351	844.139	705556.12
0.473599621120303	3.5954971236023	4130.004	833.947	705556.12
0.713889428888457	4.12073670341064	4207.634	850.641	705556.12
1.07029914376069	4.63085629531496	4058.854	838.159	705556.12
1.59553872356902	5.22071582342734	4262.718	857.397	705556.12
2.39490808407353	6.02441518046786	4076.105	842.915	705556.12
3.5952971237623	7.24391420486864	4135.27	849.431	705556.12
5.39543568365145	9.03113277509378	4076.575	835.649	705556.12
8.09487352410118	11.7403106077515	4256.632	878.378	705556.12
12.1004403196477	15.2949477640418	4060.489	857.267	705556.12
18.2121154303077	21.836322530942	4019.87	863.502	705556.12
27.3040481567615	30.9452152438278	4223.82	866.097	705556.12
37.3100701519439	40.9559072352742	4242.106	900.513	705556.12
47.3126121499103	50.9469792424166	4108.696	872.152	705556.12
57.3155441475647	60.949931240055	4193.252	892.538	705556.12
67.3007761593791	70.7601033919173	4191.006	935.459	705556.12
77.3107381514095	80.9471952422438	4155.638	928.412	705556.12
87.3091001527199	90.9510472391622	4175.338	914.556	705556.12
97.1488022809582	99.6490002807998	4131.513	945.615	705556.12
