0.00100999919200065	0.0178199857440114	2533.663	650.12	705556.12
0.00196999842400126	0.0354599716320227	2502.637	645.633	705556.12
0.00324999740000208	0.0581399534880372	2531.312	641.367	705556.12
0.00397999681600255	0.0707399434080453	2494.782	640.84	705556.12
0.00579999536000371	0.102959917632066	2523.15	639.628	705556.12
0.00666999466400427	0.116999906400075	2512.303	641.608	705556.12
0.00904999276000579	0.158039873568101	2496.09	645.836	705556.12
0.0189599848320121	0.323459741232207	2532.942	654.4	705556.12
0.0276599778720177	0.469799624160301	2513.764	653.57	705556.12
0.0403699677040258	0.663659469072425	2512.917	665.848	705556.12
0.0632199494240405	0.979379216496627	2530.541	650.663	705556.12
0.0938799248960601	1.37645889883288	2496.968	642.211	705556.12
0.139729888216089	1.84301852558518	2499.156	635.527	705556.12
0.210669831464135	2.41595806723355	2507.085	647.87	705556.12
0.315679747456202	3.03785756971394	2517.631	640.423	705556.12
0.474419620464304	3.5981971214423	2518.853	644.408	705556.12
0.710929431256455	4.14359668512265	2505.18	647.842	705556.12
1.06500914799268	4.64147628681897	2525.063	679.922	705556.12
1.58986872810502	5.04737596209923	2494.471	665.416	705556.12
2.39975808019354	6.02153518277185	2513.17	651.95	705556.12
3.5958971232823	7.25255419795664	2507.568	649.21	705556.12
5.39852568117946	9.03113277509378	2495.923	652.153	705556.12
8.09320352543718	11.7217706225835	2507.561	656.585	705556.12
12.0466803626557	14.9207280634175	2514.503	666.343	705556.12
18.2089554328357	21.844602524318	2498.518	678.601	705556.12
27.3058781552975	30.9331552534758	2509.441	693.721	705556.12
37.3107001514399	40.9467272426182	2519.978	691.516	705556.12
47.3126121499103	50.9345592523526	2503.219	714.525	705556.12
57.0709043432765	59.5057923953661	2526.883	736.357	705556.12
67.3131261494991	70.9390232487814	2520.744	744.233	705556.12
77.3082081534335	80.9536752370598	2521.663	774.502	705556.12
87.3115201507839	90.9658072273542	2518.715	795.519	705556.12
97.1086723130621	99.5528803576957	2523.974	817.064	705556.12
