0.0010899991280007	0.0194399844480124	2540.391	1179.458	705556.12
0.00225999819200145	0.0404999676000259	2534.972	1195.709	705556.12
0.00306999754400196	0.0543599565120348	2526.165	1223.291	705556.12
0.00401999678400257	0.0719999424000461	2571.624	1194.666	705556.12
0.00541999566400347	0.0966599226720619	2527.663	1192.558	705556.12
0.0088999928800057	0.157679873856101	2529.61	1205.09	705556.12
0.0125899899280081	0.220859823312141	2539.692	1214.827	705556.12
0.018769984984012	0.324899740080208	2541.516	1213.781	705556.12
0.0288099769520184	0.487079610336312	2534.222	1189.093	705556.12
0.0424199660640271	0.683999452800438	2525.591	1194.071	705556.12
0.0632699493840405	0.982259214192629	2541.141	1198.534	705556.12
0.0939699248240601	1.36475890819287	2525.806	1212.196	705556.12
0.14093988724809	1.85651851478519	2526.156	1167.738	705556.12
0.211049831160135	2.43917804865756	2530.2	1184.905	705556.12
0.316309746952202	3.00599759520192	2528.83	1180.399	705556.12
0.469579624336301	3.5891971286423	2551.129	1235.633	705556.12
0.706819434544452	4.13531669174665	2526.011	1214.943	705556.12
1.06541914766468	4.63409629272297	2546.125	1219.298	705556.12
1.60072871941702	5.19875584099533	2549.111	1213.662	705556.12
2.40369807704154	6.04313516549187	2537.512	1214.067	705556.12
3.5985771211383	7.23311421350863	2542.044	1195.696	705556.12
5.39439568448345	9.02321278142978	2518.578	1229.891	705556.12
8.09423352461318	11.7350906119275	2534.97	1223.286	705556.12
12.1391802886558	15.8018273585381	2534.462	1226.988	705556.12
18.2020054383956	21.841902526478	2531.241	1207.671	705556.12
27.2963781628975	30.8098553521157	2522.732	1243.438	705556.12
37.3029401576479	40.8169473464421	2549.067	1245.933	705556.12
47.3049921560063	50.9552592357926	2535.101	1257.474	705556.12
57.3158941472847	60.946691242647	2533.309	1270.399	705556.12
66.9591964326429	69.2216446226843	2536.638	1298.851	705556.12
77.3012081590335	80.9684352252518	2558.064	1277.828	705556.12
87.3075901539279	90.9506872394502	2534.956	1299.066	705556.12
97.0952523237981	99.5012203990237	2538.522	1290.891	705556.12
