0.000829999336000531	0.0149399880480096	4415.807	791.536	705556.12
0.00198999840800127	0.0356399714880228	4418.45	794.933	705556.12
0.00331999734400212	0.0595799523360381	4452.41	799.832	705556.12
0.00369999704000237	0.0662399470080424	4471.589	803.84	705556.12
0.00601999518400385	0.106559914752068	4402.584	804.485	705556.12
0.00885999291200567	0.1562398750081	4375.366	778.276	705556.12
0.0129399896480083	0.224999820000144	4393.617	798.664	705556.12
0.0185599851520119	0.317699745840203	4463.883	810.068	705556.12
0.0284099772720182	0.476819618544305	4443.704	788.082	705556.12
0.0423599661120271	0.686699450640439	4352.578	826.035	705556.12
0.0614999508000394	0.961019231184615	4435.766	793.716	705556.12
0.0936099251120599	1.37231890214488	4440.27	796.931	705556.12
0.102379918096066	1.30679895456084	4486.625	814.315	705556.12
0.212439830048136	2.44853804116957	4412.449	797.244	705556.12
0.279639776288179	2.53007797593762	4462.048	814.462	705556.12
0.472819621744303	3.5992771205783	4411.49	802.304	705556.12
0.713679429056457	4.14809668152265	4345.623	792.149	705556.12
1.06267914985668	4.62023630381096	4348.372	783.646	705556.12
1.60206871834503	5.22503581997134	4428.975	799.327	705556.12
2.39959808032154	6.04079516736387	4401.008	801.072	705556.12
3.5992671205863	7.23149421480463	4426.277	797.926	705556.12
5.39258568593145	9.04301276558979	4373.86	826.008	705556.12
8.08919352864518	11.7439106048715	4420.677	812.27	705556.12
12.1391702886638	15.7764473788421	4406.358	808.256	705556.12
18.2116454306837	21.862602509918	4479.496	837.175	705556.12
27.3096781522575	30.9700552239558	4449.84	851.291	705556.12
37.3118601505119	40.9476272418982	4466.896	853.959	705556.12
47.3138321489343	50.9541792366566	4529.069	877.771	705556.12
57.3130641495487	60.964691228247	4483.77	888.156	705556.12
67.3109361512511	70.9339832528134	4527.192	905.746	705556.12
77.3120781503375	80.9606952314438	4667.182	946.055	705556.12
87.3147901481679	90.9145072683942	4607.604	949.968	705556.12
96.9692524245981	99.2299606160315	4592.259	958.494	705556.12
