0.00111999910400072	0.0201599838720129	4786.901	747.449	705556.12
0.00214999828000138	0.0379799696160243	4905.946	772.357	705556.12
0.00305999755200196	0.0541799566560347	4908.976	756.689	705556.12
0.00322999741600207	0.0574199540640368	4929.087	777.46	705556.12
0.00582999533600373	0.104039916768067	4999.896	767.801	705556.12
0.00851999318400545	0.150119879904096	4952.65	753.13	705556.12
0.0131799894560084	0.230399815680147	4999.497	747.042	705556.12
0.0189399848480121	0.32795973763221	4863.119	757.494	705556.12
0.0291799766560187	0.490679607456314	4859.579	757.042	705556.12
0.042259966192027	0.690299447760442	4820.363	750.959	705556.12
0.0635499491600407	0.989459208432633	4917.449	751.937	705556.12
0.0941099247120602	1.36763890588888	4879.922	749.332	705556.12
0.14088988728809	1.85849851320119	4875.936	753.208	705556.12
0.209879832096134	2.42909805672155	4873.026	763.655	705556.12
0.316799746560203	3.03695757043394	4839.798	755.412	705556.12
0.475949619240305	3.5990971207223	4929.24	757.325	705556.12
0.711099431120455	4.11659670672263	4858.409	752.263	705556.12
1.06572914741668	4.62491630006696	4891.558	749.458	705556.12
1.59572872341702	5.21531582774734	4853.779	749.468	705556.12
2.39741808206553	6.02729517816386	4969.931	760.173	705556.12
3.5955871235303	7.24769420184464	4916.303	768.2	705556.12
5.39504568396345	9.05363275709379	4873.721	759.278	705556.12
8.09446352442918	11.7223106221515	4869.432	759.526	705556.12
11.8303005357596	14.1559086752731	4851.665	776.512	705556.12
18.1976454418836	21.6883626493099	5024.575	810.234	705556.12
27.3140581487535	30.9333352533318	4968.799	812.667	705556.12
37.3114301508559	40.9420472463622	4876.262	808.79	705556.12
47.3146721482623	50.9566992346406	4843.666	825.549	705556.12
57.3090941527247	60.953351237319	4861.737	832.505	705556.12
67.252196198243	70.300743759405	4899.882	858.571	705556.12
77.1817382546094	79.8893360885311	4967.205	883.005	705556.12
87.3085401531679	90.9551872358502	4896.862	903.596	705556.12
97.2136622290702	99.8684201052639	4897.186	923.771	705556.12
