0.00084	0.0151199879040097	3042.749	1774.131	705556
0.00151	0.0271799782560174	3087.865	1908.178	705556
0.00259	0.0466199627040298	3090.161	1373.95	705556
0.00292	0.0525599579520336	2977.849	1661.781	705556
0.00589	0.105839915328068	2984.003	1388.238	705556
0.00884	0.157679873856101	3104.733	1563.733	705556
0.00921	0.165419867664106	3091.76	1897.784	705556
0.01108	0.198539841168127	3036.911	1678.331	705556
0.02389	0.427679657856274	3023.924	1655.95	705556
0.04164	0.742499406000475	3020.18	1893.026	705556
0.06028	1.07045914363269	3093.592	1893.358	705556
0.09396	1.64879868096106	3088.664	1914.28	705556
0.11812	2.04821836142531	3003.864	1439.102	705556
0.21165	3.62663709869032	3111.842	1630.479	705556
0.30906	5.1605958715233	3096.186	1892.428	705556
0.4585	6.89903448077242	3094.251	1256.524	705556
0.47112	7.58213393429285	3028.78	1248.558	705556
1.06438	15.0571679542656	3029.095	1527.549	705556
1.59445	20.2255038195969	3073.044	1897.211	705556
2.39623	26.0627191498247	3106.728	1246.964	705556
3.52946	30.8822152942278	3008.226	1260.541	705556
3.91483	24.7859801712159	3080.654	1912.264	705556
5.33647	25.6334194932644	3032.709	1364.685	705556
8.71138	30.1542958765633	2946.728	1240.57	705556
15.25081	38.4650692279446	2966.99	1839.765	705556
27.22874	62.2903901676879	3088.85	1134.029	705556
35.31322	60.3766316986946	3012.153	2016.906	705556
47.27684	83.0639935488052	3049.906	1981.665	705556
56.82991	87.9542296366163	2980.037	1391.276	705556
63.47136	85.8446313242949	3101.341	1514.925	705556
75.59444	98.9218008625593	3093.123	1370.153	705556
83.48575	99.8889400888479	3025.446	2131.966	705556
90.59254	99.999640000288	3086.296	1821.971	705556
