0.00068	0.0122399902080078	2051.851	1177.495	705556
0.00137	0.0246599802720158	2053.57	1310.046	705556
0.00289	0.0520199583840333	2123.941	1290.57	705556
0.00368	0.0662399470080424	2128.677	1322.197	705556
0.00579	0.103859916912066	2106.637	1297.08	705556
0.00862	0.154979876016099	2140.426	1225.864	705556
0.01191	0.213479829216137	2075.867	1326.329	705556
0.0189	0.339659728272217	1967.958	1322.893	705556
0.02772	0.496259602992318	2088.166	1343.634	705556
0.04205	0.74951940038448	2148.687	1281.375	705556
0.05616	0.988379209296633	1982.716	1286.716	705556
0.06358	1.13003909596872	2071.611	1216.412	705556
0.0842	1.46393882884894	2122.798	1226.493	705556
0.15017	2.55329795736163	2131.39	1322.09	705556
0.31746	5.3089157528674	2167.556	1240.848	705556
0.40499	6.46847482522014	2150.731	1241.543	705556
0.64744	8.99135280691775	2011.869	1245.821	705556
0.68577	10.4497116402307	2122.75	1201.946	705556
1.52693	19.0623447501242	2084.005	1238.347	705556
2.21287	23.3119613504309	2047.365	1242.717	705556
3.54792	31.254634996292	2186.442	1247.227	705556
5.25598	35.4466516426787	2047.63	1341.905	705556
7.66178	37.3683301053359	2042.569	1338.147	705556
12.06722	46.7758425793259	2122.261	1369.768	705556
18.05966	52.1657582673934	2007.092	1394.644	705556
24.44116	47.9735616211507	2135.258	1398.318	705556
35.48723	60.943991244807	2175.493	1410.814	705556
43.74528	66.3565869147305	2151	1390.419	705556
56.97036	89.125848699321	2261.233	1214.456	705556
63.42683	85.7486914010469	2241.593	1432.429	705556
73.78736	95.7032234374212	2200.437	1425.587	705556
82.84908	99.7073202341438	2235.467	1461.656	705556
90.58031	99.999640000288	2260.489	1450.947	705556
