0.0006	0.0107999913600069	4803.05	1849.235	705556
0.00102	0.0183599853120118	4870.476	1999.114	705556
0.00288	0.0516599586720331	4730.916	1987.77	705556
0.00439	0.0790199367840506	4816.026	1344.503	705556
0.00499	0.0896399282880574	4769.578	1528.094	705556
0.00786	0.14111988710409	4795.867	1510.768	705556
0.00904	0.161999870400104	4764.381	1964.673	705556
0.01848	0.330659735472212	4334.884	1449.564	705556
0.02512	0.448379641296287	4363.504	1353.749	705556
0.04166	0.740339407728474	4785.466	2016.563	705556
0.05596	0.991079207136634	4351.041	1812.76	705556
0.09005	1.58327873337701	4753.816	1471.885	705556
0.1044	1.81241855006516	4896.378	1890.456	705556
0.20607	3.51377718897825	4412.611	1097.524	705556
0.31087	5.19281584574732	4318.229	1820.193	705556
0.47672	7.68473385221292	4805.515	1782.282	705556
0.71285	10.896471282823	4825.443	1758.993	705556
1.06521	15.0976679218657	4394.922	1683.379	705556
1.51036	18.814844948124	4806.56	1622.949	705556
2.06617	17.8525657179474	4806.621	1921.982	705556
2.38283	25.9025192779846	4746.85	1637.466	705556
4.03139	25.4881596094723	4445.361	1390.457	705556
7.72933	38.0510695591444	4824.754	1366.321	705556
12.11492	47.6499218800625	4459.231	1580.473	705556
16.46495	42.0810863351309	4476.427	1301.832	705556
27.27628	63.0829295336564	4856.676	2048.777	705556
33.58625	56.0812951349639	4871.599	2116.581	705556
47.2818	82.9815536147571	4825.821	1496.335	705556
57.17462	91.3947468842025	4867.99	1411.958	705556
65.20688	89.9957880033696	4917.847	1709.85	705556
75.49905	98.7252410198072	4456.624	1482.249	705556
83.48584	99.8860600911519	4552.796	1554.422	705556
90.56095	100.0	5019.228	1841.886	705556
