0.000909999272000582	0.0163799868960105	12.359	0.456	391.04
0.00117999905600076	0.0212399830080136	14.675	0.602	152.46
0.00313999748800201	0.0563399549280361	38.84	0.618	1136.19
0.00397999681600255	0.0710999431200455	49.068	0.907	1609.76
0.00580999535200372	0.102959917632066	70.319	0.918	2279.1
0.00840999327200538	0.148499881200095	101.409	1.209	3422.66
0.0127199898240081	0.222479822016142	149.027	0.94	4885.39
0.018709985032012	0.323099741520207	218.599	1.326	7286.47
0.028199977440018	0.471599622720302	310.041	2.636	10157.86
0.0420799663360269	0.68741945006444	458.908	3.545	15648.47
0.06245995003204	0.974159220672624	634.97	3.901	21719.77
0.081219935024052	1.04687916249667	696.157	4.765	9737.46
0.0927299258160593	1.35917891265687	912.008	7.313	40246.27
0.212739829808136	2.43953804836956	1585.963	12.524	71869.21
0.317229746216203	3.02975757619394	1764.876	16.208	103767.79
0.471509622792302	3.5947771241783	1781.357	19.216	135998.68
0.709969432024454	4.12685669851464	1746.719	21.542	277667.28
1.06615914707268	4.64021628782697	1716.41	25.486	362615.36
1.2448990040808	3.46445722843422	527.789	24.018	311682.44
2.40108807912954	6.03665517067586	1988.28	39.346	563508.39
3.5938971248823	7.21601422718862	2294.219	52.007	663470.21
5.39921568062746	9.04103276717379	2639.704	70.76	720088.44
8.08613353109318	11.7169106264715	3188.315	90.795	740093.14
12.1355202915838	15.7816673746661	4061.819	137.292	723119.65
18.2087454330037	21.870342503726	5401.51	205.344	737567.56
27.3074881540095	30.9344152524678	7293.671	294.711	756766.7
37.3099801520159	40.9440272447782	9441.39	380.74	779675.97
47.3073421541263	50.9390592487526	11589.536	472.468	801278.1
57.3054541556367	60.950471239623	13715.215	558.219	823210.31
67.3159061472751	70.9545032363974	15897.851	708.695	845373.89
77.3108481513215	80.9549352360518	18066.203	747.05	867356.33
87.3101301518959	90.9483472413222	20203.097	1732.079	889652.62
97.1446522842782	99.6457602833918	21725.155	1991.969	911123.66
