0.000969999224000621	0.0174599860320112	12.942	0.677	367.24
0.00182999853600117	0.0325799739360208	23.507	0.757	813.86
0.00223999820800143	0.0397799681760255	27.592	0.836	228.16
0.0028099977520018	0.0496799602560318	34.318	0.949	299.74
0.00677999457600434	0.120419903664077	81.07	1.587	2275.22
0.00898999280800575	0.158579873136102	104.732	1.194	3768.47
0.0135999891200087	0.237599809920152	150.531	1.562	4465.61
0.0189999848000122	0.325619739504208	205.401	2.882	7602.32
0.0285599771520183	0.481499614800308	288.56	3.636	11624.61
0.0395099683920253	0.64079948736041	366.626	3.503	14138.37
0.0624099500720399	0.972539221968622	539.713	5.773	23628.92
0.0901899278480577	1.30391895686483	652.978	6.366	30494.82
0.14132988693609	1.85525851579319	750.883	9.908	44392.1
0.207729833816133	2.40515807587354	600.967	11.54	72562.94
0.316639746688203	3.00761759390593	539.634	14.718	96494
0.474999620000304	3.60899711280231	495.555	19.127	143056.45
0.710109431912454	4.12775669779464	419.576	21.097	278102.3
1.06742914605668	4.63391629286697	476.326	25.829	370406.66
1.59594872324102	5.22845581723535	403.943	32.009	491381.63
2.36323810940951	5.58287553369957	237.272	37.067	563700.29
3.6006971194423	7.23113421509263	548.483	48.683	654769.18
5.39221568622745	9.02645277883778	558.356	62.894	720365.32
8.09432352454118	11.7455306035755	619.483	98.344	741029.75
12.1344702924238	15.7548473961221	792.926	132.002	722742.1
18.2082054334357	21.842802525758	972.003	193.429	736735.86
27.3064981548015	30.9444952444038	1234.532	307.567	755894.28
37.3057001554399	40.9377272498182	1572.257	381.729	778166.24
47.3118021505583	50.9644392284486	1874.843	505.237	800953.62
57.3071841542527	60.938951248839	2137.205	549.819	822783.55
66.9400564479548	69.1939246448603	2362.787	706.93	844287.95
77.1327782937774	79.681976254419	2674.013	834.126	866283.12
87.3097401522079	90.9452872437702	3071.298	941.648	888975.68
97.2112122310302	99.8552801157759	3034.486	886.416	911600.55
