0.00085999931200055	0.0154799876160099	11.833	0.519	430.68
0.00201999838400129	0.0361799710560232	26.275	0.581	805.98
0.00282999773600181	0.0507599593920325	35.625	0.667	1265.56
0.00362999709600232	0.0649799480160416	45.465	0.705	1613.66
0.00614999508000394	0.10889991288007	75.765	1.023	2279.1
0.00911999270400584	0.160559871552103	112.952	0.733	3584.14
0.0126399898880081	0.221219823024142	154.719	0.982	5364.97
0.0200299839760128	0.342359726112219	248.128	1.393	6966.1
0.0277899777680178	0.467459626032299	329.377	1.825	11055.06
0.042109966312027	0.684539452368438	424.784	2.715	15971.97
0.0622399502080398	0.970919223264621	409.968	3.802	24652.08
0.0943599245120604	1.37285890171288	409.941	6.483	35149.04
0.138159889472088	1.82789853768117	376.862	7.775	51817.75
0.209109832712134	2.41703806636955	350.524	10.15	67561.06
0.316139747088202	3.03335757331394	311.301	15.099	101823.01
0.478109617512306	3.60629711496231	355.984	18.008	141979.71
0.710189431848455	4.11875670499464	303.345	21.636	284100.94
1.06393914884868	4.63841628926697	323.118	27.111	383570.14
1.60001871998502	5.24033580773135	353.368	31.398	475614.88
2.40095807923354	6.04709516232387	406.111	36.975	573183.47
3.5945471243623	7.22609421912462	391.573	47.271	656026.37
5.39160568671545	9.02591277926978	445.542	66.681	723467.08
8.09094352724518	11.7512905989675	519.562	84.287	741010.92
12.1295902963278	15.7269474184421	641.829	131.039	723677.77
18.2070654343477	21.846582522734	864.106	189.863	737001.34
27.3123681501055	30.9767152186278	1147.945	270.044	756756.09
37.3110601511519	40.9404272476582	1435.245	360.324	778982.56
47.3061321550943	50.9449992440006	1692.104	451.962	801688.41
57.3139141488687	60.959111232711	2003.181	530.108	823476.26
67.3099861520111	70.9573832340934	2264.46	624.504	845212.25
76.9318784544972	79.1711366630907	2522.673	765.481	865961.95
87.3096701522639	90.9424072460742	2931.646	1615.1	889717.36
97.2218622225102	99.8819200944639	2939.896	1752.148	911704.5
