0.00199999840000128	0.0179999856000115	13.327	0.826	796.35
0.00299999760000192	0.0199799840160128	12.863	0.815	1150.1
0.00299999760000192	0.0199799840160128	15.472	1.001	1680.7
0.0049999960000032	0.0221399822880142	13.18	0.862	1897.77
0.00699999440000448	0.0239399808480153	12.59	0.853	2645.47
0.0099999920000064	0.0260999791200167	15.947	1.033	4148.88
0.013999988800009	0.0318599745120204	14.545	1.007	5571.91
0.0199999840000128	0.0379799696160243	18.274	1.218	9181.75
0.0279999776000179	0.0458999632800294	17.973	1.195	12152.48
0.0429999656000275	0.0599399520480384	21.492	1.611	16144.26
0.0629999496000403	0.0799199360640512	28.896	2.142	26483.72
0.0929999256000595	0.10997991201607	39.229	2.611	37494.78
0.141999886400091	0.158039873568101	46.118	3.357	58950.86
0.211999830400136	0.230039815968147	66.387	5.93	79732.52
0.316999746400203	0.333899732880214	94.067	9.004	121668.82
0.474999620000304	0.491939606448315	130.163	13.771	193497.12
0.710999431200455	0.728099417520466	176.287	20.705	268033.44
1.06699914640068	1.08395913283269	268.18	31.19	368559.49
1.59899872080102	1.61603870716903	391.875	46.744	603347.59
2.39899808080154	2.41613806708955	571.319	70.763	840628.44
3.5979971216023	3.61403710877031	841.757	105.441	1080270.35
5.39499568400345	5.41205567035546	1244.423	157.21	1458845.59
8.09299352560518	8.10989351208519	1847.325	237.533	1893284.5
12.1389902888078	12.1559302752558	2765.298	350.718	2171622.1
18.2079854336117	18.2239054208757	4134.069	540.435	2440437.7
27.3109781512175	27.3279381376495	6192.727	798.114	2819219.41
37.3109701512239	37.3280101375919	8482.767	1086.702	3270278.54
47.3099621520303	47.3279021376783	10686.715	1390.592	3710242.75
57.3099541520367	57.3259941392047	12986.711	1688.979	4146445.54
67.3109461512431	67.3278661377071	15268.633	1928.396	4537244.77
77.3109381512495	77.3279381376495	17514.057	2276.452	5005298.87
87.3109301512559	87.3280101375919	19691.007	2595.05	5412170.59
97.3109221512623	97.3279021376783	22039.404	16781.3	5854436.65
