0.00181	0.0322199742240206	22.154	2.053	762.63
0.00897	0.160919871264103	104.509	4.4	3607.19
0.027	0.482759613792309	317.203	8.22	10087.28
0.05675	1.00385919691264	610.972	13.555	20533.64
0.44309	6.67313466149227	1042.058	68.805	140317.1
1.04805	14.7297482162014	2039.33	215.59	389096.01
1.52594	15.9542872365702	1574.767	232.08	468398.61
2.2647	19.1752046598363	1571.444	329.143	563102.66
12.09225	47.1239623008302	3314.746	842.111	723815.74
75.94392	99.5212003830397	6306.604	1910.912	864753.09
90.61017	100.0	6337	2081.288	896865.06
