0.09972	1.75445859643312	898.237	19.737	37712.69
0.19799	3.39983728013018	1248.941	32.447	69631.22
0.29238	4.89779608176313	1451.59	46.545	92868.97
0.39464	6.31997494402004	1396.081	59.219	128222.54
0.66583	10.2196718242625	2092.917	95.393	283890.29
0.94977	13.4490492407606	2822.529	167.566	366044.74
1.48249	18.9932248054202	3047.01	246.557	466735.64
2.07778	22.4051220759023	2596.54	342.4	536233.66
3.14428	21.4001828798537	1999.458	322.647	636257.94
3.40528	31.23177501458	3290.538	493.498	646243.15
7.67632	41.9970264023789	3675.266	780.425	741072.8
11.28071	43.796304962956	3774.869	823.052	722226.54
13.77503	36.1094111124711	2988.1	595.51	728079.02
23.33109	47.3216021427183	3955.691	920.984	749526.39
38.89057	75.2143798284961	5449.935	1514.425	782154.76
56.1553	80.8868952904838	5416.176	1691.009	821379.71
76.54937	99.2074606340315	6512.201	2049.074	865358.26
91.15417	100.0	6281.682	2263.463	898105.7
