0.00117001638022932	0.0210599831520135	2493.651	1110.404	705553.9
0.00193002702037829	0.0347399722080222	2493.178	1102.409	705553.9
0.00285003990055861	0.0512999589600328	2522.469	1118.528	705553.9
0.00373005222073109	0.067139946288043	2496.506	1135.25	705553.9
0.00570007980111722	0.102599917920066	2502.461	1113.49	705553.9
0.00876012264171698	0.157499874000101	2530.808	1102.642	705553.9
0.012770178782503	0.229679816256147	2517.47	1121.846	705553.9
0.0184102577436084	0.330479735616212	2527.778	1121.281	705553.9
0.0279803917254842	0.502739597808322	2519.213	1145.59	705553.9
0.0415705819881478	0.746279402976478	2513.841	1102.394	705553.9
0.0637608926524971	1.14245908603273	2505.138	1113.449	705553.9
0.0949813297386163	1.69757864193709	2523.019	1139.948	705553.9
0.139621954707366	2.48147801481759	2516	1117.301	705553.9
0.212082969161568	3.7483170013464	2501.019	1105.612	705553.9
0.315424415941823	5.53031557574754	2516.928	1121.23	705553.9
0.473226625172752	8.18819344944524	2520.584	1115.674	705553.9
0.709819937479125	12.0229103816717	2511.732	1116.465	705553.9
1.06358489018846	17.5132659893872	2515.55	1127.218	705553.9
1.59835237693328	25.1925998459201	2515.264	1124.912	705553.9
2.39299350190903	35.3724917020066	2507.06	1123.522	705553.9
3.59615034610485	48.2657013874389	2518.022	1137.479	705553.9
5.3943655211173	63.2388094089525	2521.506	1160.42	705553.9
8.09725336154706	78.09833752133	2524.511	1147.876	705553.9
12.1335098691382	90.2438278049378	2514.798	1137.769	705553.9
18.2043848613881	97.3122421502063	2512.399	1160.593	705553.9
27.3246225447156	99.6875202499838	2530.142	1203.463	705553.9
37.3153724152138	99.978940016848	2510.659	1215.856	705553.9
47.3000822011508	99.998920000864	2521.52	1248.259	705553.9
57.3071022994322	100.0	2536.714	1252.004	705553.9
67.2930621028694	100.0	2525.467	1246.268	705553.9
77.3240025360355	100.0	2527.063	1247.465	705553.9
87.311132355853	100.0	2513.775	1241.766	705553.9
97.3109823537529	100.0	2526.267	1244.706	705553.9
