0.000920012880180323	0.0165599867520106	2508.338	688.781	705553.9
0.00206002884040377	0.0370799703360237	2519.027	673.562	705553.9
0.00313004382061349	0.0561599550720359	2517.401	681.245	705553.9
0.00368005152072129	0.0662399470080424	2534.572	690.206	705553.9
0.00589008246115446	0.106019915184068	2530.248	655.245	705553.9
0.0085801201216817	0.153719877024098	2494.165	670.869	705553.9
0.0133301866226127	0.239759808192153	2507.913	669.489	705553.9
0.0193802713237985	0.348479721216223	2503.866	665.084	705553.9
0.0281603942455194	0.506159595072324	2513.268	662.565	705553.9
0.0418305856281988	0.74951940038448	2519.857	694.559	705553.9
0.0636208906924697	1.13993908804873	2509.964	649.807	705553.9
0.0931713043982616	1.66247867001706	2496.152	666.323	705553.9
0.140541967587546	2.5009179992656	2506.921	692.311	705553.9
0.21010294144118	3.71159703072238	2497.334	671.466	705553.9
0.317204440862172	5.55353555717155	2516.669	690.661	705553.9
0.472676617472645	8.17991345606923	2503.162	683.277	705553.9
0.709349930899033	12.0207503833997	2521.081	677.38	705553.9
1.06923496928957	17.6039859168113	2511.041	713.416	705553.9
1.60157242201391	25.1510198791841	2513.838	700.793	705553.9
2.39874358241015	35.4484516412387	2525.661	694.622	705553.9
3.5943903214645	48.2304214156629	2520.607	669.467	705553.9
5.39205548877684	63.2013694389045	2517.047	700.679	705553.9
8.10156342188791	78.196617442706	2524.131	707.159	705553.9
12.1374799247189	90.2560677951458	2508.112	736.369	705553.9
18.2147250061501	97.3369021304783	2511.548	723.162	705553.9
27.300802211231	99.6817602545918	2525.924	749.059	705553.9
37.3126623772733	99.978220017424	2490.715	780.809	705553.9
47.3066822935521	99.99820000144	2493.28	821.434	705553.9
57.3099623394728	99.999820000144	2520.009	794.977	705553.9
67.2932821059495	100.0	2500.317	803.188	705553.9
77.316342428794	100.0	2527.651	806.164	705553.9
87.3154524163338	100.0	2502.384	809.142	705553.9
97.3122123709732	100.0	2500.551	807.069	705553.9
