0.000880012320172482	0.0158399873280101	2491.732	794.777	705553.9
0.00198002772038809	0.0356399714880228	2487.953	794.624	705553.9
0.00312004368061153	0.0559799552160358	2496.536	795.196	705553.9
0.00401005614078597	0.0721799422560462	2496.049	794.938	705553.9
0.00584008176114466	0.105119915904067	2516.004	782.261	705553.9
0.0085301194216719	0.153539877168098	2488.647	780.935	705553.9
0.0131001834025676	0.235259811792151	2540.338	790.881	705553.9
0.0190502667037339	0.342359726112219	2512.945	794.228	705553.9
0.0284003976055665	0.509759592192326	2529.379	785.17	705553.9
0.0416605832481655	0.747539401968478	2484.031	767.939	705553.9
0.0624208738922345	1.11671910662471	2491.322	802.217	705553.9
0.0941513181184537	1.68155865475308	2506.297	795.774	705553.9
0.140391965487517	2.4978580017136	2499.347	816.569	705553.9
0.209062926880976	3.69503704397036	2507.366	772.733	705553.9
0.316084425181953	5.54183556653155	2519.627	783.34	705553.9
0.474676645473037	8.21051343158925	2512.229	820.314	705553.9
0.709819937479125	12.0407303674157	2516.119	802.88	705553.9
1.07025498356977	17.6002059198353	2532.052	820.578	705553.9
1.60109241529381	25.1888198489441	2511.956	811.601	705553.9
2.39944359221029	35.4056116755107	2511.785	825.991	705553.9
3.59472032608457	48.2271814182549	2500.549	813.015	705553.9
5.39594554323761	63.3016293586965	2499.557	821.196	705553.9
8.0995033930475	78.124617500306	2515.537	833.297	705553.9
12.1420799891198	90.3003477597218	2499.012	854.828	705553.9
18.2115549617695	97.3286221371023	2523.475	850.83	705553.9
27.3185624598744	99.6806802554558	2512.242	872.181	705553.9
37.2934921088895	99.97660001872	2500.26	918.131	705553.9
47.3006422089909	99.99910000072	2499.917	917.214	705553.9
57.2976921676904	100.0	2515.272	934.794	705553.9
67.3209824937549	100.0	2498.957	922.964	705553.9
77.2942721198097	100.0	2520.043	943.464	705553.9
87.316192426694	100.0	2497.683	925.388	705553.9
97.3126023764333	100.0	2495.205	927.876	705553.9
