0.00105999915200068	0.0190799847360122	9.013	0.879	383.11
0.00211999830400136	0.0376199699040241	15.138	1.007	790.22
0.00286999770400184	0.050039959968032	18.59	1.051	1045.91
0.00382999693600245	0.068759944992044	24.545	1.085	1582.43
0.00633999492800406	0.111599910720071	38.698	1.253	2220.88
0.00895999283200574	0.158219873424101	52.789	1.545	3511.11
0.0130499895600084	0.225719819424144	56.218	1.911	4885.39
0.0184699852240118	0.319319744544204	51.273	2.333	7756.31
0.0277199778240177	0.471239623008302	46.232	3.012	9264.41
0.0426599658720273	0.695159443872445	62.462	4.324	16059.14
0.0632399494080405	0.986939210448632	60.525	5.785	21855.22
0.0943299245360604	1.37447890041688	71.476	7.465	34093.25
0.14042988765609	1.85165851867319	80.32	9.79	49717.97
0.212309830152136	2.44385804491356	80.622	13.587	62694.7
0.315789747368202	3.01805758555393	78.931	17.725	98627.46
0.473289621368303	3.5951371238903	82.652	21.832	140731.22
0.711719430624456	4.10651671478663	82.926	27.803	192313.42
1.06596914722468	4.61807630553896	87.864	34.028	355426.47
1.59595872323302	5.23511581190735	99.44	43.488	455796.15
2.39377808497753	6.04655516275587	123.185	56.404	553500.42
3.6013271189383	7.24949420040464	141.884	65.479	651547.68
5.39928568057146	9.04895276083779	170.903	90.11	718394.61
8.09093352725318	11.7530905975275	220.841	125.375	741080.08
12.1379902896078	15.7730273815781	293.779	181.467	723152.07
18.2058554353157	21.844422524462	431.762	280.11	736274.68
27.3073281541375	30.9288352569318	604.878	394.584	755862.9
37.3102401518079	40.9515872387302	795.012	528.622	777449.32
47.3092121526303	50.9446392442886	975.234	653.088	800840.63
57.3065241547807	60.961991230407	1164.705	781.093	822435.94
67.3031361574911	70.9500032399974	1359.557	925.596	846336.27
77.3116581506735	80.9462952429638	1545.264	1017.287	866049.46
87.3065901547279	90.9418672465062	1742.705	1160.634	889182.3
97.2163822268942	99.8516801186559	1879.981	1293.117	911148.79
