0.00200999839200129	0.035999971200023	31.881	0.893	872.92
0.00297999761600191	0.0534599572320342	45.014	1.034	1089.1
0.0138899888880089	0.240659807472154	134.592	1.945	4904.45
0.0190499847600122	0.325439739648208	161.655	2.35	6932.18
0.0274399780480176	0.463499629200297	91.776	2.987	10744.03
0.0428899656880274	0.700199439840448	106.381	4.228	16806.64
0.0644399484480412	0.995219203824637	122.118	5.672	26439.26
0.0945899243280605	1.37735889811288	122.298	7.677	35348.08
0.14069988744009	1.86317850945719	139.838	10.642	57556.26
0.316249747000202	3.02453758036994	183.847	18.236	95965.25
0.465009627992298	3.47993721605023	171.094	22.171	133638.18
0.710259431792455	4.13639669088265	212.842	27.73	189055.07
1.06959914432068	4.64255628595497	251.359	35.056	384287.9
5.39730568215545	9.03095277523778	451.545	91.442	723083.54
8.09418352465318	11.7419306064555	581.779	127.086	740852.64
12.1356602914718	15.7962473630021	794.012	193.367	723740.37
18.2029554376357	21.84856252115	1076.722	286.418	737275.31
47.3130821495343	50.9462592429926	2482.182	681.288	801558.71
77.3124381500495	80.9533152373478	3891.133	1083.028	867371
87.2737301810158	90.4909676072259	4367.626	1214.307	890635.8
97.1238323009342	99.5890603287517	4759.033	1326.936	910890.1
