0.000989999208000634	0.0178199857440114	8.25	0.784	331.52
0.00192999845600124	0.0347399722080222	13.958	0.865	774.46
0.00269999784000173	0.0485999611200311	17.575	0.938	1187.18
0.00407999673600261	0.0725399419680464	25.588	1.015	1594.14
0.00597999521600383	0.106919914464068	35.521	1.3	2337.29
0.00893999284800572	0.157319874144101	44.441	1.381	3307.21
0.00976999218400625	0.170819863344109	37.495	1.579	1081.25
0.0182899853680117	0.315719747424202	53.207	2.062	7654.92
0.0276799778560177	0.466199627040298	50.198	2.901	10384.33
0.0424399660480272	0.690659447472442	50.612	3.81	15310.03
0.064029948776041	0.998639201088639	60.15	5.312	23164.33
0.0941599246720603	1.36493890804887	68.169	7.074	33483.53
0.141439886848091	1.85471851622519	92.647	9.411	47994.63
0.211299830960135	2.43161805470556	76.135	12.498	67586.53
0.3128497497202	3.00977759217793	81.209	16.133	102612.85
0.473469621224303	3.60989711208231	78.55	21.121	150835.72
0.710009431992454	4.10543671565063	82.451	25.98	191752.85
1.06643914684868	4.63067629545896	88.572	33.42	365344.63
1.59554872356102	5.23871580902735	102.103	41.357	455887.32
2.40054807956154	6.04277516577987	101.678	50.292	568261.38
3.5976871218503	7.25345419723664	141.749	64.953	653705.24
5.39827568137946	9.03257277394178	155.546	86.46	715865.42
8.09109352712518	11.7311306150955	200.685	122.13	741033.35
12.1365002907998	15.7181274254981	284.753	185.028	722458.8
18.2064154348677	21.835602531518	399.971	270.972	736221.48
27.3122781501775	30.9628552297158	555.38	384.498	755928.59
37.3076901538479	40.9469072424742	726.807	517.871	777610.62
47.3110121511903	50.9530992375206	911.377	648.339	799687.25
57.3143441485247	60.962351230119	1086.448	775.648	821614.17
67.3115461507631	70.9593632325094	1274.941	908.818	846715.36
77.3063381549295	80.9417952465638	1449.868	1023.299	868156.03
87.2947401642079	90.692747445802	1619.17	1611.465	888635.73
97.0539623568301	99.4238204609436	1723.999	1682.022	909785.58
