0.00107999913600069	0.0194399844480124	19.916	0.76	383.11
0.00220999823200141	0.0397799681760255	34.897	0.943	849.3
0.00284999772000182	0.0509399592480326	42.222	0.96	1183.25
0.00354999716000227	0.0633599493120405	51.165	1.012	1285.14
0.00617999505600396	0.10925991259207	79.944	1.32	2472.95
0.00898999280800575	0.159479872416102	100.783	1.609	3307.21
0.0131199895040084	0.228779816976146	109.558	1.701	4744.31
0.0186599850720119	0.321839742528206	149.318	2.366	7654.92
0.0280299775760179	0.471599622720302	104.981	2.833	9264.41
0.0425899659280273	0.686159451072439	105.617	3.858	16494.98
0.0621899502480398	0.977399218080626	111.583	5.052	24298.54
0.0940299247760602	1.36565890747287	126.951	7.066	31636.94
0.138609889112089	1.84139852688118	129.3	9.201	47971.35
0.211179831056135	2.43197805441756	141.895	12.262	63435
0.314159748672201	3.02057758353793	137.66	16.475	96648.12
0.472259622192302	3.60791711366631	162.541	20.854	146545.38
0.708419433264453	4.12163670269064	163.343	26.048	188634.92
1.06258914992868	4.61843630525096	179.144	32.285	358998.27
1.59781872174502	5.22683581853135	199.64	41.521	468570.94
2.39551808358553	6.05123515901187	223.587	50.03	564996.54
3.5992971205623	7.23743421005263	261.694	63.739	651143.1
5.38916568866745	9.02987277610178	332.336	87.427	715790.43
8.09524352380518	11.7215906227275	420.313	125.465	741072.35
12.1410702871438	15.7721273822981	563.518	180.829	722662.77
18.2053254357397	21.841902526478	766.987	270.819	736750.3
27.3066681546655	30.9473752420998	1069.811	391.634	755663.06
37.3154601476319	40.9469072424742	1387.091	509.697	777555.21
47.3126521498783	50.9417592465926	1733.313	651.087	800825.52
57.1126143099086	59.6152323078142	2007.528	766.614	819604.38
67.0142363886109	69.3517845185724	2313.383	885.489	846188.04
77.3083981532815	80.9549352360518	2710.254	1027.905	868146.81
87.3114401508479	90.9406072475142	3079.294	2502.214	889900.19
97.1975122419902	99.8005601595519	3276.021	2685.569	910804.18
