0.00199999840000128	0.0199799840160128	2561.443	739.727	705556.12
0.00299999760000192	0.0199799840160128	2557.271	746.507	705556.12
0.00299999760000192	0.0199799840160128	2559.849	745.199	705556.12
0.0049999960000032	0.0221399822880142	2587.41	729.041	705556.12
0.00699999440000448	0.0239399808480153	2559.446	742.175	705556.12
0.0099999920000064	0.0278999776800179	2545.292	741.084	705556.12
0.013999988800009	0.0300599759520192	2578.834	745.419	705556.12
0.0199999840000128	0.035999971200023	2542.743	735.508	705556.12
0.0289999768000186	0.0460799631360295	2550.898	745.499	705556.12
0.0429999656000275	0.0599399520480384	2556.545	729.398	705556.12
0.063999948800041	0.0820799343360525	2538.618	736.587	705556.12
0.0939999248000602	0.111959910432072	2550.753	736.453	705556.12
0.141999886400091	0.158039873568101	2559.192	757.362	705556.12
0.211999830400136	0.228059817552146	2551.504	741.953	705556.12
0.316999746400203	0.334079732736214	2492.845	693.836	705556.12
0.474999620000304	0.492119606304315	2566.52	748.252	705556.12
0.711999430400456	0.729899416080467	2539.36	728.312	705556.12
1.06699914640068	1.08395913283269	2550.588	744.547	705556.12
1.59899872080102	1.61603870716903	2568.952	774.702	705556.12
2.39899808080154	2.41595806723355	2563.222	769.206	705556.12
3.5979971216023	3.61403710877031	2590.59	732.98	705556.12
5.39599568320345	5.41187567049946	2556.685	737.395	705556.12
8.09299352560518	8.11007351194119	2516.538	739.703	705556.12
12.1389902888078	12.1559302752558	2543.001	750.423	705556.12
18.2079854336117	18.2260654191477	2552.644	750.444	705556.12
27.3109781512175	27.3281181375055	2563.529	760.584	705556.12
37.3109701512239	37.3280101375919	2580.862	769.293	705556.12
47.3109621512303	47.3280821375343	2586.638	781.819	705556.12
57.3109541512367	57.3279741376207	2590.578	788.295	705556.12
67.3099461520431	67.3258861392911	2637.142	836.219	705556.12
77.3109381512495	77.3279381376495	2624.563	801.091	705556.12
87.3109301512559	87.3278301377359	2637.867	817.314	705556.12
97.3109221512623	97.3279021376783	2637.965	817.807	705556.12
