0.00199999840000128	0.0199799840160128	1913.243	1610.088	705556.12
0.00299999760000192	0.0199799840160128	1889.33	1585.69	705556.12
0.00399999680000256	0.0201599838720129	1912.012	1597.863	705556.12
0.0049999960000032	0.0219599824320141	1925.527	1602.493	705556.12
0.00699999440000448	0.0241199807040154	1907.334	1611.14	705556.12
0.0099999920000064	0.0259199792640166	1906.117	1580.726	705556.12
0.013999988800009	0.0300599759520192	1908.319	1605.879	705556.12
0.0199999840000128	0.0379799696160243	1907.494	1595.75	705556.12
0.0289999768000186	0.0458999632800294	1922.726	1615.015	705556.12
0.0419999664000269	0.0581399534880372	1942.68	1597.868	705556.12
0.063999948800041	0.0820799343360525	1933.849	1599.652	705556.12
0.0949999240000608	0.111959910432072	1909.255	1597.777	705556.12
0.141999886400091	0.158039873568101	1910.856	1611.567	705556.12
0.211999830400136	0.227879817696146	1928.29	1600.003	705556.12
0.316999746400203	0.334079732736214	1934.276	1590.49	705556.12
0.474999620000304	0.492119606304315	1923.686	1607.47	705556.12
0.711999430400456	0.729899416080467	1926.599	1597.323	705556.12
1.06699914640068	1.08413913268869	1903.333	1598.62	705556.12
1.59999872000102	1.61603870716903	1925.528	1612.664	705556.12
2.39799808160153	2.41595806723355	1940.169	1610.287	705556.12
3.5979971216023	3.61403710877031	1932.183	1611.424	705556.12
5.39599568320345	5.41403566877147	1937.113	1599.011	705556.12
8.09299352560518	8.10989351208519	1939.3	1607.133	705556.12
12.1389902888078	12.1561102751118	1949.336	1617.766	705556.12
18.2079854336117	18.2258854192917	1950.924	1619.12	705556.12
27.3089781528175	27.3261381390895	1985.84	1645.283	705556.12
37.3109701512239	37.3280101375919	1948.636	1651.596	705556.12
47.3109621512303	47.3280821375343	2000.592	1670.861	705556.12
57.3109541512367	57.3279741376207	2004.971	1676.258	705556.12
67.3109461512431	67.3278661377071	2011.823	1702.646	705556.12
77.3109381512495	77.3279381376495	2025.157	1700.985	705556.12
87.3109301512559	87.3280101375919	2042.776	1728.048	705556.12
97.3109221512623	97.3280821375343	2048.559	1731.808	705556.12
