0.00158999872800102	0.0286199771040183	2762.703	1737.021	705556.12
0.00697999441600447	0.12563989948808	2706.806	1748.145	705556.12
0.0173099861520111	0.310499751600199	2869.754	1786.675	705556.12
0.0940999247200602	1.65851867318506	2759.175	1773.303	705556.12
0.108009913592069	1.8761384990892	2764.357	1753.836	705556.12
0.173539861168111	2.95847763321789	2745.201	1755.133	705556.12
0.863739309008553	11.9424504460396	2782.885	1737.239	705556.12
1.53524877180098	19.2779845776123	2800.627	1770.009	705556.12
5.36015571187543	37.2545701963438	2761.629	1740.428	705556.12
9.75777219378224	33.1541734766612	2805.273	1750.305	705556.12
18.2138354289317	54.4989164008669	2818.479	1781.794	705556.12
33.6350230919815	56.1264750988199	2709.851	1730.653	705556.12
74.2561605950715	96.4509428392457	2779.291	1768.453	705556.12
