0.000949999240000608	0.0170999863200109	4553.996	879.251	705556.12
0.00182999853600117	0.0325799739360208	4501.684	864.506	705556.12
0.00285999771200183	0.0514799588160329	4435.463	859.271	705556.12
0.0035999971200023	0.0646199483040414	4503.462	869.105	705556.12
0.00611999510400392	0.10997991201607	4504.208	866.912	705556.12
0.007809993752005	0.14021988782409	4392.923	835.008	705556.12
0.00869999304000557	0.1562398750081	4469.241	861.504	705556.12
0.0179699856240115	0.322199742240206	4351.391	851.561	705556.12
0.0276399778880177	0.494459604432316	4462.967	851.422	705556.12
0.0424199660640271	0.756359394912484	4517.408	861.317	705556.12
0.0486199611040311	0.862379310096552	4411.982	853.116	705556.12
0.0833499333200533	1.46141883086494	4453.777	853.18	705556.12
0.14018988784809	2.43935804851356	4461.814	849.969	705556.12
0.214439828448137	3.65435707651434	4375.402	853.884	705556.12
0.3128897496882	5.21477582817934	4467.45	870.552	705556.12
0.441939646448283	7.08371433302853	4487.078	846.093	705556.12
0.572459542032366	8.5870731303415	4563.12	878.836	705556.12
0.950129239896608	11.7500305999755	4472.307	877.679	705556.12
1.05651915478468	14.9554680356256	4422.875	860.764	705556.12
1.81539854768116	18.763184989452	4459.286	869.694	705556.12
2.60203791836967	21.6831426534859	4502.149	861.741	705556.12
5.20892583285933	34.9538120369504	4499.365	868.557	705556.12
6.93218445425244	32.2732541813967	4474.036	883.917	705556.12
9.32982253614197	31.8464745228204	4586.079	884.709	705556.12
16.3949868840105	41.8863264909388	4539.817	907.711	705556.12
24.4165104667916	47.9820216143827	4443.28	904.194	705556.12
34.9504920396064	59.370432503654	4469.155	895.554	705556.12
45.0450839639328	69.7033242373406	4549.537	919.588	705556.12
56.7129546296363	87.0306503754797	4545.91	938.174	705556.12
66.0586171531063	92.9773056181555	4600.319	931.306	705556.12
74.4117904705676	96.7965425627659	4526.924	949.519	705556.12
83.4217632625894	99.8689601048319	4558.666	950.84	705556.12
90.589557528354	100.0	4738.984	984.037	705556.12
