0.00244999804000157	0.0440999647200282	2479.93	636.468	705556.12
0.00767999385600491	0.137699889840088	2511.444	649.073	705556.12
0.00912999269600584	0.163439869248105	2497.782	629.79	705556.12
0.0190099847920122	0.339659728272217	2482.276	632.196	705556.12
0.0418499665200268	0.745739403408477	2503.193	629.363	705556.12
0.0614399508480393	1.0911591270727	2485.979	627.294	705556.12
0.13988988808809	2.43809804952156	2521.392	631.839	705556.12
0.472709621832303	7.62425390059688	2495.729	634.985	705556.12
0.712409430072456	10.8469713224229	2513.305	633.5	705556.12
1.06649914680068	15.0481679614656	2480.983	631.001	705556.12
26.8824984940012	58.3433533253173	2496.096	702.316	705556.12
63.3354893316085	85.5438515649188	2494.674	749.665	705556.12
73.6432210854231	95.4490636407491	2503.853	758.911	705556.12
