0.000459999632000294	0.0082799933760053	4395.727	869.169	705556.12
0.00201999838400129	0.0363599709120233	4407.538	863.342	705556.12
0.00212999829600136	0.0383399693280245	4375.364	835.015	705556.12
0.00407999673600261	0.073439941248047	4727.769	1101.529	705556.12
0.0060999951200039	0.10961991230407	4567.544	846.315	705556.12
0.00730999415200468	0.131579894736084	4327.555	867.177	705556.12
0.00839999328000538	0.150839879328097	4498.55	857.096	705556.12
0.0186499850800119	0.334799732160214	4366.407	847.901	705556.12
0.0278199777440178	0.497159602272318	4516.759	852.788	705556.12
0.0335699731440215	0.597599521920382	4384.303	857.185	705556.12
0.0413899668880265	0.737819409744472	4354.972	848.769	705556.12
0.0730699415440468	1.28789896968082	4603.209	866.903	705556.12
0.0750699399440481	1.30481895614484	4437.428	863.226	705556.12
0.148409881272095	2.52611797910562	4419.189	840.103	705556.12
0.289509768392185	4.80419615664307	4519.24	871.724	705556.12
0.472089622328302	7.59383392493286	4402.182	849.182	705556.12
0.694489444408445	10.5865115307908	4381.91	864.468	705556.12
0.826079339136529	11.4024508780393	4394.133	876.287	705556.12
1.52318878144897	15.9618472305222	4418.491	856.329	705556.12
1.59349872520102	20.1970638423489	4435.5	859.296	705556.12
3.42327726137819	29.5484163612669	4471.423	873.616	705556.12
4.14197668641865	26.1330990935207	4495.97	897.781	705556.12
8.06575354739716	42.255686195451	4457.659	877.992	705556.12
12.1323802940958	47.9663616269107	4399.27	873.17	705556.12
17.0356563714749	44.4432244454204	4439.539	880.647	705556.12
27.2917481666015	63.4987292010166	4502.268	912.35	705556.12
37.0697203442237	70.326843738525	4479.449	914.044	705556.12
47.2815621747503	83.1592134726292	4441.12	912.031	705556.12
53.5049371960502	75.9080992735206	4590.523	932.891	705556.12
65.7195774243381	91.7054266356587	4538.141	922.012	705556.12
75.7328194137445	99.1590406727675	4422.451	941.643	705556.12
84.0987027210378	99.988120009504	4468.184	930.574	705556.12
90.5354175716659	100.0	4526.729	957.459	705556.12
