0.000529999576000339	0.00953999236800611	4449.368	859.369	705556.12
0.00112999909600072	0.020339983728013	4529.061	867.215	705556.12
0.00318999744800204	0.0572399542080366	4425.649	842.937	705556.12
0.0037499970000024	0.0673199461440431	4404.997	850.189	705556.12
0.00598999520800383	0.107819913744069	4457.8	862.695	705556.12
0.00820999343200525	0.147239882208094	4362.265	838.976	705556.12
0.0118299905360076	0.212399830080136	4357.652	853.05	705556.12
0.017119986304011	0.307079754336197	4574.801	856.922	705556.12
0.0260799791360167	0.466199627040298	4512.174	873.532	705556.12
0.042189966248027	0.751319398944481	4385.073	868.817	705556.12
0.0611999510400392	1.08251913398469	4438.154	872.382	705556.12
0.0737199410240472	1.29779896176083	4618.605	874.71	705556.12
0.110329911736071	1.89251848598521	4438.91	848.521	705556.12
0.14122988701609	2.46527802777758	4439.302	849.867	705556.12
0.284769772184182	4.73003621597103	4330.41	860.556	705556.12
0.441589646728283	7.07363434109253	4350.763	857.544	705556.12
0.45314963748029	6.84305452555638	4500.306	867.491	705556.12
0.864149308680553	11.9123904700876	4408.889	862.752	705556.12
1.07492914005669	13.1833694533044	4355.367	872.078	705556.12
2.20904823276141	23.2423014061589	4351.862	861.547	705556.12
3.5942871245703	32.0999143200685	4494.952	868.985	705556.12
5.33073573541141	36.7295106163915	4397.145	860.98	705556.12
7.38963408829273	35.1901518478785	4566.841	906.002	705556.12
9.14565268347785	31.3383349293321	4495.604	907.092	705556.12
18.1968954424836	54.4236764610588	4599.072	908.381	705556.12
27.2946681642655	63.6735090611928	4404.321	879.395	705556.12
36.7242206206235	67.215186227851	4511.695	915.056	705556.12
46.3934728852217	74.985420011664	4565.756	915.27	705556.12
57.1952842437726	91.6885066491947	4487.409	905.305	705556.12
66.4565068347945	94.8183441453247	4574.555	940.154	705556.12
73.3498013201589	94.9614440308448	4567.867	936.004	705556.12
83.9824528140377	99.976060019152	4507.872	968.289	705556.12
90.5277475778019	100.0	4517.984	966.787	705556.12
