0.000699999440000448	0.0125999899200081	2519.443	679.467	705556.12
0.0023499981200015	0.0422999661600271	2494.506	657.833	705556.12
0.00276999778400177	0.0498599601120319	2497.883	672.34	705556.12
0.00366999706400235	0.0660599471520423	2518.484	670.696	705556.12
0.00548999560800351	0.0986399210880631	2481.739	656.754	705556.12
0.00815999347200522	0.146699882640094	2485.321	675.339	705556.12
0.0351899718480225	0.6256794994564	2500.415	655.363	705556.12
0.0556099555120356	0.987299210160632	2488.161	657.365	705556.12
0.139589888328089	2.42783805772955	2527.834	660.184	705556.12
0.212419830064136	3.63023709581032	2505.695	664.729	705556.12
1.44572884341693	17.7991057607154	2490.907	686.259	705556.12
2.36798810560952	25.5032795973763	2488.5	707.023	705556.12
3.54757716193827	31.1190951047239	2507.897	674.937	705556.12
8.04487356410115	42.176486258811	2502.828	702.424	705556.12
10.914801268159	37.529609976312	2512.965	695.907	705556.12
17.8972556821955	50.2514597988322	2490.426	715.725	705556.12
26.9172784661772	58.6518730785015	2515.998	725.05	705556.12
37.3257001394399	73.5672011462391	2493.134	741.81	705556.12
66.1752870597704	93.5000251999798	2504.72	781.982	705556.12
73.9831208135033	95.9903232077414	2493.083	782.205	705556.12
