0.000429999656000275	0.00773999380800495	11.784	0.692	103.51
0.000979999216000627	0.0176399858880113	21.716	0.795	177.98
0.00244999804000157	0.0439199648640281	45.587	0.914	388.66
0.00295999763200189	0.0532799573760341	54.353	0.968	443.15
0.00466999626400299	0.0840599327520538	80.325	1.042	720.64
0.00659999472000422	0.118619905104076	109.149	1.118	1063.61
0.00711999430400456	0.127979897616082	113.962	1.145	1116.43
0.00917999265600588	0.165239867808106	152.07	1.335	1818.64
0.0243799804960156	0.43811964950428	379.589	2.279	4248.35
0.0329199736640211	0.590759527392378	481.159	2.558	5096.88
0.0549999560000352	0.98387921289663	797.448	3.618	9059.1
0.0670999463200429	1.19591904326477	904.975	4.471	11108.12
0.112439910048072	1.99313840548928	1446.681	8.437	18096.55
0.17111986310411	3.01535758771393	2009.906	10.198	27825.32
0.185339851728119	3.22595741923406	1963.596	10.739	28555.59
0.351339718928225	6.01235519011585	3086.655	20.057	57881.13
0.527859577712338	8.80505295595763	3784.146	29.648	85521.07
0.611169511064391	9.88613209109433	3702.177	32.666	94717.86
1.11974910420072	17.111506310795	5233.755	68.521	171987.47
2.12125830299336	30.0383759692992	7865.05	125.705	316734.93
3.22986741610607	41.1492270806183	9376.732	188.269	438023.97
4.3788864968908	47.4566020347184	10167.029	276.174	536174.13
6.04533516373187	53.195897443282	10902.181	384.415	674074.11
11.1111811110551	76.8356385314892	14751.417	728.943	926037.84
16.1895070483944	81.8527745177804	15738.688	1089.67	1045029.22
24.0616707506634	87.7088898328881	17046.354	1703.836	1224465.19
31.7510445991643	90.0982079214337	17846.002	2265.023	1400330.1
37.9353496517203	90.8410673271461	18229.682	2632.933	1538082.92
51.8249785400172	99.8594201124639	21148.862	6984.294	1870899.46
58.0086435930851	99.6668202665438	21959.283	7771.169	2015626.43
66.1447670841863	99.982180014256	22829.218	9862.803	2201522.96
72.8536117171106	99.99820000144	23158.805	11321.849	2350026.76
78.6721870622503	100.0	23620.934	14093.225	2484558.96
