0.000919999264000589	0.0165599867520106	20.595	0.73	140.74
0.00114999908000074	0.0206999834400132	25.277	0.783	208.55
0.00254999796000163	0.0458999632800294	47.378	0.923	409.24
0.00267999785600172	0.0482399614080309	50.386	0.944	407.57
0.00448999640800287	0.0808199353440517	77.199	1.019	866.84
0.00535999571200343	0.0964799228160617	91.42	1.05	878.5
0.00700999439200449	0.125999899200081	115.362	1.187	1248.72
0.0130299895760083	0.23453981236815	204.97	1.508	2238.41
0.0146199883040094	0.261899790480168	230.684	1.644	2394.61
0.0323199741440207	0.57797953761637	473.473	2.687	6008.14
0.0365199707840234	0.654119476704419	542.456	2.808	6365.72
0.0834599332320534	1.48589881128095	1158.365	5.373	13622.11
0.107749913800069	1.91087847129722	1402.851	6.843	19671.42
0.118219905424076	2.08601833118533	1393.628	7.114	20006.81
0.283809772952182	4.95377603697917	2989.5	16.458	48070.3
0.315389747688202	5.40287567769946	2818.49	17.807	53499.95
0.545049563960349	9.11375270899783	3925.738	30.139	87883.04
0.619539504368397	10.0447119642304	3729.957	33.129	93121.12
1.34173892660886	20.5453635637091	6233.825	75.434	211601.67
1.65900867279306	23.486561210751	6218.188	95	249675.19
2.60782791373767	32.9370936503251	7718.564	151.001	357550.58
4.30691655446676	46.6754026596779	10020.356	260.091	531431.95
7.12834429732456	63.2586093931125	12758.06	466.505	770743.86
9.6803122557502	65.573947540842	12929.541	628.926	892414.08
14.9405680475456	74.8732801013759	14726.3	1018.266	1014710.3
20.291123767101	75.1164599068321	15103.498	1417.61	1134230.79
34.363882508894	96.9974224020621	19233.254	4039.442	1467734.32
43.3821552942758	99.2218606225115	20340.819	5415.232	1674121.19
51.559368752505	99.7150602279518	21252.521	6710.641	1867537.81
59.33626253099	99.93970004824	22076.335	8317.659	2041436.59
65.582457534034	99.953740037008	22387.555	9104.397	2182518.65
72.9363016509587	99.999280000576	23183.53	12564.141	2357228.27
78.6711470630823	100.0	23627.991	14166.156	2486129.36
