0.000939999248000602	0.0169199864640108	22.391	0.776	159.07
0.00105999915200068	0.0190799847360122	24.988	0.821	190.23
0.00261999790400168	0.0471599622720302	49.567	1.009	434.23
0.00262999789600168	0.0471599622720302	50.266	0.979	459.8
0.00510999591200327	0.0919799264160589	91.743	1.106	873.51
0.00745999403200477	0.134279892576086	131.969	1.347	1315.53
0.00900999279200577	0.162179870256104	149.09	1.411	1575.7
0.00946999242400606	0.169739864208109	153.779	1.458	1818.64
0.0184499852400118	0.331559734752212	288.525	2.121	3381
0.0248899800880159	0.446219643024286	383.846	2.514	3850.87
0.0483099613520309	0.861659310672551	679.745	3.976	8003.16
0.0491399606880314	0.878039297568562	711.212	3.999	8064.33
0.0908899272880582	1.61297870961703	1192.044	6.374	14102.03
0.144729884216093	2.55311795750563	1735.097	9.448	25155.04
0.220479823616141	3.83615693107446	2349.229	14.497	36468.48
0.25028979976816	4.30073655941075	2335.36	15.191	39682.02
0.555179555856355	9.29861256110995	4124.58	33.374	89146.72
0.65554947556042	10.6235915011268	4035.409	38.66	106966.37
1.43322885341692	21.9859024112781	6960.909	82.194	215478.45
2.12315830147336	30.0975959219233	8283.224	123.126	318479.28
2.9742676205859	37.6809898552081	9242.48	183.428	405149.78
3.30536735570612	36.4308908552873	8450.045	208.801	423991.03
7.23665421067663	64.2826285738971	13450.038	442.357	768398.17
11.0458911632871	76.1573990740807	15446.755	677.432	925372.48
16.7545465963627	85.6018115185508	17569.898	1071.069	1056267.97
24.992530005976	91.6962466430027	18766.165	1653.978	1251022.01
33.2554633956293	93.9820648143481	19588.743	2239.159	1437184.53
43.4071352742918	99.2746005803195	21105.296	2868.752	1676879.89
51.8194085444732	99.8547401162079	21481.036	3415.102	1870493.29
57.784263772589	99.6124603100318	22023.07	3741.267	2011308.09
65.616027507178	99.956260034992	22173.183	4282.481	2183476.37
73.0302315758147	99.998920000864	22688.835	4778.019	2354224.64
78.6733270613384	100.0	23037.397	5233.791	2485824.54
