0.000689999448000442	0.0124199900640079	8.154	0.713	108.5
0.00154999876000099	0.0278999776800179	13.179	0.923	296.94
0.00226999818400145	0.0408599673120262	17.927	0.93	468.72
0.003119997504002	0.0561599550720359	26.336	0.98	480.38
0.00461999630400296	0.0831599334720532	30.491	1.054	866.84
0.00497999601600319	0.0894599284320573	32.509	1.092	878.5
0.00713999428800457	0.128339897328082	43.721	1.238	1116.43
0.0107299914160069	0.192959845632123	63.954	1.437	1821.97
0.0224299820560144	0.402119678304257	131.271	1.986	3680.09
0.0289699768240185	0.519479584416332	156.878	2.359	4930
0.0440499647600282	0.788399369280505	229.304	3.232	7426.56
0.0747399402080478	1.33217893425685	385.889	5.125	12293.65
0.126399898880081	2.24045820763343	592.696	7.879	20362.11
0.169039864768108	2.9739576208339	714.189	10.006	27825.32
0.196119843104126	3.41999726400219	725.024	11.33	32328.33
0.271019783184173	4.64399628480297	877.981	17.217	43215.1
0.626239499008401	10.4624916300067	1653.033	35.379	105554.72
0.73484941212047	11.8366105307116	1569.712	39.301	119574.32
1.2560689951448	19.2097646321883	2145.303	68.074	188660.93
1.57276874178501	22.3460821231343	2191.204	91.998	231242.9
2.24875820099344	28.7146570282744	2617.785	132.242	313083.2
3.53498717201026	38.6200491039607	3262.141	209.639	459520.95
5.64951548038762	49.94420004464	4396.116	338.802	646572.75
11.005211195831	75.7669793864165	8113.609	680.366	924506.17
14.2348786120971	71.4738028209577	9953.27	854.115	997473.77
21.2192130246296	77.8600177119858	12907.911	1287.702	1157668.41
34.6053023157581	97.6506418794865	15780.184	5841.976	1473377.51
43.3315253347797	99.1822606541915	16616.799	7856.595	1673524.51
51.8354085316732	99.8630201095839	19518.614	10176.929	1873461.46
58.4000032799974	99.7681601854719	18898.801	11363.505	2024666.17
66.1757870593704	99.97930001656	24638.081	13959.427	2197821.77
72.7753317797346	99.997480002016	25666.253	16641.598	2347261.25
78.6508770792983	100.0	26434.838	22069.354	2484344.46
