0.000929999256000595	0.0167399866080107	22.03	0.827	152.4
0.000979999216000627	0.0176399858880113	22.341	0.979	177.98
0.00227999817600146	0.0408599673120262	44.337	1.009	427.56
0.00355999715200228	0.064079948736041	69.108	1.191	623.25
0.00466999626400299	0.0840599327520538	82.872	1.191	713.39
0.00757999393600485	0.136079891136087	130.113	1.257	1307.2
0.0101299918960065	0.181979854416116	171.992	1.469	1585.69
0.0151299878960097	0.272159782272174	245.757	1.873	2546.48
0.0206399834880132	0.370439703648237	326.496	2.201	3522.21
0.0366399706880235	0.65609947512042	553.378	3.103	6365.72
0.0554799556160355	0.993419205264636	824.37	4.297	9778.62
0.0776199379040497	1.38239889408088	1076.423	5.907	13576.54
0.0837199330240536	1.48463881228895	1115.478	5.908	14848.85
0.168599865120108	2.9671176263059	2026.056	10.535	27375.88
0.278109777512178	4.76963618429105	2582.116	16.792	42522.52
0.28198977440818	4.91183607053114	2997.569	16.325	46850.7
0.499189600648319	8.34101332718934	3781.176	29.845	80199.6
0.711369430904455	11.4920908063274	4354.982	41.091	114864.73
1.30616895506484	19.9589240328608	6299.519	75.217	197652.38
1.91412846869723	27.0825983339213	7412.257	109.976	270764.87
2.04031836774531	26.3283989372808	6601.375	113.46	287425.26
4.87825609739512	53.3991172807062	11886.09	291.305	581912.89
5.75842539325969	50.7923593661125	11211.787	364.081	653989.92
10.5172715861827	71.6775626579499	15118.136	661.932	916829.99
14.2767185786251	71.6563226749419	15231.192	938.815	998439.11
23.2309214152629	84.5146123883101	17766.61	1535.951	1202989.2
30.1325058939953	86.3075909539272	18242.391	1957.929	1358519.96
39.1574486740411	92.7872257702194	19673.85	2534.34	1568916.31
51.7407886073691	99.8164001468799	20904.114	3245.161	1869361
59.1289026968778	99.9112600709919	21666.505	3783.674	2037290.24
66.2626569898744	99.9820000144	22270.356	4367.722	2200680.56
73.0659315472548	99.999640000288	22894.219	4833.86	2356853.99
78.6665870667303	100.0	23310.168	5191.157	2486649.89
