0.000969999224000621	0.0172799861760111	6.446	0.951	363.27
0.00195999843200125	0.0350999719200225	13.057	1.056	754.75
0.00307999753600197	0.0552599557920354	17.325	1.219	1120.5
0.00413999668800265	0.0741599406720475	22.583	1.277	1621.47
0.00487999609600312	0.0871199303040558	25.61	1.358	2077.16
0.0085899931280055	0.152279878176097	44.172	1.748	3937.24
0.012529989976008	0.220679823456141	69.019	2.209	4805.33
0.0189099848720121	0.327239738208209	94.661	2.926	6962.33
0.028159977472018	0.475019619984304	136.079	3.902	12693.4
0.0420599663520269	0.688679449056441	188.103	5.451	15684.83
0.0617499506000395	0.961379230896615	253.989	6.99	22154.38
0.095329923736061	1.37537889969688	307.863	9.994	33748.89
0.14107988713609	1.86281850974519	340.335	13.375	52773.42
0.210969831224135	2.43593805124956	366.595	17.971	69303.74
0.316749746600203	3.02219758224193	344.51	23.099	101646.62
0.474439620448304	3.58361713310629	374.026	28.278	144284.57
0.714309428552457	4.12523669981064	358.823	33.953	291675.33
1.06904914476068	4.61933630453096	380.814	41.919	390881.04
1.59386872490502	5.22809581752335	419.561	52.582	479834.26
2.39725808219353	6.03143517485186	459.794	63.505	558192.62
3.5966471226823	7.23851420918863	536.143	83.738	665443.72
5.39811568150745	9.05201275838979	619.064	108.018	720600.09
8.09433352453318	11.7080906335275	738.252	150.051	741090.11
12.1379702896238	15.7879673696261	980.204	215.161	723854.47
18.2103954316837	21.852882517694	1343.332	317.815	736912.25
27.3049981560015	30.9477352418118	1762.196	443.464	756586.9
37.3090601527519	40.9569872344102	2274.094	592.526	778948.06
47.2499122000702	50.2739597808322	2763.532	724.021	800427.84
57.3006141595087	60.7080114335909	3290.636	872.756	822539.21
67.142436286051	69.7409442072446	3763.42	1004.712	843240.86
77.3148381481295	80.9538552369158	4367.199	1153.037	867414.31
87.3089601528319	90.9463672429062	4830.727	2997.002	889072.77
97.0778823376941	99.4825004139997	4985.799	3159.005	910745.41
