0.00110999911200071	0.0199799840160128	3.454	1.16	414.83
0.00198999840800127	0.0356399714880228	4.84	1.403	782.34
0.00243999804800156	0.043739965008028	5.153	1.466	252.04
0.0038999968800025	0.0691199447040442	8.058	1.796	1531.66
0.00592999525600379	0.105479915616068	11.112	2.29	2465.2
0.0087499930000056	0.153539877168098	15.406	2.808	3503.42
0.0126499898800081	0.221399822880142	21.318	3.727	5171.01
0.018779984976012	0.322919741664207	33.195	4.454	7624.87
0.0274999780000176	0.465659627472298	41.928	5.387	11421.47
0.0424899660080272	0.693179445456444	58.876	7.176	14090.83
0.0644099484720412	1.00511919590464	84.915	9.123	22439.06
0.0932799253760597	1.35593891524887	100.795	12.065	37760.43
0.141479886816091	1.85975851219319	128.645	15.314	58386.1
0.210589831528135	2.41901806478555	168.683	20.325	73042.53
0.315089747928202	3.01049759160193	188.287	25.919	97448.95
0.475629619496304	3.60827711337831	220.257	31.305	150418.48
0.708199433440453	4.10687671449863	227.481	36.193	288794.33
1.06053915156868	4.61969630424296	264.911	45.725	346053.33
1.60061871950502	5.24879580096336	306.061	55.549	459744.15
2.39695808243353	6.03809516952386	359.589	68.319	560618.36
3.5994971204023	7.22519421984462	388.142	83.055	658797.92
5.39299568560345	9.00197279842176	534.569	115.775	715673.51
8.09026352778918	11.7138506289195	650.398	151.633	741085.09
12.1402602877918	15.7960673631461	923.929	230.586	723305.09
18.1913654469076	21.5661427470858	1251.255	314.247	736680.76
27.3115581507535	30.9671752262598	1660.321	454.142	756257.72
37.3106101515119	40.9452872437702	2168.266	584.214	778392.02
47.3112121510303	50.9592192326246	2825.094	749.988	800315.9
57.3138841488927	60.932291254167	3156.24	867.824	821812.8
67.3062961549631	70.9456832434534	3712.66	1020.582	844426.12
77.3123981500815	80.9497152402278	4311.441	1175.454	867718.01
87.3099901520079	90.9643672285062	4769.473	1323.288	889087.21
97.0564323548541	99.4198604641116	5202.685	1446.849	910326.1
