0.00102999917600066	0.0185399851680119	6.606	0.949	482.17
0.00181999854400116	0.0323999740800207	10.627	1.02	723.2
0.00315999747200202	0.0563399549280361	17.115	1.185	1136.19
0.00402999677600258	0.0716399426880459	24.206	1.272	1773.58
0.00510999591200327	0.0899999280000576	26.501	1.382	2077.16
0.00917999265600588	0.161099871120103	46.244	1.777	3511.11
0.0132999893600085	0.231479814816148	66.428	2.24	4614.56
0.0188299849360121	0.323459741232207	89.38	2.871	7003.79
0.0279099776720179	0.465299627760298	123.265	3.736	11775.93
0.0417499666000267	0.683279453376437	186.485	5.287	14865.08
0.0629399496480403	0.975779219376624	242.866	7.095	24849.87
0.0945299243760605	1.36925890459288	313.56	9.983	36243.05
0.142479886016091	1.86587850729719	343.843	13.274	49330.23
0.211379830896135	2.43413805268956	347.016	17.94	76069.38
0.314919748064202	3.01841758526593	324.264	22.381	104362.5
0.474209620632303	3.61673710661031	331.11	27.334	156893.07
0.711179431056455	4.11263670989063	335.977	34.228	281247.72
1.06591914726468	4.63877628897897	364.066	41.362	375592.54
1.49390880487296	4.29731656214675	319.296	44.478	445980.52
2.39869808104154	6.02207518233985	481.408	63.915	553923.07
3.5991671206663	7.24265420587664	498.893	80.884	643161.44
5.36177571057943	8.55935315251748	509.422	104.729	720436.15
8.08576353138917	11.7246506202795	747.132	147.365	741056.77
12.1374502900398	15.7669073864741	988.002	218.434	723218.62
18.2087654329877	21.855582515534	1304.239	313.403	736226.57
27.3098181521455	30.9443152445478	1740.402	442.135	756782.11
37.3084501532399	40.9515872387302	2320.36	583.649	778602.94
47.3067921545663	50.9518392385286	2879.594	736.046	800606.92
57.3125341499727	60.945971243223	3314.781	871.709	821973.62
67.3134861492111	70.9473032421574	3888.728	1022.777	845239.21
77.3116081507135	80.9221752622598	4313.316	1156.479	867469
87.3136201491039	90.9398872480902	4884.847	3008.853	889555
97.1633122693502	99.7060602351518	4992.322	3163.749	911287.82
