0.000909999272000582	0.0161999870400104	2.964	1.128	395
0.00201999838400129	0.035999971200023	4.677	1.418	888.66
0.00319999744000205	0.0572399542080366	6.336	1.572	1238.13
0.00416999666400267	0.0743399405280476	7.961	1.771	1570.72
0.00545999563200349	0.096839922528062	9.994	2.023	2422.58
0.0090599927520058	0.160739871408103	15.299	2.732	3172.39
0.0126799898560081	0.221039823168141	20.476	3.43	4675.63
0.0184399852480118	0.316979746416203	27.768	4.016	7463.26
0.0285999771200183	0.481319614944308	41.287	5.319	11709.51
0.0419799664160269	0.688319449344441	55.782	7.056	15339.15
0.0626199499040401	0.971279222976622	89.29	8.975	21590.99
0.09376992498406	1.36187891049687	111.311	12.257	35142.18
0.139399888480089	1.83581853134517	142.035	15.354	50003.44
0.208459833232133	2.40137807889754	205.242	21.03	76414.23
0.315349747720202	3.02147758281793	244.677	26.376	111506.07
0.475229619816304	3.5926171259063	287.008	32.223	144150.22
0.712099430320456	4.12091670326664	331.735	38.936	197135
1.06339914928068	4.61717630625895	356.196	45.865	372448.33
1.47529881976094	4.19993664005069	330.482	46.638	442833.45
2.39747808201753	6.01253518997185	466.644	67.445	556028.89
3.5965471227623	7.23707421034063	608.216	89.001	661219.97
5.38966568826745	9.05039275968579	762.15	118.626	725462.06
8.09124352700518	11.7356306114955	967.157	157.687	740840.61
12.1237303010158	15.579167536666	1253.999	218.857	723629.68
18.2075154339877	21.837942529646	1752.329	321.984	736606.75
27.0115683907453	29.3556365154908	2423.585	438.231	756056.14
37.3127401498079	40.9649072280742	3292.392	607.699	779392.53
47.3111721510623	50.9581392334886	4414.045	769.675	801697.3
57.3116841506527	60.942371246103	4790.989	914.624	823426.96
67.3116361506911	70.9528832376934	5740.734	1031.487	845600.24
77.3020981583215	80.9513352389318	6653.613	1195.309	867911.89
87.3000201599839	90.9496072403142	7367.65	1325.834	890329.6
97.1249123000702	99.5825803339357	8177.23	1486.294	911078.05
