0.00101999918400065	0.0183599853120118	14.753	0.861	426.72
0.00184999852000118	0.0332999733600213	17.789	0.827	766.57
0.00303999756800195	0.054719956224035	24.922	0.996	1155.8
0.00435999651200279	0.0782999373600501	32.61	1.087	1687.8
0.00579999536000371	0.104399916480067	42.303	1.271	2383.82
0.00853999316800547	0.153719877024098	55.853	1.473	3672.49
0.0125799899360081	0.226439818848145	77.818	1.749	5421.97
0.0194899844080125	0.350279719776224	116.432	2.381	7707.5
0.0284299772560182	0.509579592336326	172.727	3.047	11032.86
0.0413099669520264	0.741059407152474	238.556	4.108	17150.56
0.0620999503200397	1.11221911022471	353.945	5.726	24888.71
0.0938899248880601	1.67831865734507	526.473	8.33	33914.23
0.14069988744009	2.4996580002736	768.309	11.877	49883.56
0.210439831648135	3.71987702409838	1099.559	16.956	69789.73
0.313399749280201	5.48477561217951	1447.542	24.904	97332.05
0.478739617008306	8.2787333770133	1849.976	36.497	136297.75
0.714489428408457	12.0986903210477	754.628	91.505	275191.97
1.05883915292868	17.4479260416592	878.002	116.261	358995.64
1.59392872485702	25.1114199108641	1094.185	215.459	481049.67
2.40291807766554	35.4245116603907	1331.873	294.106	569307.27
3.60445711643431	48.3420213263829	1468.978	428.859	661412.27
5.38690569047545	63.0708695433044	1439.618	571.885	721871.86
8.08641353086917	78.039477568418	1214.258	728.571	740696.79
12.1219303024558	90.2918877664898	1026.395	864.36	723565.76
18.1942654445876	97.2938821648943	1311.519	1315.285	737566.05
27.2896581682735	99.6632202694238	1393.586	1468.334	757538.02
37.2858901712879	99.97570001944	1463.373	1471.43	779764.23
47.2910321671743	99.998740001008	1559.224	1536.197	802112.92
57.2961741630607	100.0	1624.765	1608.342	822806.39
67.2975861619311	100.0	1625.49	1599.179	845143.26
77.2944781644175	100.0	1682.113	1573.256	867511.16
87.2938601649119	100.0	1713.362	1658.005	889402.64
97.3022621581903	100.0	1771.842	1705.692	911880.78
