0.000969999224000621	0.0174599860320112	26.742	0.869	402.94
0.00195999843200125	0.0350999719200225	45.465	0.999	786.28
0.00273999780800175	0.0493199605440316	61.27	1.012	1108.72
0.00393999684800252	0.0709199432640454	81.925	1.128	1578.53
0.0060899951280039	0.10961991230407	120.511	1.313	2480.7
0.00947999241600607	0.170639863488109	180.228	1.643	3403.42
0.0127799897760082	0.229859816112147	239.663	1.897	5228.08
0.0192199846240123	0.345059723952221	351.54	2.532	7782.59
0.0271499782800174	0.487259610192312	505.72	3.402	10621.7
0.0420799663360269	0.755279395776483	752.846	4.462	14576.83
0.0636499490800407	1.13795908963273	1103.837	6.111	23689.16
0.0934299252560598	1.66859866512107	1540.562	8.676	35365.23
0.14115988707209	2.50883799292961	2172.165	12.941	46474.65
0.210509831592135	3.72257702193838	2963.646	18.445	74762.25
0.319579744336205	5.59475552419558	3907.607	28.066	103948.36
0.472039622368302	8.16281346974922	4710.695	39.973	150795.08
0.716629426696459	12.1375702899438	2774.312	93.616	283662
1.06826914538468	17.5638459489232	3418.421	119.892	376855.78
1.60064871948102	25.2068198345441	4089.486	214.353	470299.09
2.40031807974554	35.4245116603907	4775.609	298.721	572191.46
3.60315711747431	48.3328413337269	5118.059	443.318	661003.71
5.39548568361145	63.1938094449524	5021.959	567.849	721787.08
8.08985352811718	78.11273750981	4421.831	719.223	740421.28
12.1341902926478	90.2299678160257	3609.435	854.952	723788.59
18.1920154463876	97.2978421617263	3240.262	952.869	737582.01
27.2894081684735	99.6850002519998	3163.571	1014.696	757740.29
37.2878301697359	99.975160019872	3201.72	1058.912	779706.99
47.2996021603183	99.998920000864	3233.891	1076.82	801688.48
57.2818541745167	100.0	3242.486	1146.421	823853.36
67.2978961616831	100.0	3309.184	1139.716	845026.95
77.2896281682975	100.0	3219.384	1127.536	867765.57
87.2839701728239	100.0	3370.7	1167.729	889747.99
97.3198221441423	100.0	3412.743	1196.221	912230.27
