0.000929999256000595	0.0167399866080107	23.709	0.773	410.86
0.00209999832000134	0.0377999697600242	42.311	0.89	778.4
0.00285999771200183	0.0514799588160329	54.688	0.964	1144.04
0.00385999691200247	0.0694799444160445	71.072	1.096	1726.8
0.00594999524000381	0.107099914320069	105.459	1.259	2302.38
0.00887999289600568	0.159659872272102	150.948	1.536	3576.45
0.0129999896000083	0.23399981280015	214.573	1.929	4660.37
0.0190299847760122	0.342179726256219	307.5	2.493	6452.86
0.0272699781840175	0.489059608752313	429.262	2.799	9853.06
0.0416399666880267	0.746999402400478	642.924	4.19	15051.03
0.0623999500800399	1.11869910504072	935.752	5.521	23968.98
0.092109926312059	1.64375868499305	1312.628	7.968	32419.65
0.14011988790409	2.49029800776159	1849.238	12.026	53779.54
0.211419830864135	3.7432770053784	2521.764	17.351	76204.75
0.318499745200204	5.59421552462758	3190.209	26.082	105477.15
0.474559620352304	8.20043343965325	3639.759	37.818	145165.14
0.715219427824458	12.1229903016078	1317.717	93.487	282425.95
1.06526914778468	17.5296459762832	1463.154	119.532	383381.84
1.59634872292102	25.1657798673761	1716.606	213.36	468665.14
2.39085808731353	35.3325317339746	1977.791	287.76	573167.8
3.5911971270423	48.3206013435189	2314.448	435.549	651376.2
5.38889568888345	63.1372894901684	2467.105	562.665	717847.16
8.08547353162117	78.0356975714419	2740.759	756.259	740689.8
12.1321602942718	90.2654277876578	2807.277	874.159	723863.91
18.2016454386836	97.3212421430063	2926.549	2342.123	737265.79
27.2941381646895	99.6842802525758	2925.892	2370.591	757651.42
37.2896301682959	99.980380015696	3094.43	2482.073	779502.79
47.3010121591903	99.99820000144	3084.008	2542.39	801170.36
57.2841641726687	100.0	3075.192	2627.545	823892.68
67.2998461601231	100.0	3182.753	2657.34	845352.59
77.3224881420095	100.0	3194.5	2583.076	867212.67
87.2867501705999	100.0	3205.482	2745.405	889796.88
97.2992521605983	100.0	3178.415	2728.406	911737.7
