0.000979999216000627	0.0176399858880113	24.084	0.911	395
0.00222999821600143	0.0401399678880257	44.082	0.996	857.18
0.00331999734400212	0.0595799523360381	61.68	1.144	1179.33
0.00350999719200225	0.0631799494560404	64.182	1.111	1547.28
0.006249995000004	0.112499910000072	105.176	1.35	2282.98
0.00863999308800553	0.1555198755841	146.223	1.656	3434.2
0.0127299898160081	0.229139816688147	213.32	1.914	5277.52
0.0183599853120118	0.329759736192211	293.49	2.516	7846.4
0.0286899770480184	0.51587958729633	457.741	3.283	11343.83
0.0416699666640267	0.746999402400478	643.426	4.571	15884.75
0.0624099500720399	1.11707910633671	927.831	5.736	24043.31
0.0931899254480596	1.66643866684907	1329.012	8.5	36297.8
0.14130988695209	2.51549798760161	1888.239	12.773	51130.81
0.209529832376134	3.70511703590637	2488.542	17.927	68818.05
0.313769748984201	5.50709559432352	3133.161	27.856	106489.26
0.474899620080304	8.21429342856526	3700.564	39.074	150234.15
0.709599432320454	12.0376703698637	1270.898	95.655	194262.3
1.06225915019268	17.4886060091152	1439.135	119.105	368020.2
1.59778872176902	25.1555198755841	1727.994	221.826	462413.53
2.39593808324953	35.4122716701827	1948.02	289.062	577055.59
3.5886671290663	48.2572413942069	2258.395	444.767	660866.84
5.39603568317145	63.1086695130644	2395.304	571.367	721517.89
8.09783352173318	78.114717508226	2655.759	729.604	740707.41
12.1300202959838	90.3138477489218	2746.291	846.039	723983.22
18.1997154402276	97.3423021261583	2811.764	938.997	737430.2
27.2917881665695	99.6803202557438	2938.82	993.197	757604.52
37.2898401681279	99.978220017424	2896.385	1033.823	780004.56
47.2940221647823	99.99910000072	3061.266	1100.19	801622.24
57.2979341616527	100.0	3140.37	1122.866	823352.57
67.2877461698031	100.0	3163.433	1146.197	846438.51
77.3098181521455	100.0	3150.351	1150.211	867043.42
87.3032701573839	100.0	3154.91	1151.74	889369.47
97.3158421473263	100.0	3296.934	1198.156	912037.27
