0.00101999918400065	0.0183599853120118	26.249	0.843	367.24
0.00188999848800121	0.0340199727840218	40.159	0.929	837.49
0.00332999733600213	0.0599399520480384	60.739	1.055	1116.57
0.00408999672800262	0.073439941248047	71.97	1.056	1757.99
0.00599999520000384	0.107999913600069	102.505	1.281	2314.01
0.00866999306400555	0.1560598751521	143.634	1.589	3311.06
0.0132199894240085	0.237779809776152	212.52	1.944	5300.34
0.0191399846880123	0.34415972467222	298.012	2.507	6969.87
0.0276099779120177	0.494999604000317	423.877	3.115	10621.7
0.0408899672880262	0.73367941305647	616.351	4.637	15441.1
0.0636499490800407	1.14101908718473	926.109	6.339	21883.72
0.0936599250720599	1.67129866296107	1301.334	8.711	35488.72
0.141989886408091	2.52557797953762	1815.388	13.249	45196.37
0.212409830072136	3.7533569973144	2470.693	18.178	71183.1
0.315529747576202	5.52635557891554	3094.123	29.749	92856.88
0.473829620936303	8.20097343922125	3578.326	38.507	150838.43
0.709289432568454	12.0292103766317	1168.995	97.757	193583.81
1.06339914928068	17.4950860039312	1345.907	127.595	368935.07
1.59939872048102	25.1396798882561	1636.75	234.006	450484.91
2.39358808512953	35.3172317462146	1992.526	318.897	572903.7
3.5937471250023	48.1848814520948	2362.39	472.607	644652.05
5.39650568279545	63.2188294249365	2779.433	612.535	715014.42
8.07709353832517	78.0205775835379	3239.364	782.208	740399.25
12.1366602906718	90.2809077752738	3620.467	932.684	724136.06
18.2071854342517	97.2771421782863	3892.526	1010.443	737034.46
27.3139681488255	99.6614202708638	4022.736	1081.185	757001.15
37.3209301432559	99.974080020736	4014.675	1049.023	779142
47.2950121639903	99.999460000432	4054.667	1117.48	801717.94
57.3004041596767	100.0	4136.885	1169.837	823667.68
67.3214961428031	100.0	4118.191	1137.455	846455.71
77.3155881475295	100.0	4239.146	1202.011	868462.23
87.3102701517839	100.0	4294.038	1229.489	890545.77
97.3152421478063	100.0	4323.683	1231.29	911993.45
