0.00101999918400065	0.0183599853120118	27.711	0.833	379.14
0.00215999827200138	0.0388799688960249	50.1	0.928	794.16
0.00299999760000192	0.0539999568000346	66.432	1.034	1179.33
0.00404999676000259	0.0728999416800467	82.899	1.04	1644.89
0.00594999524000381	0.107099914320069	116.564	1.208	2438.08
0.0089099928720057	0.160199871840103	169.735	1.493	3507.27
0.012559989952008	0.225719819424144	233.609	1.787	5516.94
0.0199699840240128	0.357839713728229	373.849	2.491	6800.2
0.028129977496018	0.504539596368323	522.841	3.041	10310.1
0.0410999671200263	0.736559410752471	728.483	3.935	16915.31
0.0638899488880409	1.14443908444873	1099.938	5.705	24326.83
0.0939599248320601	1.67867865705707	1531.003	8.678	30067.11
0.142019886384091	2.51675798659361	2219.59	12.347	47321.6
0.212279830176136	3.7508369993304	2971.845	17.909	71935.48
0.314409748472201	5.51231559014753	3872.609	26.25	107084.84
0.470299623760301	8.1314934948052	4642.839	36.991	138887.53
0.717869425704459	12.1555702755438	2693.548	92.422	280177.22
1.06339914928068	17.5260459791632	3386.606	114.32	380653.1
1.60830871335303	25.2968197625442	3958.325	216.449	474899.66
2.39425808459353	35.4036316770947	4704.262	291.339	557647.79
3.5933071253543	48.2311414150869	5271.484	415.094	663122.35
5.40483567613146	63.2220694223445	4964.914	565.662	722823.39
8.07964353628517	78.062697549842	4404.712	724.365	740792.48
12.1285702971438	90.2467078026338	3601.978	846.376	723710.53
18.2021254382996	97.3311421350863	3187.949	2517.321	737259.3
27.3026481578815	99.6931002455198	3116.871	2457.34	757443.62
37.2881101695119	99.977140018288	3093.641	2502.595	779385.68
47.2869221704623	99.999280000576	3160.469	2535.677	802559.16
57.2957941633647	100.0	3155.777	2540.545	823666.95
67.2982561613951	100.0	3197.175	2561.388	845276.91
77.2951981638415	100.0	3291.285	2618.588	867495.21
87.2877501697999	100.0	3322.101	2621.192	889813.64
97.3170421463663	100.0	3403.329	2724.995	912043.33
