0.00104999916000067	0.0188999848800121	3.896	0.556	438.61
0.00199999840000128	0.0358199713440229	6.123	0.675	695.59
0.00332999733600213	0.0592199526240379	9.424	0.706	1210.7
0.00378999696800243	0.0673199461440431	10.487	0.673	1598.05
0.00597999521600383	0.106919914464068	15.872	0.599	2422.58
0.00916999266400587	0.161279870976103	23.274	0.747	3561.08
0.0128699897040082	0.224639820288144	32.327	0.938	5106.31
0.0184499852400118	0.318239745408204	44.925	1.091	7497.09
0.0277399778080178	0.464399628480297	63.763	1.435	10925.51
0.0425999659200273	0.694619444304445	89.154	2.034	15189.84
0.0626499498800401	0.962999229600616	119.106	3.222	23809.63
0.0940099247920602	1.36169891064087	151.967	4.565	34051.95
0.14115988707209	1.85021851982518	177.495	6.848	46995.04
0.211039831168135	2.42945805643356	189.564	11.464	67783.9
0.316769746584203	3.03029757576194	169.639	12.014	92357.62
0.475049619960304	3.61421710862631	156.475	17.265	138236.32
0.511319590944327	2.66957786433771	91.023	12.907	110451.03
1.06488914808868	4.64255628595497	167.803	26.152	354563.45
1.60115871907302	5.22881581694735	173.262	30.119	464228.59
2.39890808087354	6.03161517470786	186.348	36.914	550428.11
3.5954571236343	7.24517420386064	209.208	46.484	650863.6
5.39474568420345	9.02609277912578	228.962	62.171	719135.17
8.09144352684518	11.7503905996875	269.002	87.733	740551.91
12.1352902917678	15.7885073691941	321.8	130.572	724578.72
18.2085654331477	21.855222515822	398.308	202.161	738501.01
27.3118981504815	30.9612352310118	480.284	271.132	758781.08
37.3067601545919	40.9593272325382	587.602	355.116	779240.33
47.3118621505103	50.9642592285926	688.707	443.69	801880.97
57.3124441500447	60.940031247975	774.264	532.199	823161.69
67.3069461544431	70.9381232495014	903.381	614.581	845188.71
77.2224782220174	80.0912959269633	1126.811	825.044	867902.77
87.3119601504319	90.9449272440582	1246.809	1090.888	889732.6
96.9870524103581	99.2814405748475	1278.418	1238.536	909868.65
