0.000909999272000582	0.0163799868960105	7.328	0.472	387.07
0.00198999840800127	0.0358199713440229	14.9	0.806	731.09
0.00285999771200183	0.0512999589600328	20.685	0.745	1418.21
0.00412999669600264	0.073439941248047	29.649	0.765	1527.75
0.00580999535200372	0.103139917488066	40.835	0.878	2507.81
0.00891999286400571	0.1565998747201	60.185	1.694	3326.46
0.0127799897760082	0.225179819856144	84.506	1.354	4938.74
0.0196599842720126	0.338579729136217	122.566	2.831	6909.56
0.0283299773360181	0.478079617536306	168.68	2.726	11317.96
0.0415199667840266	0.679139456688435	224.968	4.537	15550.26
0.0627299498160401	0.973979220816623	294.731	6.038	23497.77
0.0961099231120615	1.39355888515289	376.38	7.958	32340.11
0.141399886880091	1.85201851838519	429.518	8.349	48519.8
0.211769830584136	2.43521805182556	434.439	12.849	64276.75
0.314809748152201	3.01175759059393	341.729	15.684	102535.68
0.473049621560303	3.5936971250423	297.24	18.828	147871.77
0.60921951262439	3.09725752219398	130.951	18.473	186761.54
1.06693914644868	4.64111628710697	306.107	25.888	388983.36
1.59628872296902	5.23457581233935	319.831	32.735	447997.81
2.39891808086554	6.04421516462787	337.332	38.924	559227.75
3.5950271239783	7.25057419954064	377.864	50.839	648529.41
5.39528568377145	9.03239277408578	413.052	65.419	719370.4
8.09267352586118	11.7251906198475	476.851	93.935	741008.82
12.1374702900238	15.7757273794181	544.898	133.372	723258.99
18.2062154350277	21.851802518558	753.851	220.921	735599.59
27.3029281576575	30.9448552441158	924.254	310.211	757248.45
37.3136901490479	40.9487072410342	1077.175	364.809	779997.58
47.3080821535343	50.9577792337766	1311.124	462.226	803249.81
57.3067041546367	60.942371246103	1480.337	546.557	824272.17
67.3079761536191	70.9336232531014	1797.797	740.745	846430.6
77.3054281556575	80.9417952465638	1889.492	699.037	868227.16
87.3109201512639	90.9132472694022	2095.783	961.24	889933.72
97.1822222542222	99.7679801856159	2259.271	1053.609	910997.49
