0.0011500161002254	0.0206999834400132	7.386	0.925	422.44
0.00228003192044689	0.0408599673120262	12.913	1.02	844.46
0.00309004326060565	0.0550799559360352	17.085	1.083	1230.31
0.00391005474076637	0.0701999438400449	21.865	1.184	1523.69
0.0058800823211525	0.103679917056066	30.851	1.39	2496.35
0.0088801243217405	0.1569598744321	49.97	1.564	3464.97
0.0132901860626049	0.233279813376149	73.169	1.956	5076.69
0.0189002646037045	0.325259739792208	98.492	2.526	7645
0.0275903862654077	0.461519630784295	142.317	3.109	10739.85
0.0420905892682498	0.686339450928439	208.414	4.264	17367.72
0.062800879212309	0.979019216784627	313.893	5.812	23770.59
0.0935313094383321	1.36655890675287	402.54	7.753	38847.68
0.142451994327921	1.8736185011052	596.404	11.184	57961.05
0.210942953201345	2.41667806665755	664.888	15.518	80194.71
0.305564277899891	2.84615772307382	759.356	19.91	109384.45
0.471286598012372	3.5933371253303	874.286	28.834	174436.55
0.713909994739926	4.12991669606664	948.908	38.565	276587.33
1.06321488500839	4.62599629920296	1034.543	53.347	381960.37
1.60318244455422	5.22989581608335	1137.737	76.44	578602.53
2.39805357275002	6.03701517038786	1182.569	110.75	746322.8
3.59836037704528	7.22519421984462	1334.528	159.391	1104758.76
5.39306550291704	9.03545277163778	1580.09	232.561	1470835.39
8.09363331086635	11.7361706110635	1839.37	347.428	1894920.14
12.1373299226189	15.7854473716421	2371.332	514.704	2170814.5
18.2109849537894	21.853602517118	3107.841	768.937	2422816.11
27.3141523981336	30.9630352295718	4240.901	1156.706	2823317.13
37.3106723494129	40.9499672400262	5443.491	1562.242	3254374.9
47.3098523379327	50.9493192405446	6524.035	1982.614	3684363.45
57.301222217111	60.949751240199	7807.9	2410.286	4136556.76
67.1703203844854	69.8273441381247	8759.89	2848.809	4553078.31
77.2729518213255	80.5214955828035	9806.839	3276.056	4999192.3
87.3123323726532	90.9469072424742	11248.108	3960.211	5425939.98
97.219631074835	99.9078400737279	11938.77	8355.319	5847958.16
