0.000809999352000518	0.0145799883360093	5.687	1.018	442.55
0.00192999845600124	0.0347399722080222	11.762	1.266	808.31
0.00317999745600204	0.0565199547840362	17.793	1.504	1298.68
0.00379999696000243	0.0678599457120434	21.277	1.653	1608.15
0.00629999496000403	0.111239911008071	33.951	2.134	2584.87
0.00894999284000573	0.157859873712101	50.142	2.672	3219.91
0.0130899895280084	0.228599817120146	68.085	3.129	4614.64
0.0192999845600124	0.333539733168213	119.671	3.893	7295.58
0.0285299771760183	0.476999618400305	143.309	5.389	11447.65
0.0338999728800217	0.525959579232337	157.969	5.275	5394.4
0.0409199672640262	0.67121946302443	209.318	6.136	18425.44
0.0946399242880606	1.36691890646487	464.845	10.171	39970.53
0.14128988696809	1.85939851248119	557.836	13.47	53537.23
0.212599829920136	2.45339803728157	680.505	18.349	94183.58
0.315619747504202	3.01013759188993	775.844	23.91	140044.57
0.474739620208304	3.61457710833831	850.055	32.345	184865.16
0.657969473624421	3.47543721965022	759.367	39.108	251363.54
1.05971915222468	4.62311630150696	1010.249	58.186	367973.16
1.59960872031302	5.22971581622735	1102.631	81.187	538171.46
2.39476808418553	6.03323517341186	1174.557	116.916	808876
3.5950371239703	7.23383421293263	1287.706	168.913	1137248.68
5.39190568647545	9.02105278315777	1494.342	245.627	1451811.21
8.09356352514918	11.7251906198475	1861.431	367.898	1906317.57
12.1393902884878	15.7834673732261	2333.506	541.868	2155122.86
18.2046054363156	21.837942529646	3027.51	794.958	2429530.4
27.3053881556895	30.9426952458438	4042.217	1193.397	2807606.63
37.3006801594559	40.8561873150501	5171.317	1625.858	3256160.86
47.3117021506383	50.9340192527846	6552.337	2064.295	3682333.77
57.3130241495807	60.943271245383	7438.973	2492.945	4083911.03
67.3085661531471	70.9460432431654	8584.814	3035.735	4512629.04
77.3079081536735	80.9380152495878	10046.348	3316.636	4951757.82
87.3084801532159	90.9512272390182	11278.918	3784.908	5406303.9
97.2020322383742	99.8255801395359	12159.509	4262.018	5835638.1
