0.00103001442020188	0.0185399851680119	6.788	0.916	374.21
0.00210002940041161	0.0376199699040241	12.302	1.003	796.23
0.00310004340060761	0.0548999560800351	17.882	1.054	1109.73
0.00440006160086241	0.0790199367840506	24.134	1.2	1588
0.00577008078113094	0.102419918064066	33.996	1.295	2347.64
0.00895012530175422	0.157859873712101	47.816	1.607	3420.76
0.0130901832625657	0.227879817696146	67.158	1.908	5418.33
0.0197402763638691	0.337859729712216	133.755	2.564	6997.9
0.0276003864054097	0.464039628768297	140.439	3.074	10739.85
0.0426505971083595	0.693719445024444	223.824	4.342	15981.05
0.0623308726322169	0.970019223984621	304.535	5.827	25478.85
0.0933713071983008	1.35359891712087	416.112	8.259	36878.08
0.138431938047133	1.83455853235317	536.863	10.949	59689.51
0.212902980641729	2.43809804952156	688.49	16.814	76420.03
0.311414359801037	3.00977759217793	810.144	20.443	120460.26
0.474136637912931	3.5990971207223	870.788	28.64	187102.4
0.709509933139064	4.11425670859463	928.048	38.463	281305.06
1.06707493904915	4.63139629488296	1001.621	53.761	385814.48
1.59889238449338	5.23475581219535	1055.844	75.294	520636.39
2.39546353648951	6.03701517038786	1188.61	108.615	826015.59
3.59446032244451	7.21925422459662	1330.879	161.018	1077133.93
5.3944055216773	9.03959276832579	1591.782	235.717	1431233.83
8.0902932641057	11.7167306266155	1878.975	348.896	1863781.07
12.137699927799	15.7852673717861	2244.286	511.728	2150098.03
18.2074949049287	21.865842507326	3098.048	775.114	2433088.43
27.3107523505329	30.9675352259718	4198.262	1133.016	2815128.63
37.3118323656531	40.9384472492422	5306.879	1568.937	3254303.43
47.3145824041537	50.9655192275846	6533.181	2006.933	3683893.85
57.311302358233	60.960911231271	7746.633	2445.914	4127076.96
67.316142425994	70.9406432474854	8690.766	2848.353	4532902.79
77.3070222983122	80.9327952537638	10007.614	3297.591	5005099.82
87.3139623954735	90.9429472456422	11148.072	3959.449	5427570.78
97.2083409167728	99.8677001058399	11825.107	7926.592	5847983.32
