0.000930013020182283	0.0167399866080107	6.394	0.906	422.44
0.0018000252003528	0.0323999740800207	10.977	1.013	796.23
0.00299004186058605	0.053099957520034	17.349	1.146	330
0.00302004228059193	0.0538199569440344	16.681	1.11	1178.06
0.00634008876124266	0.111779910576072	34.208	1.361	2279.31
0.00932013048182675	0.164699868240105	47.294	1.607	3806.61
0.0128201794825128	0.223199821440143	66.271	1.884	4819.46
0.0185802601236417	0.322739741808207	106.612	2.462	8067.02
0.0280403925654959	0.469619624304301	149.753	3.146	10599.17
0.0419705875882262	0.683099453520437	204.07	4.213	17086.37
0.0614608604520463	0.956519234784612	292.355	5.657	22874.28
0.09357130999834	1.36493890804887	407.179	7.758	36878.08
0.141331978647701	1.8674985060012	570.841	10.973	57760.07
0.209862938081133	2.41199807040154	709.231	15.318	83659.93
0.314914408801723	3.03299757360194	823.828	20.887	127367.22
0.472516615232613	3.61817710545832	894.064	28.307	189096.81
0.714179998519979	4.13261669390664	965.458	39.394	262506.92
1.0719550073701	4.62707629833896	1038.666	53.884	386152.41
1.59997239961359	5.22683581853135	1126.309	75.028	567230.63
2.40424365941123	6.04421516462787	1186.065	107.91	780079.04
3.59610034540484	7.23743421005263	1345.315	159.515	1092369.87
5.39663555289774	9.03563277149378	1568.039	235.315	1472379.95
8.09043326606572	11.7358106113515	1868.305	350.03	1869814.1
12.1372599216389	15.7870673703461	2380.036	513.287	2148928.26
18.2075949063287	21.841542526766	3059.2	756.632	2430660.7
27.1899306590292	29.9429760456192	3903.522	1112.883	2794319.83
37.3137323922535	40.9670672263462	5188.952	1545.303	3254416.74
47.3137523925335	50.9572392342086	6388.323	2000.573	3677386.53
57.3154524163338	60.959471232423	7562.715	2382.089	4141772.69
67.3122523715332	70.9545032363974	8934.094	2865.439	4573748.48
77.1216097025358	79.674776260179	9431.236	3304.471	4941743.07
87.3076123065723	90.9649072280742	11106.643	3916.117	5425268.96
96.9653575150052	99.2227606217915	12343.733	7911.182	5820621.39
