0.000990013860194043	0.0178199857440114	6.862	1.087	390.28
0.00190002660037241	0.0340199727840218	11.635	1.346	780.15
0.00291004074057037	0.0523799580960335	17.631	1.636	1222.27
0.00410005740080361	0.0719999424000461	23.002	1.753	1668.39
0.0057800809211329	0.102059918352065	31.82	2.08	2653.1
0.00882012348172874	0.154619876304099	56.303	2.604	3742.3
0.0125401755624579	0.221399822880142	68.821	3.081	4791.33
0.0183802573236025	0.315899747280202	95.473	4.097	7753.52
0.0276903876654273	0.469619624304301	154.804	4.982	11595.97
0.0409605734480283	0.669419464464428	214.98	6.198	16338.75
0.06153086143206	0.962459230032616	300.496	7.844	23935.38
0.0938613140583968	1.36817890545688	410.484	9.928	38658.75
0.132351852925941	1.48211881430495	406.802	11.803	16853.23
0.138861944067217	1.85039851968118	576.024	13.566	57961.05
0.315754420561888	3.03839756928194	814.837	23.909	127503.91
0.472146610052541	3.58523713181029	871.286	31.557	173990.23
0.708619920678889	4.10453671637063	930.751	42.117	270317.25
1.06455490376865	4.64363628509097	999.293	57.845	401561.37
1.60570247983472	5.23637581089935	1111.158	81.337	574138.28
2.39571353998956	6.04043516765187	1202.794	118.57	796882.26
3.56970997593966	6.86627450698039	1281.436	171.665	1069740.2
5.39303550249704	9.04121276702979	1534.062	248.033	1469028.12
8.09120327684588	11.7354506116395	1894.332	375.403	1901401.63
12.1406899696596	15.7742873805701	2385.142	547.646	2154064.57
18.2096849355891	21.859182512654	3061.411	797.122	2424241.65
27.3109423531929	30.9525952379238	4225.445	1193.507	2827891.46
37.3097423363927	40.9407872473702	5434.536	1628.432	3255133.69
47.3078923104923	50.9476992418406	6577.019	2064.14	3681885.61
57.3132423853934	60.946151243079	7991.802	2543.554	4124536.12
67.311502361033	70.9570232343814	9054.217	2953.33	4573484.54
77.3143124003736	80.9601552318758	10283.914	3369.884	4994475.61
87.2787719028066	90.5226475818819	10805.223	3813.544	5424040.69
97.1986107805509	99.8308001353599	12272.377	4287.128	5847999.98
