0.00100999919200065	0.0181799854560116	6.472	0.914	366.18
0.00209999832000134	0.0377999697600242	12.192	1.032	884.68
0.00287999769600184	0.0512999589600328	16.024	1.054	1158
0.00401999678400257	0.0714599428320457	22.889	1.159	1423.28
0.00619999504000397	0.10925991259207	36.988	1.313	2343.7
0.00834999332000534	0.147959881632095	58.71	1.572	3219.91
0.0134799892160086	0.23471981222415	75.363	1.976	5350.19
0.0179699856240115	0.310679751456199	91.935	2.301	7814.08
0.0269899784080173	0.456659634672292	137.558	3.024	12046.54
0.0413899668880265	0.675539459568432	201.68	4.159	18003.41
0.0622099502320398	0.96875922499262	286.689	5.895	25672.68
0.0933899252880598	1.35791891366487	412.967	7.909	37426.07
0.139399888480089	1.83815852947318	558.31	11	59780.05
0.211739830608136	2.43071805542556	680.713	14.762	91031.75
0.315049747960202	3.01715758627393	795.626	19.408	135501.25
0.471789622568302	3.60467711625831	886.632	27.359	187293.93
0.709769432184454	4.13081669534664	974.366	36.501	275772.5
1.06725914619268	4.62689629848296	972.359	50.359	391351.94
1.60110871911302	5.21531582774734	1109.656	71.633	586001.87
2.39893808084954	6.03323517341186	1196.216	103.158	771896.07
3.6009971192023	7.22177422258062	1268.544	148.931	1088817.42
5.39345568523545	9.03581277134978	1521.981	218.163	1470785.31
8.09990352007718	11.7282506173995	1839.059	318.059	1969734.81
12.1359802912158	15.7652873877701	2318.282	478.347	2163940.72
18.2067954345637	21.844602524318	3035.673	736.767	2409379.34
27.3063181549455	30.9516952386438	3922.24	1064.465	2803367.55
37.3129601496319	40.9533872372902	5055.211	1491.494	3220475.43
47.3118621505103	50.9354592516326	6159.996	1833	3682488.95
57.3128641497087	60.947771241783	7253.071	2257.388	4084301.18
67.3057761553791	70.9249832600134	8259.947	2638.716	4511283.15
77.3079681536255	80.9533152373478	9628.554	3015.493	4964135.38
87.2727501817999	90.4511876390499	10442.897	3607.58	5398697.87
97.0819023344781	99.4774604180317	11320.182	7343.715	5822430.66
