0.00101001414019796	0.0181799854560116	2.574	1.088	442.53
0.00190002660037241	0.0341999726400219	3.168	1.28	820.34
0.00312004368061153	0.0554399556480355	5.904	1.511	1117.77
0.00398005572078009	0.0712799429760456	5.049	1.804	1555.85
0.00924012936181107	0.161639870688103	8.565	2.483	3641.82
0.0128101793425108	0.223919820864143	11.337	2.905	4964.16
0.0190702669837378	0.32867973705621	16.079	3.573	7295.32
0.0274903848653881	0.464039628768297	21.144	4.335	10599.17
0.0423405927682988	0.695699443440445	31.887	5.632	17544.58
0.0636908916724834	0.988559209152633	43.564	7.003	22882.31
0.0946813255385575	1.36817890545688	63.349	9.823	39350.1
0.141081975147652	1.86497850801719	87.242	12.477	53201.72
0.210832951661323	2.42207806233755	123.519	17.089	91241.63
0.314864408101713	3.01913758468993	190.028	23.497	124918.83
0.473686631612843	3.5947771241783	297.327	29.954	185562.37
0.711649963099483	4.11965670427464	441.767	42.918	264690.73
1.07029498412978	4.64363628509097	565.965	55.709	366343.11
1.59607234501283	5.22467582025934	705.314	77.57	547269.44
2.40400365605118	6.04241516606787	927.644	111.04	780018.61
3.60338044732626	7.24463420429264	1236.254	160.292	1113626.28
5.39357551005714	9.03419277264578	1684.02	233.942	1450164.09
8.09313330386625	11.7322106142315	2396.524	347.45	1870341.53
12.1381099335391	15.7885073691941	3566.906	511.681	2148953.38
18.2049948699282	21.802302558158	5114.342	768.043	2408703.25
27.311062354873	30.9808552153158	7412.705	1153.205	2813883.48
37.3080523127324	40.9344872524102	9973.591	1549.743	3254282.64
47.3134223879134	50.9611992310406	12670.772	1972.547	3678875.09
57.3153924154938	60.976031219175	15152.28	2402.402	4121039.49
67.3107623506729	70.9325432539654	17754.536	2780.41	4546449.64
77.3170424385941	80.9345952523238	20173.778	3174.146	4989473.53
87.311042354593	90.9436672450662	23096.106	3655.213	5432006.72
97.1662903280646	99.7130802295358	25706.294	4002.563	5844494.99
