0.00112001568021952	0.0201599838720129	3.343	0.949	422.44
0.00199002786039005	0.0358199713440229	4.72	1.025	776.13
0.00296004144058017	0.0527399578080338	6.235	1.128	1238.35
0.00369005166072325	0.0658799472960422	7.003	1.134	1588
0.00500007000098001	0.0887399290080568	9.282	1.253	2134.62
0.0084301180216523	0.147959881632095	14.665	1.561	3292.15
0.0123701731824246	0.217799825760139	19.976	1.832	5394.22
0.019010266143726	0.326519738784209	29.5	2.461	7411.88
0.0278703901854626	0.4694396244483	41.424	2.966	11407.06
0.0391705483876774	0.636299490960407	60.799	4.025	14859.64
0.0628508799123188	0.981899214480628	95.56	6.575	25728.05
0.0936913116783635	1.35755891395287	112.606	7.856	37774.45
0.138731942247191	1.81889854488116	161.632	11.017	56079.82
0.211872966221527	2.42441806046555	220.949	15.055	86184.46
0.316234427281982	3.03047757561794	289.257	21.176	127415.47
0.453846353848954	3.30155735875411	365.857	26.454	162112.83
0.714159998239975	4.13801668958665	562.595	37.849	247570.42
1.06663493288906	4.64633628293097	670.91	52.065	395104
1.59934239079347	5.21297582961934	809.758	74.914	566771.75
2.40389365451116	6.03593517125186	919.747	105.519	788107.87
3.59442032188451	7.23509421192463	1157.528	155.722	1079134.65
5.39432552055729	9.04301276558979	1365.554	227.168	1432086.69
8.08591320278484	11.7089906328075	1680.494	330.803	1912433.91
12.137739928359	15.7953473637221	2225.34	491.46	2171200.19
18.2062448874284	21.859182512654	3096.046	737.202	2417801.63
27.2656717194041	30.4039556768355	4219.295	1087.994	2798361.88
37.3106423489929	40.9553672357062	5721.68	1510.285	3247737.81
47.3091723284126	50.9365392507686	6840.272	1893.677	3682812.09
57.3043222605116	60.906011275191	8302.109	2323.715	4105429.88
67.311092355293	70.9527032378374	9722.732	2702.607	4569887.08
77.3120523687332	80.9558352353318	11264.015	3153.172	4996672.46
87.3119623674731	90.9377272498182	12377.563	3755.057	5425273.16
97.2161710263944	99.8920000863999	13658.923	7858.099	5847970.7
