0.08527	1.51703878636897	147.649	17.855	32343.57
0.17035	3.00401759678592	293.123	31.493	54983.08
0.38505	6.49025480779615	615.271	63.287	118383.71
0.77847	12.6246499002801	1148.962	177.281	312557.66
1.76204	25.1749598600321	2224.152	414.654	487477.1
3.7593	41.6436866850507	3077.778	788.073	663783.91
8.16438	57.807313754149	4048.586	1072.554	740852.23
22.51893	85.5690515447588	6204.29	1487.158	746845.05
32.30924	89.129808696153	6472.559	1394.78	768445.01
52.56151	99.8371001303199	6692.162	2013.189	813382.04
79.20372	100.0	6881.309	2104.65	871038.45
