0.00199999840000128	0.0199799840160128	2507.495	793.784	705556.12
0.00299999760000192	0.0199799840160128	2502.357	782.22	705556.12
0.00399999680000256	0.0199799840160128	2528.808	800.557	705556.12
0.0049999960000032	0.0219599824320141	2532.903	790.899	705556.12
0.00699999440000448	0.0241199807040154	2522.681	817.76	705556.12
0.0099999920000064	0.0260999791200167	2520.594	806.464	705556.12
0.013999988800009	0.0318599745120204	2525.285	838.588	705556.12
0.0189999848000122	0.035999971200023	2526.015	811.987	705556.12
0.0289999768000186	0.0460799631360295	2513.005	795.469	705556.12
0.0429999656000275	0.0599399520480384	2528.891	810.646	705556.12
0.063999948800041	0.0820799343360525	2524.854	816.109	705556.12
0.0949999240000608	0.112139910288072	2499.271	797.581	705556.12
0.141999886400091	0.160019871984102	2525.921	795.117	705556.12
0.211999830400136	0.228059817552146	2535.943	803.541	705556.12
0.316999746400203	0.333899732880214	2540.905	796.908	705556.12
0.474999620000304	0.492119606304315	2522.499	800.788	705556.12
0.711999430400456	0.729899416080467	2542.367	812.13	705556.12
1.06699914640068	1.08413913268869	2499.563	812.146	705556.12
1.59999872000102	1.61585870731303	2525.245	804.691	705556.12
2.39799808160153	2.41595806723355	2504.141	811.853	705556.12
3.5969971224023	3.61403710877031	2519.727	794.15	705556.12
5.39499568400345	5.41187567049946	2521.284	815.832	705556.12
8.09299352560518	8.10989351208519	2523.145	813.218	705556.12
12.1389902888078	12.1559302752558	2526.317	813.747	705556.12
18.2069854344117	18.2240854207317	2513.104	823.205	705556.12
27.3089781528175	27.3259581392335	2531.41	844.485	705556.12
37.3109701512239	37.3280101375919	2525.941	853.625	705556.12
47.3099621520303	47.3259221392623	2522.588	878.208	705556.12
57.3109541512367	57.3279741376207	2512.29	888.972	705556.12
67.3109461512431	67.3278661377071	2529.748	906.286	705556.12
77.3109381512495	77.3279381376495	2524.436	925.694	705556.12
87.3109301512559	87.3280101375919	2542.082	938.225	705556.12
97.3109221512623	97.3280821375343	2533.745	961.487	705556.12
