0.00199999840000128	0.0199799840160128	2499.451	772.977	705556.12
0.00299999760000192	0.0201599838720129	2510.826	745.764	705556.12
0.00399999680000256	0.0221399822880142	2519.12	766.087	705556.12
0.0049999960000032	0.0219599824320141	2499.984	747.059	705556.12
0.00699999440000448	0.0239399808480153	2516.721	746.734	705556.12
0.0099999920000064	0.0278999776800179	2494.694	775.756	705556.12
0.013999988800009	0.0320399743680205	2492.526	751.954	705556.12
0.0199999840000128	0.0379799696160243	2508.173	753.599	705556.12
0.0289999768000186	0.0458999632800294	2488.97	786.183	705556.12
0.0419999664000269	0.0579599536320371	2519.561	751.759	705556.12
0.063999948800041	0.0820799343360525	2507.43	749.958	705556.12
0.0949999240000608	0.111959910432072	2523.613	754.174	705556.12
0.14099988720009	0.158039873568101	2521.096	748.116	705556.12
0.211999830400136	0.230039815968147	2489.314	750.24	705556.12
0.315999747200202	0.334079732736214	2514.553	756.36	705556.12
0.473999620800303	0.490139607888314	2510.756	760.032	705556.12
0.711999430400456	0.728099417520466	2519.028	763.704	705556.12
1.06699914640068	1.08395913283269	2525.374	747.949	705556.12
1.59899872080102	1.61585870731303	2515.477	765.192	705556.12
2.39899808080154	2.41595806723355	2513.188	765.964	705556.12
3.5979971216023	3.61601710718631	2511.863	759.049	705556.12
5.39499568400345	5.41205567035546	2527.535	763.316	705556.12
8.09299352560518	8.10989351208519	2515.418	760.985	705556.12
12.1389902888078	12.1561102751118	2493.893	773.098	705556.12
18.2079854336117	18.2239054208757	2508.442	774.267	705556.12
27.3109781512175	27.3279381376495	2501.978	798.239	705556.12
37.3109701512239	37.3278301377359	2499.537	819.872	705556.12
47.3109621512303	47.3280821375343	2509.304	833.912	705556.12
57.3109541512367	57.3279741376207	2523.811	856.665	705556.12
67.3109461512431	67.3280461375631	2526.855	864.122	705556.12
77.3109381512495	77.3279381376495	2515.832	911.7	705556.12
87.3109301512559	87.3280101375919	2513.905	902.675	705556.12
97.3109221512623	97.3279021376783	2515.195	933.876	705556.12
