0.00199999840000128	0.0199799840160128	2540.69	1191.894	705556.12
0.00299999760000192	0.0199799840160128	2536.812	1214.172	705556.12
0.00299999760000192	0.0201599838720129	2536.355	1203.534	705556.12
0.0049999960000032	0.0219599824320141	2541.228	1183.063	705556.12
0.00699999440000448	0.0239399808480153	2537.682	1215.859	705556.12
0.0099999920000064	0.0260999791200167	2562.911	1210.499	705556.12
0.013999988800009	0.0298799760960191	2537.622	1204.931	705556.12
0.0199999840000128	0.035999971200023	2526.554	1218.83	705556.12
0.0289999768000186	0.0460799631360295	2551.554	1187.963	705556.12
0.0429999656000275	0.0601199519040385	2538.661	1205.109	705556.12
0.0629999496000403	0.0800999359200513	2521.539	1201.182	705556.12
0.0949999240000608	0.111959910432072	2536.717	1209.142	705556.12
0.141999886400091	0.157859873712101	2524.103	1200.25	705556.12
0.211999830400136	0.230039815968147	2522.809	1190.821	705556.12
0.316999746400203	0.333899732880214	2528.756	1216.602	705556.12
0.474999620000304	0.491939606448315	2533.081	1199.702	705556.12
0.711999430400456	0.727919417664466	2533.333	1188.526	705556.12
1.06699914640068	1.08395913283269	2523.604	1196.682	705556.12
1.59999872000102	1.61585870731303	2528.99	1208.724	705556.12
2.39899808080154	2.41595806723355	2530.516	1205.76	705556.12
3.5979971216023	3.61601710718631	2526.675	1195.014	705556.12
5.39599568320345	5.41187567049946	2523.121	1200.156	705556.12
8.09299352560518	8.11007351194119	2541.828	1199.895	705556.12
12.1389902888078	12.1561102751118	2526.091	1214.009	705556.12
18.2079854336117	18.2260654191477	2533.898	1219.219	705556.12
27.3109781512175	27.3279381376495	2536.876	1243.02	705556.12
37.3109701512239	37.3278301377359	2526.202	1234.209	705556.12
47.3109621512303	47.3279021376783	2548.239	1256.441	705556.12
57.3109541512367	57.3279741376207	2542.98	1289.494	705556.12
67.3109461512431	67.3280461375631	2541.776	1298.425	705556.12
77.3109381512495	77.3279381376495	2530.501	1308.721	705556.12
87.3109301512559	87.3278301377359	2541.238	1317.253	705556.12
97.3109221512623	97.3279021376783	2539.099	1352.14	705556.12
