0.00199999840000128	0.0179999856000115	2541.716	1234.099	705556.12
0.00199999840000128	0.0179999856000115	2540.69	1241.202	705556.12
0.00399999680000256	0.0199799840160128	2535.773	1228.494	705556.12
0.0049999960000032	0.0219599824320141	2554.328	1245.683	705556.12
0.00699999440000448	0.0241199807040154	2529.615	1220.866	705556.12
0.0099999920000064	0.0259199792640166	2549.407	1245.891	705556.12
0.013999988800009	0.0320399743680205	2544.171	1241.444	705556.12
0.0199999840000128	0.035999971200023	2527.181	1219.301	705556.12
0.0289999768000186	0.0458999632800294	2530.924	1231.661	705556.12
0.0429999656000275	0.0599399520480384	2552.816	1256.701	705556.12
0.063999948800041	0.0800999359200513	2561.841	1235.187	705556.12
0.0949999240000608	0.111959910432072	2553.755	1228.946	705556.12
0.141999886400091	0.159839872128102	2523.968	1237.359	705556.12
0.211999830400136	0.228059817552146	2535.492	1236.476	705556.12
0.316999746400203	0.333899732880214	2535.625	1218.867	705556.12
0.474999620000304	0.491939606448315	2542.426	1255.125	705556.12
0.710999431200455	0.728099417520466	2550.061	1235.03	705556.12
1.06699914640068	1.08395913283269	2556.676	1222.679	705556.12
1.59999872000102	1.61603870716903	2525.691	1225.229	705556.12
2.39899808080154	2.41595806723355	2545.545	1236.366	705556.12
3.5979971216023	3.61403710877031	2539.911	1223.277	705556.12
5.39599568320345	5.41403566877147	2536.775	1252.977	705556.12
8.09299352560518	8.10989351208519	2531.213	1260.482	705556.12
12.1379902896078	12.1559302752558	2546.887	1235.338	705556.12
18.2079854336117	18.2240854207317	2547.059	1262.24	705556.12
27.3109781512175	27.3279381376495	2530.706	1269.615	705556.12
37.3109701512239	37.3280101375919	2547.984	1289.287	705556.12
47.3109621512303	47.3279021376783	2544.221	1298.198	705556.12
57.3109541512367	57.3279741376207	2539.664	1310.716	705556.12
67.3109461512431	67.3280461375631	2561.808	1333.013	705556.12
77.3109381512495	77.3279381376495	2555.821	1322.473	705556.12
87.3109301512559	87.3280101375919	2543.777	1352.548	705556.12
97.3109221512623	97.3279021376783	2546.862	1373.618	705556.12
