0.000969999224000621	0.0174599860320112	6.297	0.908	410.45
0.00174999860000112	0.0314999748000202	10.522	0.985	836.57
0.00297999761600191	0.0534599572320342	16.976	1.086	1194.35
0.00368999704800236	0.0664199468640425	20.584	1.149	1455.65
0.00578999536800371	0.104039916768067	31.627	1.307	2440.53
0.00929999256000595	0.167039866368107	50.211	1.566	3296.77
0.0131799894560084	0.236699810640151	81.385	1.987	5149.99
0.0185299851760119	0.331379734896212	97.967	2.398	7899.67
0.0286699770640183	0.513539589168329	165.569	3.298	11602.13
0.0411199671040263	0.733499413200469	223.937	4.36	16309.61
0.0595699523440381	1.05587915529668	319.441	6.048	25423.25
0.0940999247200602	1.65977867217706	517.903	8.898	38340.27
0.129929896056083	2.25503819596944	696.015	12.29	49705.77
0.20280983775213	3.46895722483422	1056.291	18.15	82963.74
0.291169767064186	4.65299627760298	1402.852	25.191	109211.68
0.315899747280202	5.27957577633938	1601.247	27.46	121640.62
0.707969433624453	10.8174513460389	3284.756	60.122	251123.72
0.872599301920558	12.0472103622317	3650.455	71.473	326498.55
1.57978873616901	19.8835040931967	5866.634	131.031	556122.86
2.31062815149748	24.7435002051998	6747.28	191.149	781161.69
3.42555725955419	29.4476164419068	7495.303	277.839	1091344.25
5.04732596213923	32.8926336858931	7916.603	394.285	1430000.49
5.41660566671547	25.9298792560966	6328.097	394.896	1444336.81
12.1378102897518	47.9337816529747	11851.756	949.685	2160562.36
15.5156875874499	39.124948700041	9728.481	1124.083	2313038.47
26.563028749577	55.8571953142437	14040.116	1986.591	2786896.24
36.7202506237995	66.9358264513388	17165.232	2769.985	3225085.43
47.1184123052702	80.6743154605476	21215.395	3647.865	3676106.24
56.9047244762204	88.4179092656726	23756.666	4357.737	4109061.66
65.2151078279137	89.9921880062496	24243.633	4898.78	4474579.26
75.9816892146486	99.5919403264477	26878.739	8358.321	4948109.91
84.1200927039258	99.988480009216	27591.722	9355.77	5307886.55
90.576777538578	99.999820000144	27922.889	10587.228	5573609.54
