0.0010999991200007	0.0197999841600127	7.058	0.905	370.25
0.00145999883200093	0.0262799789760168	8.887	0.968	623.51
0.00308999752800198	0.0556199555040356	24.06	1.099	1238.57
0.00426999658400273	0.076499938800049	23.377	1.215	1672.71
0.00554999556000355	0.0997199202240638	30.29	1.294	2545.05
0.00947999241600607	0.170279863776109	50.326	1.588	3268.63
0.0107699913840069	0.192779845776123	57.719	1.736	3678.67
0.0115499907600074	0.206999834400132	66.614	1.827	4715.83
0.0273899780880175	0.490499607600314	154.967	3.236	11059.41
0.0379399696480243	0.675899459280433	203.593	4.396	14926.71
0.0572899541680367	1.01681918654465	317.357	5.843	24868.47
0.0768399385280492	1.35035891971286	419.54	7.518	31501.81
0.137999889600088	2.40785807371354	712.975	13.398	49146.95
0.155369875704099	2.6575178739857	829.803	14.051	63781.39
0.272989781608175	4.5295163763869	1406.588	23.735	116344.92
0.308579753136198	4.91813606549115	1494.176	26.948	121463.72
0.675539459568432	10.2482918013666	3146.816	56.85	271115.44
0.995079203936637	12.3164901468079	3618.972	80.531	351608.17
1.05336915730467	14.8987680809855	4490.245	89.473	369098.65
2.39491808406553	26.0322991741607	7144.612	200.144	763985.78
2.9609776312179	24.5093203925437	6291.59	237.965	956047.21
5.04156596674723	32.829813736149	8006.072	390.034	1428993.81
6.36617490706007	29.5923363261309	7059.061	467.032	1655401.36
11.5517807585754	41.2518269985384	9983.903	879.337	2136785.63
17.8954156836675	50.2185198251841	12486.783	1350.101	2402424.92
27.2361882110494	62.4077500737999	16036.49	2075.923	2810408.87
37.0624803500157	70.0669239464608	18272.341	2818.637	3240776.93
47.2966521626783	83.2020534383573	21905.942	3632.25	3705459.88
56.8003745597004	87.490370007704	23532.755	4348.422	4105551.76
66.5530167575866	95.2282038174369	25257.366	5437.384	4542180.87
74.5632703493837	97.0024623980301	26045.254	6188.96	4893025.67
83.3907032874374	99.8576201139039	27424.884	9265.14	5270695.31
90.60028751977	100.0	27678.927	10326.383	5574221.86
