0.000869999304000557	0.01565998747201	6.225	1.045	410.45
0.00200999839200129	0.0361799710560232	13.241	1.457	768.23
0.00328999736800211	0.0592199526240379	20.296	1.6	1138.07
0.00409999672000262	0.0736199411040471	25.526	1.751	1672.71
0.00563999548800361	0.101519918784065	31.347	2.083	2388.27
0.00626999498400401	0.112679909856072	35.31	2.205	2376.21
0.0123899900880079	0.221759822592142	70.718	3.219	4715.83
0.0160699871440103	0.287819769744184	101.907	3.787	6569.05
0.0192699845840123	0.345419723664221	105.591	4.025	7883.59
0.024949980040016	0.444779644176285	149.259	4.729	9901.65
0.0635599491520407	1.12625909899272	362.354	8.671	24824.27
0.092169926264059	1.62575869939304	494.101	10.832	32888.79
0.14046988762409	2.45087803929757	751.897	15.489	57883.33
0.199529840376128	3.40487727609818	1050.117	20.632	84009.12
0.314149748680201	5.23871580902735	1627.873	30.184	122292.06
0.455909635272292	7.32257414194069	2230.232	43.905	183895.53
0.684909452072438	10.3784316972546	3113.925	64.754	270628.74
0.868389305288556	12.0036503970797	3581.098	77.949	324587.55
1.49853880116896	18.5785051371959	5420.89	134.154	545993.68
2.39077808737753	26.0222191822247	7144.935	211.403	759606.34
3.52492718005826	30.7877153698277	7959.796	297.594	1063425.8
5.39068568745145	37.533209973432	9447.794	443.429	1456410.21
6.96094443124445	32.4532540373968	7823.06	556.313	1747237.53
12.1380502895598	47.7750217799826	11940.959	986.348	2158000.06
14.8609781112175	37.520789983368	9428.231	1135.848	2282015.59
27.3122581501935	63.5305891755287	16522.022	2229.881	2822498.15
35.6513714789028	61.6114307108554	16063.663	2815.829	3179826.13
47.2996721602623	83.2357134114293	21920.264	3783.352	3698331.08
57.0482143614285	89.8240681407455	24110.632	4597.455	4119100.64
66.7878365697307	96.831102535118	25811.286	5274.744	4540583.13
75.2864997708002	98.3582213134229	26567.974	5959.961	4913405.55
83.9618928304857	99.96760002592	27244.162	6627.745	5300774.53
90.59768752185	100.0	27918.223	7099.826	5573777.42
