0.000979999216000627	0.0176399858880113	9.413	0.903	398.39
0.00209999832000134	0.0377999697600242	12.362	1.04	800.39
0.00300999759200193	0.0541799566560347	16.947	1.091	1194.35
0.00395999683200253	0.0712799429760456	21.808	1.145	1463.69
0.00477999617600306	0.0860399311680551	26.052	1.202	1929.99
0.00808999352800518	0.145259883792093	44.104	1.556	3417.37
0.0128999896800083	0.231299814960148	70.676	1.977	4969.09
0.0177299858160113	0.317699745840203	107.968	2.354	7196.17
0.0285199771840183	0.508679593056326	154.962	3.318	10540.83
0.0383799692960246	0.684899452080438	213.895	4.194	16611.13
0.0592699525840379	1.04687916249667	329.417	6.196	23758.91
0.0908799272960582	1.60253871796903	500.668	8.664	35638.63
0.112099910320072	1.91879846496123	583.663	10.726	40422.79
0.135599891520087	2.35763811388951	733.042	12.528	54260.91
0.311489750808199	5.20055583955533	1662.708	27.201	129819.58
0.349519720384224	5.58323553341157	1692.503	29.646	140958.32
0.697519441984446	10.6084715132228	3250.277	60.697	259860.42
1.06768914584868	15.1316878946497	4630.596	94.042	401494.74
1.29444896444083	15.8286473370821	4529.316	105.941	466928.09
1.53576877138498	16.1261870990503	4379.108	120.753	525555.17
3.53477717217826	30.9356752514598	8069.86	289.374	1069997.56
4.41423646861083	27.8299577360338	6749.773	330.818	1293137.41
5.87422530061976	27.5972179222257	6700.606	443.68	1547940.8
11.8450205239836	44.0263447789242	10746.427	917.77	2143369.38
17.8275457379634	49.5831203335037	12283.043	1370.564	2397015.34
27.2861981710415	63.2312494150005	16091.034	2107.39	2815596.01
36.6333106933514	66.3657669073865	17103.896	2792.088	3224460.67
46.936652450678	78.7628969896824	20372.447	3596.278	3669904.14
57.1845842523326	91.5344267724586	24464.711	4857.104	4133051.97
66.2412170070264	93.719805024156	25108.288	5350.266	4528401.27
73.7633909892872	95.6054835156132	25971.945	5995.625	4851007.68
83.3688033049574	99.8459201232639	27763.168	9225.908	5262144.97
90.582507533994	100.0	27660.361	10406.584	5573886.28
