0.000809999352000518	0.0145799883360093	5.541	0.861	430.55
0.00165999867200106	0.0298799760960191	11.794	0.94	732.05
0.00213999828800137	0.0385199691840247	12.724	0.993	816.46
0.00393999684800252	0.0709199432640454	21.437	1.145	1628.47
0.00604999516000387	0.10871991302407	32.752	1.312	2078.71
0.00846999322400542	0.152099878320097	44.772	1.544	3521.85
0.012439990048008	0.223199821440143	70.327	1.873	4546.94
0.0183799852960118	0.329399736480211	107.46	2.442	7754.86
0.0284599772320182	0.509039592768326	147.277	3.303	11706.51
0.0286599770720183	0.511559590752327	153.491	3.476	12184.88
0.0615099507920394	1.0882791293767	339.969	6.272	25595.81
0.0933199253440597	1.64771868182505	488.696	9.061	36631.17
0.132199894240085	2.30201815838547	695.663	12.616	52197.78
0.165409867672106	2.74877780097776	847.708	15.667	68066.44
0.192729845816123	3.29543736365011	983.946	17.959	72557.38
0.474189620648304	7.61939390448488	2352.19	41.137	184017.92
0.662399470080424	10.0220319823744	3060.002	56.461	251325.74
0.973589221128623	13.5266291786967	4037.465	81.463	356194.54
1.27257898193681	15.5237275810179	4494.157	103.978	463609.92
1.562938749649	16.3146469482824	4443.24	125.476	560681.39
3.53241717406626	31.227635017892	8076.114	286.282	1069068.58
5.39507568393945	37.7015098387921	9562.174	431.115	1455353.11
7.73055381555695	38.1135295091764	9171.4	591.889	1832968.41
12.1263402989278	48.0464615628307	11871.523	940.278	2153097.14
17.5154959876032	47.2044222364622	11587.612	1312.373	2390172.7
26.2781389774888	54.3133365493308	13758.12	2006.716	2766974.75
37.2120102303918	72.3342021326383	18387.231	2870.194	3234885.84
47.2085522331582	82.1411342870926	21564.816	3653.927	3664285.28
57.1716742626606	91.3817868945705	23857.316	4398.132	4108005.13
66.8674765060188	97.3349221320623	25644.701	5709.324	4522534.85
75.3915096867922	98.5470411623671	26618.724	8240.763	4901211.5
84.1195027043978	99.990280007776	26978.8	9223.547	5272369.42
90.59293752565	100.0	27454.376	10226.655	5551185.51
