0.000489999608000314	0.00881999294400564	3.975	0.866	201.41
0.00196999842400126	0.0354599716320227	11.706	0.997	816.47
0.00271999782400174	0.0489599608320313	15.418	1.072	1194.35
0.00375999699200241	0.0673199461440431	23.271	1.166	1431.53
0.00471999622400302	0.0849599320320544	25.645	1.208	2030.49
0.00933999252800598	0.167579865936107	57.815	1.647	3405.31
0.010949991240007	0.196199843040126	60.285	1.806	4916.83
0.0159899872080102	0.286199771040183	84.386	2.156	6408.25
0.0257599793920165	0.460799631360295	136.221	3.114	11336.81
0.0398199681440255	0.707579433936453	247.629	4.228	16980.99
0.0477099618320305	0.846719322624542	251.403	5.317	19159.87
0.0813799348960521	1.42991885606492	454.77	7.848	35252.69
0.138479889216089	2.40911807270554	734.877	13.88	52978.39
0.211359830912135	3.61493710805031	1195.488	18.937	86099.9
0.316129747096202	5.26859578512337	1653.055	27.412	112565.18
0.467509625992299	7.51139399088481	2348.11	39.448	191967.13
0.706669434664452	10.8088113529509	3317.036	61.917	253488.88
0.714349428520457	9.86201211039031	2981.115	59.007	264281.14
1.31628894696884	16.0988271209383	4654.906	108.972	474370.11
2.40016807986554	26.1507390794087	7172.38	199.157	804874.67
2.92275766179387	24.1943206445435	6007.041	227.684	937879.11
5.26798578561137	35.5753515397188	8683.935	420.843	1443475.59
7.90405367675706	39.9542080366336	9673.627	611.964	1863686.92
12.0118403905277	46.0830231335815	11346.365	917.022	2138173.81
14.6413882868894	37.0122903901677	9174.651	1057.664	2271842.31
26.8248485401212	57.814873748101	14813.472	2045.3	2791345.42
36.8850704919436	68.2883453693237	17415.406	2805.556	3231568.33
46.7176926258459	76.9452584437933	20195.175	3578.947	3658799.96
57.1838442529246	91.5668267465386	24227.956	4913.007	4132427.31
63.5262491790007	85.862991309607	23559.24	4918.798	4405258
73.9913708069033	96.0423431661255	26319.455	6062.234	4849997.16
83.8484029212777	99.952120038304	27471.225	9472.162	5289901.09
90.560157551874	100.0	27505.021	10367.375	5572934.34
