0.000779999376000499	0.014039988768009	5.607	0.877	362.21
0.0018799984960012	0.0338399729280217	11.528	1.018	764.21
0.00253999796800163	0.0457199634240293	14.544	1.071	1093.85
0.00357999713600229	0.0644399484480412	20.082	1.153	1527.99
0.00554999556000355	0.0995399203680637	31.809	1.335	2432.49
0.00735999411200471	0.131399894880084	40.166	1.457	3075.67
0.00883999292800566	0.159119872704102	47.422	1.602	3742.99
0.018769984984012	0.336239731008215	100.921	2.452	7521.79
0.0258099793520165	0.460259631792295	154.644	3.212	9901.65
0.0282999773600181	0.506519594784324	156.497	3.302	11059.41
0.0507899593680325	0.896399282880574	283.43	5.363	20124.71
0.0945499243600605	1.66481866814507	508.377	9.03	35236.61
0.128589897128082	2.23343821324943	731.849	11.747	52821.59
0.18756984994412	3.18995744803404	985.868	16.766	75231.99
0.310749751400199	5.21063583149134	1611.049	27.39	108668.88
0.315549747560202	5.02451598038722	1568.938	27.368	121463.72
0.701809438552449	10.6878514497188	3213.349	59.785	264631.1
1.04932916053667	14.8382881293695	4426.77	86.662	398818.76
1.57965873627301	19.8237441410047	5809.896	129.048	544624.88
2.06164835068132	21.3649029080777	5804.432	162.859	728452.94
3.5986071211143	32.1269142984686	8404.316	276.583	1136264.09
5.37172570261944	37.3582501133999	9498.373	394.654	1418204.15
7.47243402205278	35.7155714275429	8447.591	511.95	1842240.1
11.8198305441356	43.728085017532	10692.556	793.605	2142006.38
18.2084954332037	54.3313365349308	13618.989	1248.862	2424360.51
27.2496882002494	62.6673098661521	15889.406	1862.124	2810622.47
37.2898001681599	73.2777613777909	18724.975	2495.564	3253420.07
47.0821123343101	80.1791358566913	20727.564	3170.797	3678639.02
56.6121747102602	86.2103910316872	22239.545	3806.167	4117695.74
66.3707669033865	94.3183045453564	24721.265	4711.028	4533873.69
75.3758496993202	98.497721201823	25706.386	7626.308	4925738.37
83.1483434813252	99.7874201700639	26469.422	8416.223	5255624.39
90.58263753389	100.0	26830.463	9620.355	5573651.54
