0.00107999913600069	0.0194399844480124	6.858	0.92	402.41
0.00157999873600101	0.0284399772480182	9.61	0.999	587.33
0.00163999868800105	0.0295199763840189	10.236	1.06	816.47
0.00366999706400235	0.0660599471520423	20.361	1.143	1624.47
0.00590999527200378	0.106199915040068	32.407	1.361	2380.23
0.00754999396000483	0.135719891424087	44.817	1.537	3268.63
0.0115099907920074	0.206099835120132	65.147	1.849	4490.71
0.0128999896800083	0.230759815392148	80.037	1.999	5145.97
0.0249099800720159	0.444419644464284	145.168	3.182	9901.65
0.028079977536018	0.501299598960321	157.399	3.262	11823.21
0.0614599508320393	1.0913391269287	328.526	6.363	26496.65
0.0746599402720478	1.30121895902483	397.892	7.333	27095.65
0.0929899256080595	1.63547869161705	501.383	8.965	33821.47
0.211069831144135	3.60935711251431	1110.21	19.352	81954.54
0.252309798152161	4.18805664955468	1287.997	22.044	99135.32
0.3124497500402	4.98113601509119	1625.23	27.923	121463.72
0.714109428712457	10.904211276631	3322.099	60.989	275005.32
0.995349203720637	13.9013888788889	4275.241	83.174	386827.4
1.59671872262502	20.2147038282369	6052.558	132.3	536573.37
2.36448810840951	25.6773394581284	7294.477	191.195	771753.68
3.30021735982611	21.7058226353419	5683.529	227.844	981959.33
3.5929271256583	31.9973144021485	8724.653	278.869	1043715.76
7.76864378508497	38.2782293774165	10094.022	543.388	1858018.4
11.8667805065756	44.2239846208123	12023.974	809.105	2143038.06
18.0808755352996	52.4244180604655	14564.452	1219.908	2408622.66
26.573298741361	55.9189352648518	15884.649	1735.548	2787185.72
33.7364330108536	56.3379749296201	17069.716	2162.876	3092582.38
47.0550723559421	79.9141760686591	24189.587	3172.446	3678584.38
57.1648042681566	91.1931470454824	28001.072	3803.809	4132393.63
66.6343166925466	95.8668433065254	30084.902	4884.413	4537836.59
73.8708609033113	95.7935833651333	30830.114	5342.703	4856761.14
84.0884527292378	99.984520012384	32191.821	8791.067	5307924.41
90.601597518722	100.0	33111.758	9766.424	5573835.88
