0.000599999520000384	0.0107999913600069	2.782	1.038	269.75
0.00177999857600114	0.0320399743680205	4.923	1.257	852.65
0.00274999780000176	0.0493199605440316	6.394	1.432	1150.13
0.00384999692000246	0.0692999445600443	8.435	1.744	1527.99
0.00581999534400372	0.104579916336067	17.14	2.172	2199.33
0.00731999414400468	0.131039895168084	14.448	2.193	2890.77
0.00880999295200564	0.158039873568101	17.004	2.726	3429.43
0.0138999888800089	0.248759800992159	26.24	3.129	5881.61
0.0173899860880111	0.310499751600199	36.895	3.435	6609.25
0.0209299832560134	0.372779701776239	37.959	3.815	8112.73
0.0626899498480401	1.11293910964871	126.297	7.473	26074.53
0.0629299496560403	1.10483911612871	111.676	7.59	24627.27
0.128319897344082	2.22605821915342	227.307	12.954	51969.27
0.182439854048117	3.04613756308995	323.145	18.214	68963.89
0.209839832128134	3.5882971293623	372.041	19.875	87523.24
0.450929639256289	7.21637422690062	730.276	39.158	184434.45
0.673729461016431	9.378892496886	970.331	53.844	239853.18
0.712909429672456	10.872351302119	1102.852	60.602	274655.36
1.44041884766492	17.7416858066514	1724.405	115.845	527052.71
2.17643825884939	22.7753817796946	2125.427	169.777	737766.76
3.5939871248103	32.0711143431085	2782.769	271.861	1084868.62
5.3104757516194	36.2089510328392	2959.741	393.139	1426645.03
6.35644491484407	29.5507563593949	2335.199	433.148	1653676.18
12.0314203748637	46.3038829568936	3868.571	853.075	2139700.09
18.2069454344437	54.3091965526428	4617.434	1283.13	2423647.45
26.6892886485691	56.7418946064843	10092.086	1823.001	2788150.32
36.9309604552316	68.706665034668	6397.16	2533.245	3233686.01
47.2670121863903	83.0137735889811	7912.12	3290.348	3687445
57.1616142707086	91.1357270914183	9136.492	3970.238	4124367.63
65.8568673145061	92.129146296683	25231.89	4490.563	4508583.43
74.2133206293435	96.3852428918057	26676.833	4997.265	4876478.28
83.5181931854455	99.8808400953279	28339.658	5598.087	5271995.35
90.583607533114	100.0	28295.169	6045.973	5573659.88
