0.000929999256000595	0.0167399866080107	3.127	1.104	362.21
0.00206999834400132	0.0372599701920238	5.444	1.348	796.37
0.00275999779200177	0.0494999604000317	6.449	1.43	1093.85
0.00396999682400254	0.0714599428320457	8.694	1.729	1672.71
0.00460999631200295	0.0829799336160531	10.212	1.817	1749.09
0.00606999514400389	0.10925991259207	12.373	2.066	2179.23
0.0087499930000056	0.157139874288101	17.079	2.44	3075.67
0.0159999872000102	0.285659771472183	29.481	3.506	5415.31
0.0184599852320118	0.330119735904211	37.028	4.066	7220.29
0.0229499816400147	0.409499672400262	42.956	4.132	8112.73
0.053109957512034	0.9368992504806	95.614	6.709	21165.91
0.0945899243280605	1.66103867116906	168.438	10.259	36092.93
0.132809893752085	2.26457818833745	234.322	13.359	49279.61
0.141419886864091	2.46077803137758	246.717	14.05	53706.09
0.313859748912201	5.25095579923536	538.729	27.736	127684.36
0.454999636000291	7.32887413690069	738.975	39.307	177364.39
0.646139483088414	9.76517218786225	980.107	53.736	248505.16
0.726949418440465	10.0295919763264	1003.512	59.766	264281.14
1.23661901070479	15.0791279366977	1428.09	98.137	443963.2
2.39469808424153	26.1156391074887	2480.98	190.253	845576.75
3.5960071231943	32.0738143409485	2859.597	275.485	1115287.87
5.39928568057146	37.6647898681681	3115.063	404.07	1492292.76
8.03452357238114	42.0189863848109	3349.83	578.668	1848337.68
12.1370102903918	47.7665617867506	3936.51	871.194	2157736.04
18.1432454854036	53.4572572341942	4615.948	1258.685	2410803.3
27.3189981448015	63.5831491334807	5706.701	1907.066	2829228.71
36.8709205032636	68.1474054820756	6403.445	2572.045	3230918.43
47.2531421974862	82.6447738841809	7903.465	3299.971	3684538.9
57.1440242847806	90.8507873193701	9162.469	3953.935	4129756.13
66.7192166246267	96.1985830411336	9512.635	4615.547	4549422.85
73.9937008050394	96.0061631950694	10024.339	5035.505	4863613.12
84.0619427504458	99.9820000144	11047.445	5612.683	5301256.77
90.601077519138	100.0	11427.596	6025.571	5573815.18
