0.00180999855200116	0.0325799739360208	3.361	1.091	836.57
0.00341999726400219	0.0615599507520394	4.122	1.184	1519.95
0.00835999331200535	0.150299879760096	7.527	1.566	3216.37
0.0189299848560121	0.339119728704217	14.236	2.437	7521.79
0.0399199680640255	0.712439430048456	28.883	4.611	16932.73
0.14020988783209	2.43593805124956	92.378	14.27	58868.35
0.333679733056214	5.3141357486914	215.563	33.174	127069.12
0.854809316152547	11.7687505849995	627.419	73.404	316255.65
1.562988749609	19.6293442965246	1212.522	134.343	543606.36
3.6007371194103	32.1483342813326	2188.147	284.313	1130501.25
8.09013352789318	42.7467258026194	4283.602	587.793	1905300.41
16.5166467866826	42.234626212299	6091.22	1070.374	2353638.9
65.2572177942258	90.1372678901857	17679.163	4356.747	4487083.78
