0.000870012180170522	0.01565998747201	2.371	1.122	430.68
0.00185002590036261	0.0331199735040212	5.499	1.36	758.69
0.00281003934055077	0.0505799595360324	3.9	1.606	1096.95
0.00447006258087613	0.0795599363520509	5.261	1.951	1539.47
0.0060300844211819	0.106739914608068	6.427	2.322	2259.7
0.00889012446174246	0.1562398750081	9.387	2.929	3645.61
0.0189702655837182	0.32831973734421	15.552	4.525	7324.1
0.0283603970455586	0.478439617248306	19.604	5.833	11103.17
0.042020588288236	0.680759455392436	26.265	7.82	16531.24
0.0957813409387731	1.37915889667288	40.356	13.262	34179.28
0.139581954147358	1.84481852414518	47.722	16.491	46881.67
0.212262971681604	2.42999805600156	59.943	21.515	72808.69
0.313974395641539	3.02813757748994	65.624	26.525	97653.72
0.472846619852678	3.5917171266263	71.498	31.747	142290.74
0.710029940419166	4.10885671291463	76.39	39.202	195433.36
1.06329488612841	4.65137627889898	83.825	46.736	363761.6
1.5964123497729	5.23727581017935	108.776	59.966	458693.66
2.40178362497075	6.04655516275587	116.897	70.214	565194.48
5.39215549017686	9.0593927524858	180.964	115.559	717661.55
8.08557319802477	11.7309506152395	242.916	154.643	741087.38
12.1381099335391	15.7870673703461	341.529	224.405	724165.77
27.3109423531929	30.9507952393638	825.037	458.267	757206.1
37.3105523477329	40.9555472355622	1153.719	595.499	779487.21
47.3067322942521	50.9719992224006	1517.655	745.263	801250.77
57.3088623240725	60.944711244231	1851.033	885.961	823014.16
67.3114923608931	70.9644032284774	2216.938	1036.558	846605.97
77.3073323026522	80.9056152755078	2584.29	1185.616	866829.49
87.311372359213	90.9663472269222	2855.886	1329.859	890059.46
97.2107609506533	99.8741801006559	3137.355	1462.385	911598.62
