0.000930013020182283	0.0167399866080107	6.548	1.148	422.76
0.00146002044028616	0.0259199792640166	11.508	1.264	168.41
0.00334004676065465	0.0597599521920382	19.305	1.695	1132.27
0.00422005908082713	0.0755999395200484	23.527	1.871	1559
0.00700009800137202	0.122399902080078	36.672	2.412	719.26
0.01301018214255	0.226799818560145	67.458	3.681	5224.28
0.0191302678237495	0.32885973691221	98.502	4.612	7568.5
0.0424805947283262	0.694079444736444	200.858	7.468	16091.82
0.0625008750122502	0.970919223264621	241.221	8.919	23940.65
0.0935813101383419	1.35485891611287	307.963	12.357	33000
0.140321964507503	1.84859852112118	357.152	15.463	50922.76
0.207792909100727	2.40137807889754	358.689	20.194	71884.98
0.315444416221827	3.01859758512193	344.418	25.07	102298.25
0.705999883998376	4.12433670053064	342.793	36.809	275354.76
1.6061424859948	5.23313581349135	378.423	55.167	480496.87
2.40381365339115	6.03575517139586	445.899	68.614	564089.9
3.59383031362439	7.24211420630864	512.696	86.437	653350.36
5.39532553455748	9.02699277840578	607.124	113.611	715795.5
8.09791337078719	11.7359906112075	742.852	152.025	740879.89
12.1463400487607	15.7894073684741	944.136	218.698	723174.63
27.3172424413942	30.9527752377798	1782.456	456.791	757278.37
37.3102723438128	40.9541072367142	2309.44	597.994	779431.37
47.3145924042937	50.9579592336326	2824.278	741.011	801001.03
67.3121023694332	70.9429832456134	3871.999	1029.034	846670.06
77.3134023876334	80.9439552448358	4350.4	1183.682	867733.24
87.3144224019136	90.9553672357062	4954.926	1329.213	890332.98
97.168280355925	99.7183002253598	5174.014	1439.901	911435.18
