0.00234003276045865	0.0419399664480268	5.583	1.447	786.28
0.00306004284059977	0.0548999560800351	6.738	1.659	1085.17
0.00377005278073893	0.0676799458560433	7.94	1.787	1637.08
0.00620008680121522	0.10961991230407	11.536	2.29	2244.17
0.0085301194216719	0.151919878464097	15.283	2.786	3538.02
0.0133301866226127	0.233099813520149	22.045	3.635	5433.37
0.0199402791639083	0.340379727696218	31.391	4.405	7467.02
0.0272503815053411	0.462419630064296	40.51	5.612	10362.06
0.0420805891282478	0.68759944992044	59.02	7.037	15510.24
0.0616008624120738	0.959579232336614	80.571	8.914	22858.52
0.072541015574218	1.03805916955266	80.09	9.53	7214.96
0.141701983827774	1.86389850888119	130.45	15.775	49674.91
0.309954339360751	2.92229766216187	177.023	25.875	98941.31
0.476536671513401	3.61727710617832	206.488	31.899	142114.61
0.711549961699464	4.12163670269064	241.694	37.718	275170.23
1.60668249355491	5.23799580960335	305.735	57.752	456482.96
2.12828979605714	4.51817638545889	251.666	53.023	495171.69
3.59473032622457	7.21439422848462	424.324	95.031	649300.83
8.09262329672615	11.7230306215755	684.638	155.875	740870.82
12.1353898954585	15.7636673890661	895.002	223.327	723562.26
18.2099549393692	21.855402515678	1227.479	318.514	736646.29
27.3074523043323	30.9498952400838	1742.788	453.274	757579.53
37.3098123373727	40.9370072503942	2296.666	674.527	779395.67
77.127549785697	79.702316238147	4257.463	1161.396	865449.1
87.3134223879134	90.9427672457862	5045.34	1327.506	890422.05
97.2228211194957	99.9098200721439	5355.491	1474.479	911597.2
