0.000960013440188163	0.0172799861760111	2.333	0.924	442.57
0.00203002842039789	0.0363599709120233	3.046	1.016	900.47
0.00315004410061741	0.0566999546400363	6.332	1.148	1187.18
0.00386005404075657	0.0694799444160445	4.341	1.217	1609.76
0.00602008428117994	0.108359913312069	5.608	1.384	2395.45
0.0085301194216719	0.153539877168098	7.097	1.546	3695.53
0.0130701829825618	0.235259811792151	10.612	2.078	5155.79
0.0195002730038221	0.350459719632224	15.056	2.68	7632.38
0.0269703775852862	0.48437961249631	20.561	3.222	10503.04
0.0419105867482145	0.752579397936482	34.659	4.95	15790.26
0.0634208878924305	1.13579909136073	47.018	6.991	22609.76
0.0912212770978794	1.62827869737704	68.014	10.334	34496.32
0.14010196142746	2.4937180050256	109.531	16.937	53602.27
0.208492918900865	3.68999704800236	153.036	24.779	71145.16
0.315354414961809	5.52167558265953	222.685	35.786	100891.03
0.475946663253286	8.21987342410126	317.806	51.115	142420.06
0.711239957359403	12.0463103629517	526.861	111.898	281463.49
1.06962497474965	17.6012859189713	794.964	147.698	382627.37
1.59422231911247	25.1258198993441	1121.576	245.852	481121.43
2.40369365171112	35.4425116459907	1429.043	341.973	561645.66
3.60026040364565	48.3143013485589	1587.762	503.048	656182.27
5.39304550263704	63.0717695425844	1554.25	641.114	720593.49
8.09109327530585	78.0362375710099	2001.506	815.365	740875.97
12.1364099097387	90.1815478547617	2430.119	956.404	723741.7
18.2062048868684	97.2773221781423	2643.604	1314.604	737021.47
27.3127223781133	99.6772602581918	2704.25	1332.701	757423.95
37.3043422607916	99.976780018576	2735.384	1405.681	779808.43
47.2981921746904	99.998920000864	2787.505	1442.488	802279.29
57.3076623072723	100.0	2813.581	1485.103	824118.18
67.3037122519715	100.0	2869.583	1511.749	845872.79
77.3234125277754	100.0	2944.336	1527.571	867626.17
87.3202824839548	100.0	2951.307	1571.805	889840.87
97.3130723830134	100.0	3040.335	1594.105	911711.26
