0.000830011620162682	0.0149399880480096	2.291	0.916	410.86
0.00176002464034496	0.0316799746560203	2.768	1.015	813.86
0.00293004102057429	0.0527399578080338	3.334	1.177	1187.18
0.00395005530077421	0.0710999431200455	3.953	1.164	1543.38
0.00571007994111918	0.102779917776066	4.947	1.396	2399.32
0.00922012908180714	0.165779867376106	7.502	1.623	3599.51
0.0134201878826304	0.241379806896154	10.421	2.037	5056.82
0.0183002562035868	0.32885973691221	13.731	2.433	7433.18
0.0284303980255724	0.510659591472327	20.916	3.404	10888.49
0.0423305926282968	0.760139391888486	30.8	5.025	15339.15
0.0630808831323638	1.13075909539272	45.07	7.049	21933.6
0.0952113329586614	1.69991864006509	66.969	10.56	32754.84
0.14071196996758	2.5001979998416	110.163	16.031	48952.09
0.210902952641337	3.72869701704239	143.434	23.555	74184.76
0.317394443522209	5.57045554363556	212.051	35.664	98953.28
0.473446628252796	8.19611344310925	304.73	51.159	150133.84
0.710179942519195	12.0463103629517	517.713	112.544	193811.22
1.06728494198919	17.5690659447472	798.662	149.236	375157.56
1.60117241641383	25.1801798558561	1123.403	252.272	474445.42
2.39857358003012	35.4209116632707	1448.185	340.967	567914.93
3.59413031782445	48.3288813368949	1585.551	496.965	660512.31
5.3933455068371	63.2301694158645	1532.877	641.069	721614.81
8.09595334334681	78.107517513986	1976.844	814.666	740808
12.1297298162174	90.2236678210657	2441.713	950	723657.29
18.2189950659309	97.3304221356623	2641.102	1417.825	737242.24
27.2995421935907	99.6808602553118	2685.769	1421.277	757537.42
37.316292428094	99.976420018864	2741.212	1455.251	779663.84
47.3007022098309	99.998740001008	2767.193	1508.066	801652.37
57.306112285572	100.0	2830.527	1573.299	823955.17
67.2997521965307	100.0	2904.405	1603.987	845646.27
77.2977321682503	100.0	2935.793	1616.657	868103.59
87.3193924714946	100.0	2995.503	1662.883	889857.51
97.3144524023336	100.0	3008.17	1706.741	911799.24
