0.00117	0.0210599831520135	14.467	1.319	478.21
0.00197	0.0354599716320227	24.416	2.228	967.32
0.00282	0.050039959968032	32.328	2.59	1249.89
0.00412	0.0739799408160473	49.621	3.054	1590.24
0.00589	0.104759916192067	72.31	3.595	2379.94
0.00913	0.160559871552103	108.088	4.057	3457.28
0.01297	0.225179819856144	149.301	3.576	5075.86
0.01956	0.336779730576216	215.589	6.938	7666.19
0.02794	0.473399621280303	295.373	8.508	11103.17
0.04325	0.701099439120449	418.378	10.958	14024.99
0.06267	0.980819215344628	546.185	12.932	22492.43
0.09488	1.37753889796888	701.323	17.817	35361.8
0.1398	1.83437853249717	828.489	20.858	54920.9
0.21032	2.43305805355356	927.397	29.46	71195.74
0.31427	3.01913758468993	868.563	36.664	102663.28
0.47579	3.60377711697831	808.841	43.993	150941.31
0.71305	4.13477669217865	797.047	52.426	272771.05
1.06633	4.63229629416296	818.847	61.734	384935.61
1.59868	5.23349581320335	854.263	81.658	462531.53
2.39967	6.02333518133185	905.756	98.524	595763.23
3.60202	7.24499420400464	992.289	129.582	658054.48
5.39002	9.04157276674179	1085.258	146.443	723253.38
8.0949	11.7493106005515	1237.843	245.195	740272.5
12.13937	15.7768073785541	1507.847	356.168	724473.76
18.21348	21.847842521726	1971.455	494.679	738163.77
27.30946	30.9561952350438	2566.601	668.68	758634.72
37.31221	40.9416872466502	3181.081	1053.211	780061.4
47.31338	50.9757792193766	3884.444	1097.149	802275.84
57.31813	60.969191224647	4495.398	1496.409	824393.48
67.30521	70.9458632433094	4816.237	1774.559	846304.05
77.31316	80.9637552289958	5436.754	2029.852	868316.63
87.30938	90.9514072388742	6153.838	2132.656	890506.89
97.14287	99.6670002663998	6451.326	2145.972	911109.13
