0.0999	1.41965886427291	799.844	17.455	37613.78
1.01102	4.56983634413093	828.306	58.238	352173.6
1.51537	5.14637588289929	877.683	71.081	463353.79
5.12827	8.76995298403761	1112.014	159.859	716222.28
7.68366	11.3353109317513	1285.072	200.291	741087.5
11.51694	15.1073879140897	1505.717	305.399	721558.57
25.92594	29.5575963539229	2725.115	675.017	753930.6
38.88805	42.5222659821872	3425.531	1021.014	784471.37
58.33786	61.9746704202637	4696.738	1492.95	824870.37
78.33817	81.9739144208685	6540.878	1835.935	871006.87
98.10747	99.994960004032	7108.902	2456.393	913470.01
