0.09918	1.42829885736091	289.358	13.048	35972.54
0.19849	2.31929814456148	368.355	24.147	60965.94
0.30015	2.94551764358589	404.715	32.814	89079.81
0.44973	3.52745717803426	413.316	39.411	161736.53
0.67491	4.04693676245059	433.338	47.407	196844.41
1.01328	4.59485632411494	465.09	52.696	352622.42
1.51382	5.1569958744033	489.108	71.241	465287.43
5.11992	8.76095299123761	659.808	160.59	717188.78
7.6851	11.3225309419752	759.569	185.572	741032.57
11.52305	15.1630078695937	920.721	317.883	722281.02
17.28763	20.9179632656294	1151.309	444.601	734904.64
25.93255	29.5793763364989	1509.723	698.906	755732.81
58.34459	61.9717904225677	2790.706	1263.658	826457.41
78.34134	82.0032543973965	3561.536	1699.56	870636.7
