0.00199999840000128	0.0179999856000115	2.178	0.589	762.63
0.00299999760000192	0.0199799840160128	2.126	0.525	1132.27
0.00399999680000256	0.0219599824320141	2.13	0.691	1570.72
0.0049999960000032	0.0219599824320141	2.066	0.552	1952.72
0.00699999440000448	0.0239399808480153	2.255	0.516	2608.46
0.0099999920000064	0.0260999791200167	2.307	0.483	3967.91
0.0129999896000083	0.0298799760960191	2.463	0.548	5592.88
0.0199999840000128	0.0379799696160243	2.49	0.754	6600.17
0.0289999768000186	0.0458999632800294	2.729	0.632	10454.82
0.0429999656000275	0.0599399520480384	3.02	0.753	15200.77
0.063999948800041	0.0820799343360525	3.142	0.77	23788.38
0.0949999240000608	0.111959910432072	3.608	1.332	33924.55
0.141999886400091	0.160019871984102	3.973	1.34	46126.73
0.211999830400136	0.230039815968147	4.935	1.685	68881.57
0.316999746400203	0.333899732880214	6.412	2.62	106439.2
0.474999620000304	0.491939606448315	8.066	3.79	148863.39
0.711999430400456	0.728099417520466	10.809	6.62	303092.65
1.06699914640068	1.08395913283269	15.238	8.557	394245.71
1.59999872000102	1.61603870716903	22.523	14.604	458709.52
2.39899808080154	2.41595806723355	34.381	20.231	575577.87
3.5979971216023	3.61601710718631	55.488	30.084	663303.89
5.39599568320345	5.41187567049946	81.785	46.18	717857.41
8.09299352560518	8.11007351194119	121.466	67.522	741001.91
12.1389902888078	12.1561102751118	156.702	103.494	723974.71
18.2079854336117	18.2258854192917	253.354	166.295	737561.25
27.3099781520175	27.3281181375055	322.514	237.434	757668.3
37.3099701520239	37.3260301391759	434.903	325.765	779785.45
47.3109621512303	47.3279021376783	602.416	473.251	801898.2
57.3099541520367	57.3279741376207	663.354	473.317	823993.3
67.3109461512431	67.3280461375631	855.342	668.697	844500.2
77.3099381520495	77.3259581392335	1007.789	791.04	867224.59
87.3109301512559	87.3278301377359	967.496	747.874	889746.77
97.3109221512623	97.3279021376783	1052.624	926.824	911758.98
