0.002	0.0179999856000115	5.29	0.541	845.36
0.003	0.0199799840160128	5.557	4.802	1198.94
0.004	0.0219599824320141	6.232	0.556	1562.91
0.005	0.0219599824320141	6.064	0.616	1987.73
0.007	0.0239399808480153	6.726	0.623	2418.7
0.01	0.0259199792640166	6.98	0.51	3960.24
0.014	0.0298799760960191	8.173	0.678	5399.17
0.02	0.0379799696160243	10.2	0.651	6679.45
0.028	0.0440999647200282	11.506	0.788	9234.58
0.043	0.0601199519040385	15.383	1.118	14657.13
0.063	0.0799199360640512	19.898	1.151	25672.14
0.095	0.111959910432072	27.71	1.339	34124.23
0.142	0.158039873568101	39.999	1.302	50241.72
0.212	0.227879817696146	63.307	1.814	72556.64
0.317	0.334079732736214	95.717	3.507	112737.61
0.475	0.491939606448315	137.469	4.134	147063.82
0.711	0.728099417520466	217.429	6.34	287932.07
1.067	1.08395913283269	321.275	9.559	364508.97
1.6	1.61603870716903	296.114	13.979	480057.16
2.399	2.41595806723355	407.739	22.483	572047.62
3.598	3.61601710718631	611.752	32.482	659529.28
5.396	5.41187567049946	1625.546	49.456	721023.85
8.093	8.10989351208519	1259.884	71.807	741109.41
12.139	12.1559302752558	2731.137	108.03	723359.64
18.208	18.2240854207317	1814.187	168.055	736828.5
27.311	27.3281181375055	2407.615	245.608	756419.22
37.311	37.3280101375919	3566.749	331.956	778764.05
47.311	47.3279021376783	4626.344	431.188	802187.47
57.311	57.3279741376207	5053.672	516.659	823854.23
67.311	67.3280461375631	5390.693	604.143	846063.47
77.311	77.3279381376495	6245.737	698.172	867780.25
87.311	87.3280101375919	7718.765	779.642	889470.6
97.311	97.3279021376783	7687.522	1631.276	911389.1
