0.002	0.0199799840160128	3.006	0.5	766.57
0.003	0.0199799840160128	2.985	0.535	1136.19
0.004	0.0201599838720129	2.94	0.704	1680
0.005	0.0219599824320141	2.978	0.835	1972.17
0.007	0.0239399808480153	3.116	1.007	2612.33
0.01	0.028079977536018	3.239	0.572	4079.02
0.014	0.0298799760960191	3.238	0.617	5258.51
0.02	0.035999971200023	3.559	0.944	7252.6
0.029	0.0458999632800294	3.934	1.097	11779.62
0.043	0.0599399520480384	4.17	0.883	15288.18
0.063	0.0800999359200513	4.506	1.027	23643.1
0.095	0.111959910432072	5.44	1.38	35773.82
0.142	0.160019871984102	6.134	1.67	48283.88
0.212	0.228059817552146	7.646	2.299	74300.93
0.317	0.333899732880214	12.723	4.321	107502.37
0.475	0.491939606448315	13.899	4.405	159640.02
0.712	0.727919417664466	21.937	7.613	193161.17
1.067	1.08395913283269	29.594	10.326	373967.62
1.6	1.61603870716903	43.686	15.261	474322.96
2.399	2.41595806723355	60.804	21.075	548308.05
3.598	3.61601710718631	88.629	31.803	651575.06
5.395	5.41187567049946	110.368	47.375	710287.11
8.093	8.10989351208519	159.637	71.826	741000.62
12.138	12.1561102751118	210.08	102.037	723353.88
18.208	18.2240854207317	269.757	167.161	735942.31
27.311	27.3281181375055	394.755	262.048	757411.63
37.311	37.3280101375919	532.78	371.653	779401.83
47.311	47.3279021376783	624.554	476.394	802736.94
57.311	57.3279741376207	694.418	503.367	824356.55
67.311	67.3278661377071	782.501	564.003	847229.83
77.31	77.3279381376495	887.964	672.376	868834.16
87.311	87.3280101375919	1135.205	882.406	890462.2
97.311	97.3279021376783	1223.783	993.271	912090.57
