0.00106999914400068	0.0190799847360122	2642.919	527.392	705556.12
0.00204999836000131	0.0365399707680234	2662.165	523.208	705556.12
0.00322999741600207	0.0575999539200369	2632.569	512.304	705556.12
0.00392999685600252	0.0698399441280447	2639.636	530.386	705556.12
0.00580999535200372	0.103319917344066	2649.598	531.698	705556.12
0.00908999272800582	0.159839872128102	2653.237	521.633	705556.12
0.0127999897600082	0.224099820720143	2636.632	510.872	705556.12
0.0183199853440117	0.315179747856202	2626.071	511.507	705556.12
0.0277599777920178	0.467279626176299	2666.088	526.358	705556.12
0.0423599661120271	0.688679449056441	2636.881	493.065	705556.12
0.0479599616320307	0.732959413632469	2571.773	500.586	705556.12
0.0945999243200605	1.37357890113688	2646.028	519.388	705556.12
0.14108988712809	1.85417851665719	2627.227	500.797	705556.12
0.212109830312136	2.43881804894556	2650.106	520.474	705556.12
0.316609746712203	3.00905759275393	2621.175	498.63	705556.12
0.478089617528306	3.61277710977831	2667.422	518.111	705556.12
0.478639617088306	2.54231796614563	2644.179	518.104	705556.12
1.07073914340869	4.64759628192297	2632.728	511.619	705556.12
1.60080871935302	5.22521581982734	2687.954	518.987	705556.12
2.39560808351353	6.05033515973187	2634.46	511.688	705556.12
3.5953971236823	7.22501421998862	2630.592	516.232	705556.12
5.39591568326745	9.03977276818179	2651.724	523.296	705556.12
8.09431352454918	11.7356306114955	2635.979	499.345	705556.12
12.1351502918798	15.7858073713541	2652.729	522.524	705556.12
18.2045754363397	21.838482529214	2646.703	510.585	705556.12
27.3083381533295	30.9498952400838	2659.618	530.517	705556.12
37.3058701553039	40.9316072547142	2680.583	532.085	705556.12
47.3104821516143	50.9539992368006	2656.645	541.142	705556.12
57.3116441506847	60.969911224071	2628.211	530.572	705556.12
67.3085861531311	70.9563032349574	2652.016	550.594	705556.12
77.3121281502975	80.9518752384998	2640.353	532.098	705556.12
87.3101901518479	90.9629272296582	2635.496	555.171	705556.12
97.1575122739902	99.6707802633758	2645.423	562.918	705556.12
