0.00105999915200068	0.0190799847360122	2699.915	489.058	705556.12
0.00207999833600133	0.0372599701920238	2688.386	501.815	705556.12
0.00317999745600204	0.0572399542080366	2664.429	499.829	705556.12
0.00383999692800246	0.0683999452800438	2660.294	495.742	705556.12
0.00629999496000403	0.112139910288072	2648.068	487.739	705556.12
0.00879999296000563	0.155159875872099	2641.767	497.818	705556.12
0.0132299894160085	0.229859816112147	2710.896	509.989	705556.12
0.018779984976012	0.321479742816206	2630.549	511.578	705556.12
0.0238499809200153	0.401039679168257	2721.639	500.074	705556.12
0.0411899670480264	0.673919460864431	2731.663	495.697	705556.12
0.06245995003204	0.96839922528062	2770.324	501.258	705556.12
0.095259923792061	1.37573889940888	2721.885	503.572	705556.12
0.14072988741609	1.85129851896118	2639.06	508.814	705556.12
0.213289829368137	2.43989804808156	2717.138	500.249	705556.12
0.316419746864202	3.02543757964994	2736.641	511.912	705556.12
0.475149619880304	3.5933371253303	2681.577	497.299	705556.12
0.709079432736454	4.12343670125064	2700.304	518.361	705556.12
1.06738914608868	4.63229629416296	2647.29	508.342	705556.12
1.60077871937702	5.23511581190735	2693.781	522.418	705556.12
2.39330808535353	6.03179517456386	2636.807	501.771	705556.12
3.5984871212103	7.22969421624463	2687.528	482.06	705556.12
5.39488568409145	9.03113277509378	2722.146	498.609	705556.12
8.09706352234918	11.7334706132235	2649.62	507.557	705556.12
12.1339202928638	15.7843673725061	2739.007	506.522	705556.12
18.2044054364756	21.851802518558	2635.55	507.75	705556.12
27.3070081543935	30.9578152337478	2670.431	519.333	705556.12
37.3077701537839	40.9447472442022	2703.651	539.682	705556.12
47.3068221545423	50.9608392313286	2741.926	531.293	705556.12
57.3122941501647	60.962711229831	2702.757	545.721	705556.12
67.3086961530431	70.9438832448934	2672.555	552.037	705556.12
77.3123081501535	80.9520552383558	2682.199	557.052	705556.12
87.2523301981358	90.2803677757058	2633.808	560.616	705556.12
97.2264922188062	99.911980070416	2645.616	547.654	705556.12
