0.00065	0.0116999906400075	4.115	0.415	267.94
0.00152	0.0273599781120175	7.628	0.575	513.84
0.00223	0.0401399678880257	10.872	0.647	1041.98
0.00303	0.0545399563680349	14.409	0.721	1202.86
0.00334	0.0601199519040385	15.683	0.544	1265.56
0.00908	0.162719869824104	40.281	1.313	3368.79
0.01299	0.232919813664149	56.726	1.014	5471.36
0.01492	0.266399786880171	64.503	1.185	5573.9
0.02676	0.478799616960306	116.406	2.577	11295.78
0.03915	0.697139442288446	165.869	2.865	15433.82
0.05165	0.912959269632584	216.841	4.512	20404.79
0.08664	1.52441878046498	354.394	7.786	31030.14
0.10777	1.86587850729719	432.561	9.016	38221.06
0.20729	3.55067715945827	792.837	16.193	77785.54
0.28837	4.79375616499507	1036.405	20.957	88771.97
0.46871	7.54739396208483	1521.781	30.764	144992.69
0.60318	9.08873272901382	1672.797	40.704	179546.7
0.86791	10.880991295207	1132.277	49.432	316278.5
1.05918	14.9603280317376	2517.436	85.109	380573.34
2.39776	26.2182390254088	2190.472	170.708	582905.79
3.29204	27.7934177652658	1158.779	176.02	628996.64
5.29993	36.2318110145512	1689.27	249.772	720792
7.07359	33.0510335591732	1210.049	230.819	739114.12
12.12915	48.0309815752147	2065.6	367.062	723928.5
16.41393	41.8778664977068	1344.637	327.651	732722.91
27.28718	63.1565494747604	2263.261	496.326	757506.82
37.3108	73.6192211046231	2550.816	556.91	779777.94
47.12753	81.1286350970919	2257.539	630.589	801566.9
54.789	78.9193168645465	2135.581	659.063	817566.95
66.8678	97.4569620344304	2107.032	1605.639	845736.29
73.60451	95.368963704829	2220.095	1570.184	859804.99
83.39618	99.8641001087199	1971.301	1621.37	881210.8
90.61556	100.0	2049.424	1723.226	896972.42
