0.0007	0.0125999899200081	4.106	0.484	291.79
0.00176	0.0316799746560203	8.689	0.754	731.09
0.00258	0.0462599629920296	12.046	0.904	1065.54
0.00404	0.0725399419680464	18.8	1.116	1449.58
0.00587	0.105659915472068	26.927	0.989	2410.95
0.00758	0.135899891280087	33.974	1.085	3195.51
0.00816	0.146519882784094	36.912	1.198	3353.4
0.01846	0.331199735040212	82.606	3.079	7786.35
0.02515	0.449099640720287	110.384	3.265	9021.89
0.039	0.694439444448444	168.365	4.546	14438.07
0.06173	1.0920591263527	265.178	6.564	22047.57
0.08751	1.54097876721699	376.365	9.154	28846.77
0.10666	1.84553852356918	451.668	8.191	36239.63
0.17962	3.06467754825796	751.613	13.459	62408.22
0.31337	5.23457581233935	1110.704	24.139	95137.01
0.3834	5.83631533094773	583.511	25.789	128482.42
0.45628	7.3432741253807	1089.383	34.54	134026.82
0.78096	10.7585913931269	648.023	52.021	297102.41
1.53091	19.1357846913722	885.081	122.811	444150.95
2.07721	21.5623627501098	769.747	140.074	530882.57
3.57419	31.7478346017323	1070.291	209.415	660057.65
3.79385	24.1824406540475	740.17	170.352	668529.19
8.09031	42.7816457746834	1298.208	305.139	740609.34
10.30449	34.9215920627263	956.243	260.006	729955.64
18.16814	54.0912167270266	1453.248	418.039	737042.11
27.22424	62.442490046008	1458.365	460.889	757433.99
37.28955	73.431301254959	1774.243	562.825	779779.19
46.90941	78.8055569555544	1781.61	632.017	800871.87
56.83418	87.9767296186163	1903.99	702.409	822831.35
64.89263	89.095248723801	1957.034	748.02	840450.28
73.32268	94.8716241027007	1990.375	744.415	859084.43
83.73413	99.932680053856	1925.784	833.031	881921.3
90.59294	100.0	1937.656	814.509	896937.17
