0.0009	0.0161999870400104	5.363	0.479	462.38
0.00145	0.0260999791200167	8.798	0.629	675.86
0.00303	0.0543599565120348	17.411	0.671	1096.95
0.0039	0.0700199439840448	21.716	1.171	1742.4
0.00477	0.085859931312055	26.109	0.824	1796.96
0.0091	0.163259869392104	44.284	1.155	3818.35
0.01169	0.210239831808135	60.489	1.34	4316.52
0.01876	0.336059731152215	98.564	1.881	7399.33
0.02085	0.37439970048024	99.109	1.949	8131.46
0.03983	0.710459431632455	196.816	4.565	15091.12
0.0629	1.11833910532872	290.13	5.077	25142.84
0.0753	1.30751895398484	332.177	7.219	27433.08
0.09312	1.64375868499305	413.232	8.485	35876.63
0.1827	3.11309750952199	760.954	13.426	66291.1
0.24168	4.01597678721857	985.882	16.201	79945.91
0.4779	7.68149385480492	1663.648	32.656	151952.89
0.70762	10.7904513676389	2182.112	50.315	277225.06
1.07156	15.1369078904737	2791.797	86.571	393650
1.46808	18.1430854855316	2243.204	116.645	434420.56
2.39999	26.0025991979206	2282.711	166.715	573013.56
3.26838	27.4827380138096	1263.821	181.974	627346.9
4.40124	27.7039578368337	1169.672	183.106	692806.56
7.47739	35.7445514043589	1219.625	258.109	740649.2
12.00974	46.0331631734695	1622.912	317.942	723501.53
18.18037	53.9594568324345	1994.113	408.018	737299.68
27.29516	63.4436492450806	2307.129	489.329	757425.16
34.40158	57.878413697269	1660.535	467.26	772474.04
47.25805	82.7250538199569	2477.053	615.96	801919.4
53.35194	75.5848195321444	2049.789	606.116	814115.55
66.60583	95.5964835228132	2185.336	774.818	844616.11
75.22325	98.2284414172469	2020.888	846.25	863640.34
82.85235	99.6927402458078	1909.668	825.634	880025.79
90.61521	100.0	1918.246	844.512	896964.03
