0.00112999909600072	0.020339983728013	2.247	0.524	418.79
0.00126999898400081	0.0228599817120146	2.361	0.511	561.3
0.00223999820800143	0.0403199677440258	3.037	0.561	892.6
0.00291999766400187	0.0521999582400334	3.363	0.533	1269.48
0.00550999559200353	0.0988199209440632	5.193	0.79	2162.64
0.00902999277600578	0.161459870832103	7.34	1.081	3630.24
0.00959999232000614	0.17243986204811	7.979	1.189	3779.98
0.0192899845680123	0.345779723376221	13.821	1.335	7327.86
0.0255899795280164	0.454859636112291	18.231	1.924	10992.15
0.0285699771440183	0.510479591616327	20.597	1.665	10955.13
0.0567999545600364	1.00403919676864	38.597	3.776	21326.97
0.0900299279760576	1.58237873409701	59.114	7.024	31439.4
0.106539914768068	1.84787852169718	70.387	6.556	37596.73
0.213149829480136	3.64715708227433	134.041	14.912	73429.57
0.21840982527214	3.62105710315432	134.833	15.468	78997.52
0.385919691264247	5.85935531251575	203.952	23.068	123693.69
0.45376963698429	7.27271418182865	260.765	28.178	134974.58
0.993619205104636	13.8531489174809	429.532	79.635	334801.06
1.59716872226502	20.255563795549	533.405	125.523	461393.2
2.29403816476947	24.4657604273917	497.789	156.947	552566.74
3.57055714355429	31.6707946633643	546.288	210.996	654881.57
4.71318622945102	29.9033760772991	401.416	204.71	704621.6
8.07737353810117	42.7193658245073	605.688	296.295	740860.51
9.17881265694987	31.3833348933321	400.955	235.169	735242.01
17.234336212531	45.4244036604771	552.04	336.881	735010.4
27.2884481692415	63.0717695425844	788.582	470.955	757693.95
36.3797008962393	64.8629481096415	757.335	507.877	777649.16
46.909382472494	78.8498369201305	896.975	605.018	800954.42
57.0356043715165	89.8825680939455	1072.784	751.165	823369.77
65.0113379909296	89.4005284795772	1082.052	754.943	841280.52
74.4138504689196	96.7319226144619	1039.152	926.771	860554.62
84.1236027011178	99.991540006768	1058.938	925.001	881978.98
90.55823755341	99.999640000288	1125.072	1004.736	896714.4
