0.000529999576000339	0.00953999236800611	1.93	0.475	228.16
0.00193999844800124	0.0349199720640224	2.766	0.595	837.49
0.00287999769600184	0.0518399585280332	3.657	0.691	1226.37
0.00325999739200209	0.0586799530560376	3.643	0.698	1183.25
0.0043699965040028	0.0784799372160502	4.485	0.86	1773.58
0.00752999397600482	0.134999892000086	6.875	1.023	3376.49
0.0103999916800067	0.18701985038412	8.976	1.243	4056.04
0.0147299882160094	0.263519789184169	11.759	1.919	5877.61
0.021799982560014	0.39095968723225	17.07	2.87	8580.99
0.0363899708880233	0.648359481312415	26.036	4.181	13350.69
0.0636599490720407	1.12751909798472	46.087	4.69	23876.92
0.071849942520046	1.25873899300881	50.804	6.859	25665.1
0.142049886360091	2.46851802518558	102.568	10.782	51087.89
0.211979830416136	3.62303710157032	148.038	14.977	73996.27
0.288599769120185	4.79267616585907	201.096	19.71	94412.93
0.382839693728245	6.10973511221191	248.196	27.058	118527.64
0.705389435688451	10.7686713850629	410.611	49.436	272061.34
0.933589253128598	12.9166096667123	420.688	75.592	357139.87
1.59215872627302	20.2240638207489	583.786	129.674	472868.09
2.40121807902554	26.1672990661607	603.016	171.552	566459.12
3.38912728869817	29.0658367473306	536.541	194.119	639136.18
5.39617568305945	37.6782898573681	626.245	266.901	720945.37
7.30966415226868	34.5286523770781	472.456	241.466	740354.06
12.1360302911758	47.8974216820627	712.034	368.644	723508.88
18.1852754517796	54.0672767461786	748.551	412.635	736904.09
27.1289982968014	61.0627911497671	775.629	462.614	757057.44
37.2943801644959	73.5173411861271	982.751	594.008	779560.81
47.2894021684783	83.2250934199253	1107.973	678.75	801614.96
57.1837042530366	91.6170467063626	1123.033	749.337	823304.18
66.8472165222268	97.2454622036302	1126.787	815.085	843876.9
74.3915204867836	96.7310226151819	1172.216	828.916	861391.39
83.5882431294055	99.9092800725759	1165.771	870.169	881477.35
90.59668752265	100.0	1122.673	847.826	896688.22
