0.00088	0.0158399873280101	4.791	0.675	387.07
0.00174	0.03131997494402	8.469	0.737	675.86
0.00297	0.0534599572320342	13.722	0.695	1089.1
0.0037	0.0665999467200426	17.067	0.736	1523.84
0.00401	0.0721799422560462	18.577	0.898	1680
0.00805	0.144899884080093	35.961	1.203	2975.72
0.01357	0.243539805168156	60.957	2.421	5307.95
0.01835	0.329219736624211	79.585	2.915	6969.87
0.02793	0.498419601264319	121.259	3.755	11240.32
0.04193	0.748439401248479	180.041	4.864	15167.99
0.06204	1.0985391211687	259.851	6.113	24408.19
0.06729	1.18295905363276	282.182	7.179	25717.93
0.14231	2.47787801769759	593.317	11.26	48882.41
0.19416	3.31343734925012	781.444	14.599	61127.42
0.31306	5.23961580830735	1227.446	23.702	98618.47
0.41247	6.252294998164	1559.227	29.519	134793.22
0.47531	7.6636738690609	1788.689	34.66	150662.37
1.06837	15.0863279309377	2911.72	92.242	359011.86
1.59062	20.1194839044129	3052.604	131.833	480950.91
2.37957	25.8863192909446	3108.668	179.832	568681.08
3.39526	29.1077767137786	7250.204	193.461	641544.6
5.39019	37.6341898926481	3796.668	258.495	723943.11
8.04485	42.0744263404589	3921.644	303.246	740996.82
10.36101	35.1368718905025	1977.306	265.617	729690.06
17.04979	44.5191843846525	4514.821	348.107	734174
27.28436	63.3660693071446	5576.097	493.272	757605
37.30488	73.6008611193111	6263.017	594.676	779874.32
47.1067	80.9453952436838	8726.17	655.595	801445.14
57.16207	91.4087868729705	7284.545	745.586	823530.84
66.80359	97.0782423374061	8285.119	788.96	844770.18
73.50419	95.1707838633729	6287.468	798.929	859490.52
84.00108	99.97390002088	7917.122	871.128	882292.84
90.59539	99.999820000144	6447.283	866.559	897003.21
