0.000949999240000608	0.0170999863200109	2.136	0.552	347.4
0.00169999864000109	0.0305999755200196	2.494	0.474	667.97
0.00213999828800137	0.0385199691840247	3.028	0.652	809.92
0.00399999680000256	0.0719999424000461	4.32	0.818	1637.08
0.00438999648800281	0.0790199367840506	4.518	0.608	1972.17
0.00589999528000378	0.106199915040068	5.565	0.905	2123.79
0.010929991256007	0.196019843184125	8.92	0.806	4017.73
0.0192399846080123	0.344879724096221	14.674	1.235	6581.29
0.0262799789760168	0.470519623584301	19.368	1.651	10020.39
0.0418299665360268	0.745379403696477	30.433	2.527	14215.14
0.0636899490480408	1.12895909683272	46.386	3.915	23876.92
0.0918099265520588	1.61891870486504	63.905	6.95	32789.38
0.117109906312075	2.0323783740973	82.36	7.72	39869.98
0.122249902200078	2.09177832657734	88.843	8.676	47971.35
0.307119754304197	5.10677591457927	211.11	20.504	95170.11
0.42257966193627	6.74603460317232	269.507	29.086	124777.79
0.438619649104281	6.62705469835624	251.798	26.143	142604.36
1.06525914779268	15.0690479447616	502.375	83.569	372915.58
1.47271882182494	18.1999654400276	508.795	112.735	437508.4
2.0319183744653	20.9914032068774	435.922	127.886	536525.75
3.5976771218583	32.0482543613965	618.804	213.462	656229.47
4.48229641416287	28.2480974015221	436.121	180.519	699236.59
8.09466352426918	42.8001857598514	656.93	297.622	740875.63
12.0152803877757	46.2320630143496	629.34	328.223	723514.91
18.0010955991235	51.613518709185	669.784	386.857	736761.51
27.1779782576174	61.6301506958794	780.428	479.514	757466.75
37.2518401985278	72.8329817336146	939.315	557.163	779649.06
47.2618321905342	82.756193795045	1058.703	651.908	801984.3
53.3695273043782	75.6172195062244	896.445	605.152	816003.83
64.7570881943294	88.7460490031608	1081.491	761.754	838894.98
74.3110605511516	96.5863027309578	1091.047	840.327	861230.29
83.8663829068937	99.960220031824	1096.688	938.783	881420.07
90.581597534722	100.0	1099.752	890.164	896752.13
