0.00105	0.0188999848800121	1.6	0.466	391.04
0.00206	0.0370799703360237	2.287	0.621	853.24
0.0027	0.0485999611200311	2.618	0.648	1281.23
0.00358	0.0642599485920411	3.276	0.742	1359.53
0.00599	0.107819913744069	4.45	1.061	2503.94
0.00619	0.111059911152071	5.098	0.983	2279.1
0.01229	0.220319823744141	8.355	2.216	5376.37
0.01489	0.26603978716817	9.06	1.57	5410.57
0.01491	0.26621978702417	8.877	1.869	6282.73
0.04121	0.73385941291247	23.63	4.511	16777.67
0.06249	1.10879911296071	33.134	5.999	21869.47
0.07291	1.27925897659282	38.118	7.893	24722.73
0.14081	2.45321803742557	71.05	10.826	47671.91
0.18298	3.11633750692999	90.967	13.506	62408.22
0.31903	5.32835573731541	160.72	23.313	106309.61
0.47156	7.58483393213285	254.335	35.504	153071.89
0.71253	10.859571312343	391.352	50.942	193538.8
0.95353	13.2607693913845	532.064	81.204	329783.83
1.55485	19.5163043869565	711.135	126.239	453281.23
1.57501	16.4600868319305	550.347	105.534	477521.2
3.57895	31.8664545068364	989.045	221.205	652377.05
5.3649	37.1802302558158	1112.612	259.342	721830.43
7.37471	34.9701920238464	1010.147	257.014	740149.03
9.88402	33.4540532367574	971.437	251.372	732655.79
16.18251	41.0725471419623	1190.136	319.505	731932.91
27.29585	63.4875692099446	1858.529	491.973	757709.83
33.6275	56.1482550813959	1611.446	442.077	771370.92
46.87592	78.4426772458582	2265.718	657.219	800761.23
57.16914	91.4620668303465	2623.229	751.635	823612.42
65.57145	91.1542670765863	2613.216	777.617	841804.37
73.66913	95.4686836250531	2756.719	808.831	859756.73
83.93157	99.963820028944	2868.133	872.784	882260.92
90.58025	99.999820000144	2861.918	866.758	897017.73
