0.000919999264000589	0.0165599867520106	7.778	0.772	418.79
0.00100999919200065	0.0181799854560116	9.201	0.557	450.49
0.00314999748000202	0.0566999546400363	23.951	0.554	1249.89
0.00401999678400257	0.0723599421120463	32.757	0.53	1500.4
0.00571999542400366	0.102599917920066	45.409	0.998	2434.2
0.0085899931280055	0.153899876880098	63.974	0.724	3395.73
0.0102099918320065	0.183239853408117	76.031	1.299	4056.04
0.0139799888160089	0.24983980012816	102.331	1.024	5501.75
0.0279699776240179	0.50057959953632	206.484	1.648	10955.13
0.0416599666720267	0.742859405712475	296.651	2.285	16077.3
0.0612399510080392	1.08143913484869	462.939	2.861	22424.83
0.082759933792053	1.43819884944092	554.282	6.241	32948.23
0.0924999260000592	1.62899869680104	636.232	5.472	36092.41
0.166289866968106	2.8189777448178	1057.183	12.095	58324.39
0.317909745672203	5.29631576294739	1900.271	22.813	104933.94
0.427759657792274	6.83549453160437	2291.85	27.06	125593.36
0.697799441760447	10.6298914960868	3254.524	44.591	280951.32
1.02170918263265	14.3202485438012	3908.358	80.075	353078.45
1.21347902921678	14.8348681321055	2452.455	84.336	400841.7
2.39723808220953	26.1417390866087	3024.575	168.144	568059.17
3.45328723737021	29.9013960788831	2186.929	200.929	646652.42
5.3048957560834	36.3403509277193	2443.716	242.945	721273.64
8.06038355169316	42.165686267451	2710.485	295.48	740974.2
12.1347202922238	48.0439415648467	2721.38	338.736	723524.86
17.3597161122271	46.1267630985895	1704.499	346.779	735366.74
26.0512991589607	53.2673573861141	1774.46	431.191	754509.47
36.9579404336477	69.1566646746683	2176.568	556.329	779021.01
44.5455643635485	68.2537853969717	2039.226	532.815	796309.02
57.1370842903326	91.0829871336103	2822.668	705.384	823668.78
66.8666865066508	97.4341020527184	2194.35	1161.08	844047.18
73.9250008599993	95.8789032968774	2392.695	1179.615	859321.34
84.1260826991338	99.991180007056	1918.67	1225.585	882050.59
90.558297553362	100.0	1859.934	1182.064	896569.33
