0.00105999915200068	0.0190799847360122	1.541	0.542	355.33
0.00120999903200077	0.0215999827200138	1.6	0.559	486.13
0.0029699976240019	0.0534599572320342	2.845	0.831	1253.8
0.00416999666400267	0.075059939952048	3.694	0.778	1668.3
0.00601999518400385	0.108179913456069	4.403	0.649	2290.74
0.00730999415200468	0.131579894736084	4.995	0.85	2886.93
0.00752999397600482	0.134999892000086	5.436	1.077	3064.45
0.0104599916320067	0.18809984952012	7.145	0.969	3810.68
0.0194099844720124	0.347759721792223	11.627	1.337	6751.15
0.0342199726240219	0.608219513424389	18.589	3.091	13354.36
0.0426599658720273	0.760859391312487	23.545	2.73	15892.02
0.0744399404480476	1.30481895614484	38.005	6.473	30296.67
0.112679909856072	1.95155843875325	58.271	7.114	38813.2
0.193969844824124	3.31523734781012	91.784	15.181	68146.62
0.207909833672133	3.44951724038621	95.95	13.237	67312.6
0.458549633160293	7.36127411098071	199.885	31.695	128681.24
0.599449520440384	9.03473277221378	243.186	40.625	170225.87
1.05825915339268	14.9873280101376	421.408	91.595	359610.43
1.06170915063268	13.0393695685043	360.12	79.979	363528.82
2.37610809911352	25.7262994189605	718.912	176.483	567715.7
3.40973727221018	29.3617565105948	822.01	197.751	645498.66
5.23117581505935	35.3069717544226	989.056	237.603	713602.64
8.03517357186114	41.7669865864107	1170.889	308.321	740958.14
12.0429503656397	46.5974627220298	1304.824	339.161	723435.93
18.1123355101316	53.0023975980819	1509.845	402.489	736801.65
26.618408705273	56.310254951796	1651.979	441.042	755073.77
36.6101407118874	66.2970069623944	1898.808	546.775	777109.53
47.2920621663503	83.2231134215093	2420.729	730.127	800138.48
57.0981543214765	90.609767512186	2609.04	733.853	821589.98
66.5153867876906	95.0786239371008	2773.22	1771.204	843231.76
75.9027392778086	99.4537004370397	2922.882	1885.099	863271.48
84.1289626968298	99.991720006624	2878.853	1849.324	881630.96
90.55598755521	100.0	2894.169	1879.089	896123.9
