0.00099999920000064	0.00107999913600069	1.92	0.626	16.71
0.00200999839200129	0.00215999827200138	2.223	0.667	21.04
0.00300999759200193	0.00305999755200196	2.149	0.685	30.36
0.00400999679200257	0.00413999668800265	2.144	0.698	41.34
0.00600999519200385	0.00629999496000403	2.335	0.719	54.92
0.00900999279200577	0.00917999265600588	2.155	0.789	85.9
0.0129999896000083	0.0131399894880084	2.915	0.82	118.42
0.0190099847920122	0.0190799847360122	3.173	0.86	174.24
0.0280099775920179	0.0282599773920181	3.685	0.876	217.62
0.0420099663920269	0.0422999661600271	4.339	1.071	326.19
0.0630099495920403	0.0631799494560404	5.106	1.259	522.79
0.0940099247920602	0.0943199245440604	6.429	1.6	807.65
0.14100988719209	0.14111988710409	9.101	2.08	1194.3
0.211009831192135	0.211139831088135	11.674	2.66	1750.47
0.316009747192202	0.316259746992202	17.875	3.648	2805.96
0.474009620792303	0.474299620560304	25.338	5.29	4272.38
0.711009431192455	0.711179431056455	36.122	7.536	5944.84
1.06600914719268	1.06631914694468	52.435	10.912	9423.25
1.59900872079302	1.59929872056102	77.778	15.696	13254.16
2.39800808159353	2.39813808148954	112.031	24.633	19761.62
3.5970071223943	3.5971171223063	169.026	34.768	30719.94
5.39500568399545	5.39513568389145	238.422	53.64	46455.83
8.09200352639718	8.09225352619718	374.519	81.101	67897.61
12.1380002895998	12.1381102895118	556.283	119.033	107502.65
18.2069954344037	18.2071654342677	821.326	181.823	155383.72
27.3099881520095	27.3102981517615	1223.614	261.302	239234.05
37.3099701520239	37.3100101519919	1706.552	371.271	325831.32
47.3099621520303	47.3100821519343	2120.653	461.512	410023.67
57.3099641520287	57.3099741520207	2597.897	587.135	502083.91
67.3099561520351	67.3100461519631	3014.131	665.041	588911.92
77.3099481520415	77.3101181519055	3444.393	756.507	672159.83
87.3099401520479	87.3100101519919	4013.091	910.944	758113.16
97.3099321520543	97.3102621517903	4311.598	2985.757	842811.35
