0.00100999919200065	0.00125999899200081	1.944	0.724	15.38
0.00200999839200129	0.00215999827200138	2.095	0.759	22.15
0.00300999759200193	0.00323999740800207	2.308	0.755	30.36
0.00400999679200257	0.00431999654400277	2.333	0.777	45.36
0.00600999519200385	0.00611999510400392	2.354	0.793	60.16
0.00900999279200577	0.00917999265600588	2.503	0.772	87.31
0.0130099895920083	0.0131399894880084	2.787	0.896	114.47
0.0190099847920122	0.0190799847360122	3.322	0.964	157.95
0.0280099775920179	0.028079977536018	3.8	1.024	237.94
0.0420099663920269	0.042119966304027	4.511	1.221	324.81
0.0630099495920403	0.0631799494560404	5.242	1.429	559.49
0.0940099247920602	0.0943199245440604	6.467	1.815	781.99
0.14100988719209	0.14111988710409	8.884	2.243	1225.39
0.211009831192135	0.211139831088135	12.908	2.856	1937.74
0.316009747192202	0.316079747136202	17.747	4.2	2918.39
0.474009620792303	0.474119620704303	25.57	5.33	4512.32
0.710999431200455	0.711179431056455	33.393	8.059	6118.66
1.06599914720068	1.06613914708868	50.071	11.147	8635.17
1.59899872080102	1.59929872056102	80.289	17.171	13506.64
2.39800808159353	2.39813808148954	110.71	25.145	20651.34
3.5970071223943	3.5971171223063	172.666	37.72	31391.44
5.39500568399545	5.39513568389145	247.279	52.655	46274.17
8.09200352639718	8.09225352619718	378.74	82.1	69175.71
12.1380002895998	12.1381102895118	564.462	121.65	104313.11
18.2069954344037	18.2071654342677	834.118	177.987	154348.52
27.3099881520095	27.3102981517615	1237.873	262.265	240643.34
37.3099801520159	37.3100101519919	1707.64	365.299	326229
47.3099621520303	47.3102621517903	2162.536	469.064	413215.7
57.3099641520287	57.3099741520207	2581.06	574.022	501107.13
67.3099561520351	67.3102261518191	3048.315	672.403	589008.16
77.3099481520415	77.3101181519055	3471.468	778.02	672343.06
87.3099401520479	87.3100101519919	3932.138	864.369	756444.44
97.3099321520543	97.3100821519343	4467.065	993.186	842686.52
