0.00100999919200065	0.00107999913600069	1.945	0.713	15.32
0.00200999839200129	0.00215999827200138	2.025	0.667	23.45
0.00300999759200193	0.00323999740800207	2.273	0.652	30.23
0.00399999680000256	0.00413999668800265	2.272	0.675	43.92
0.00600999519200385	0.00629999496000403	2.654	0.69	62.8
0.00900999279200577	0.00917999265600588	2.727	0.752	82
0.0130099895920083	0.0133199893440085	2.921	0.793	106.16
0.0190099847920122	0.0192599845920123	3.063	0.82	169.9
0.0280099775920179	0.028079977536018	3.54	0.883	278.51
0.0420099663920269	0.042119966304027	4.382	1.042	413.04
0.0629999496000403	0.0631799494560404	5.298	1.342	513.23
0.0940099247920602	0.0941399246880602	6.83	1.594	874.03
0.14100988719209	0.14111988710409	9.606	2.054	1359.95
0.211009831192135	0.211139831088135	12.206	2.731	1937.74
0.315989747208202	0.316079747136202	17.001	3.654	2695.82
0.474009620792303	0.474299620560304	24.808	5.47	4048.32
0.711009431192455	0.711179431056455	35.94	7.717	6332.91
1.06600914719268	1.06631914694468	56.99	12.168	8248.23
1.59900872079302	1.59911872070502	79.521	16.742	12874.25
2.39800808159353	2.39831808134553	111.672	24.401	21537.24
3.5970071223943	3.5971171223063	167.409	36.594	31856.48
5.39500568399545	5.39513568389145	251.72	53.261	48241.33
8.09200352639718	8.09225352619718	384.334	78.848	72900.77
12.1379902896078	12.1382902893678	585.158	122.302	107453.73
18.2069954344037	18.2071654342677	830.705	178.023	158251.41
27.3099881520095	27.3101181519055	1266.527	267.497	239691.27
37.3099801520159	37.3101901518479	1714.085	367.863	324987.77
47.3099521520383	47.3100821519343	2171.7	462.893	415634.41
57.3099641520287	57.3099741520207	2637.29	566.938	502975.02
67.3099561520351	67.3100461519631	3105.398	676.092	586560.96
77.3099481520415	77.3101181519055	3587.145	772.857	672153.08
87.3099401520479	87.3101901518479	4029.588	869.669	755673.85
97.3099321520543	97.3100821519343	4432.644	3069.719	842118
