0.00100999919200065	0.00125999899200081	2.08	0.723	15.5
0.00200999839200129	0.00215999827200138	2.147	0.718	24.86
0.00300999759200193	0.00305999755200196	2.158	0.775	33.06
0.00400999679200257	0.00413999668800265	2.223	0.769	34.44
0.00600999519200385	0.00611999510400392	2.385	0.792	62.8
0.00900999279200577	0.00917999265600588	2.501	0.825	88.63
0.0130099895920083	0.0131399894880084	2.878	0.903	110.56
0.0190099847920122	0.0192599845920123	3.747	1.064	160.75
0.0280099775920179	0.0282599773920181	4.027	0.996	244.62
0.0420099663920269	0.042119966304027	4.424	1.138	392.44
0.0630099495920403	0.0631799494560404	5.506	1.351	547.25
0.0940099247920602	0.0943199245440604	6.582	1.737	787.49
0.14100988719209	0.14111988710409	9.379	2.089	1095.39
0.211009831192135	0.211139831088135	13.187	2.954	1827.75
0.316009747192202	0.316259746992202	18.273	3.975	2670.2
0.474009620792303	0.474119620704303	24.97	5.717	4068.96
0.711009431192455	0.711179431056455	36.359	7.718	6844.26
1.06600914719268	1.06613914708868	55.18	12.125	8153.52
1.59900872079302	1.59911872070502	77.409	16.856	13041.21
2.39800808159353	2.39813808148954	114.123	24.723	19750.58
3.5969971224023	3.5971171223063	162.466	37.349	30592.26
5.39500568399545	5.39513568389145	244.172	54.599	46287.55
8.09200352639718	8.09207352634118	370.402	76.817	67851.46
12.1380002895998	12.1382902893678	539.477	119.214	108066.89
18.2069954344037	18.2071654342677	837.135	183.404	155855.88
27.3099881520095	27.3102981517615	1225.21	274.777	238542.35
37.3099801520159	37.3101901518479	1678.765	356.173	322205.27
47.3099721520223	47.3100821519343	2162.995	465.606	409855.52
57.3099641520287	57.3101541518767	2596.478	582.081	501085.65
67.3099561520351	67.3100461519631	3059.654	678.037	589073.32
77.3099481520415	77.3101181519055	3497.467	764.481	674491.88
87.3099401520479	87.3101901518479	3959.662	867.768	755748.42
97.3099321520543	97.3102621517903	4456.008	974.008	842371.78
