0.00100999919200065	0.00125999899200081	2.193	0.687	15.44
0.00199999840000128	0.00215999827200138	2.054	0.667	22.28
0.00300999759200193	0.00323999740800207	2.015	0.65	31.79
0.00400999679200257	0.00413999668800265	2.105	0.654	41.22
0.00600999519200385	0.00611999510400392	2.141	0.705	53.5
0.00900999279200577	0.00917999265600588	2.582	0.701	80.68
0.0129999896000083	0.0131399894880084	2.741	0.773	134.66
0.0190099847920122	0.0192599845920123	2.737	0.831	178.18
0.0279999776000179	0.028079977536018	3.619	0.942	270.44
0.0420099663920269	0.0422999661600271	3.574	1.162	387.25
0.0630099495920403	0.0631799494560404	4.728	1.254	529.69
0.0940099247920602	0.0941399246880602	5.346	1.525	837.32
0.14100988719209	0.14111988710409	6.533	1.999	1161.67
0.211009831192135	0.211139831088135	9.224	2.645	1941.88
0.316009747192202	0.316079747136202	12.364	3.667	2943.04
0.474009620792303	0.474299620560304	17.792	5.356	3954.7
0.711009431192455	0.711179431056455	25.389	7.577	6606.76
1.06600914719268	1.06631914694468	36.468	10.764	9200.66
1.59899872080102	1.59911872070502	55.778	16.101	14761.34
2.39800808159353	2.39813808148954	73.728	24.206	21736.53
3.5970071223943	3.5972971221623	107.177	35.633	28923.72
5.39499568400345	5.39513568389145	159.758	50.581	43791.79
8.09200352639718	8.09225352619718	258.81	78.713	67573.65
12.1380002895998	12.1381102895118	377.061	117.754	104612.99
18.2069854344117	18.2071654342677	547.815	175.31	158473.99
27.3099881520095	27.3101181519055	809.451	244.414	233320.88
37.3099801520159	37.3101901518479	1108.242	348.73	320624.79
47.3099721520223	47.3100821519343	1409.812	451.876	409924.63
57.3099441520447	57.3101541518767	1745.363	557.601	493800.72
67.3099561520351	67.3102261518191	2012.503	619.878	580681.84
77.3099481520415	77.3101181519055	2309.652	754.898	669331.64
87.3099401520479	87.3101901518479	2608.388	845.235	757270.76
97.3099321520543	97.3100821519343	2922.258	2179.905	843203.16
