0.00100999919200065	0.00107999913600069	1.952	0.69	16.65
0.00200999839200129	0.00215999827200138	2.373	0.724	23.43
0.00300999759200193	0.00305999755200196	2.297	0.735	30.19
0.00400999679200257	0.00413999668800265	2.237	0.737	45.23
0.00600999519200385	0.00611999510400392	2.389	0.759	59
0.00899999280000576	0.00917999265600588	2.125	0.757	83.18
0.0130099895920083	0.0133199893440085	2.652	0.865	103.57
0.0190099847920122	0.0190799847360122	3.102	0.977	174.24
0.0279999776000179	0.028079977536018	3.529	0.963	270.44
0.0420099663920269	0.042119966304027	3.674	1.12	401.94
0.0630099495920403	0.0631799494560404	4.64	1.395	590.73
0.0940099247920602	0.0941399246880602	5.294	1.606	834.8
0.14100988719209	0.14129988696009	7.141	2.196	1127.78
0.211009831192135	0.211319830944135	9.053	2.915	1762.53
0.316009747192202	0.316259746992202	12.159	3.855	2796.46
0.473999620800303	0.474119620704303	18.762	5.53	3862.75
0.711009431192455	0.711179431056455	25.218	7.873	6404.72
1.06600914719268	1.06613914708868	37.099	11.436	8575.38
1.59900872079302	1.59911872070502	55.445	16.668	12996.55
2.39800808159353	2.39831808134553	81.812	24.398	19412.9
3.5970071223943	3.5971171223063	109.33	36.082	29732.22
5.39500568399545	5.39513568389145	167.183	53.715	48151.83
8.09200352639718	8.09207352634118	249.654	77.896	69937.88
12.1380002895998	12.1382902893678	368.354	120.108	105719.85
18.2069954344037	18.2071654342677	555.073	178.216	157479.73
27.3099881520095	27.3102981517615	837.293	264.229	234913.53
37.3099801520159	37.3100101519919	1102.996	350.805	322076.34
47.3099621520303	47.3102621517903	1443.791	462.399	410531.15
57.3099641520287	57.3101541518767	1712.828	565.689	495390.55
67.3099561520351	67.3102261518191	2045.777	633.215	585030.74
77.3099481520415	77.3101181519055	2343.951	760.067	667775.42
87.3099401520479	87.3100101519919	2568.848	815.567	757075.26
97.3099321520543	97.3100821519343	2910.548	954.435	842047.56
