0.00100999919200065	0.00107999913600069	1.71	0.7	14.22
0.00200999839200129	0.00215999827200138	2.211	0.697	22.36
0.00300999759200193	0.00323999740800207	2.049	0.75	33.06
0.00400999679200257	0.00413999668800265	2.215	0.687	41.25
0.00600999519200385	0.00611999510400392	2.401	0.748	54.81
0.00899999280000576	0.00917999265600588	2.51	0.771	85.9
0.0130099895920083	0.0131399894880084	2.723	0.781	122.69
0.0190099847920122	0.0192599845920123	3.067	0.838	149.63
0.0280099775920179	0.0282599773920181	3.339	0.949	251.38
0.0420099663920269	0.0422999661600271	3.589	1.033	376.3
0.0630099495920403	0.0631799494560404	4.727	1.306	493.04
0.0939999248000602	0.0943199245440604	5.548	1.582	787.49
0.14100988719209	0.14129988696009	6.863	1.996	1207.71
0.211009831192135	0.211139831088135	9.357	2.639	1937.74
0.316009747192202	0.316079747136202	13.2	3.985	2671.41
0.474009620792303	0.474119620704303	18.423	5.333	4175.88
0.711009431192455	0.711179431056455	25.666	7.363	5775.34
1.06600914719268	1.06631914694468	39.351	10.961	9594.21
1.59900872079302	1.59929872056102	55.935	15.948	13366.85
2.39800808159353	2.39831808134553	83.577	24.008	22158.6
3.5970071223943	3.5972971221623	124.162	36.07	29493.58
5.39500568399545	5.39531568374745	181.273	52.388	45602.71
8.09200352639718	8.09207352634118	262.341	77.464	69593.6
12.1380002895998	12.1381102895118	417.06	115.906	105806.91
18.2069854344117	18.2071654342677	591.924	170.563	158992.17
27.3099881520095	27.3102981517615	908.151	265.31	239027.67
37.3099801520159	37.3101901518479	1225.053	360.306	328969.1
47.3099721520223	47.3102621517903	1524.539	439.404	413965.91
57.3099641520287	57.3099741520207	1868.643	545.477	499822.58
67.3099561520351	67.3102261518191	2222.12	665.692	588956.78
77.3099481520415	77.3101181519055	2549.46	740.871	671668.83
87.3099401520479	87.3101901518479	2867.509	852.636	756673.83
97.3099321520543	97.3100821519343	3134.824	2466.274	842780.1
