0.000959999232000614	0.0170999863200109	12.41	0.883	387.07
0.0021799982560014	0.0388799688960249	20.684	1.06	872.92
0.00290999767200186	0.0521999582400334	24.58	1.075	1296.89
0.00417999665600267	0.0745199403840477	30.612	1.175	1457.4
0.00622999501600399	0.10997991201607	41.204	1.337	2294.62
0.00856999314400548	0.151739878608097	50.941	1.473	3599.51
0.0133399893280085	0.233279813376149	68.666	1.948	5516.94
0.0188699849040121	0.324719740224208	80.62	2.366	6958.56
0.0290699767440186	0.489959608032314	100.769	3.155	11587.69
0.0420399663680269	0.685439451648439	126.111	4.209	15608.46
0.0643499485200412	0.992699205840635	144.323	5.31	23572.21
0.09373992500806	1.35521891582487	164.564	7.389	33738.56
0.110979911216071	1.4081388734889	125.353	7.978	10821.82
0.211319830944135	2.41991806406555	181.519	13.563	66348.58
0.320499743600205	3.05423755660995	181.007	17.395	92232.52
0.473639621088303	3.5976571218743	180.517	22.501	136887.39
0.707629433896453	4.09589672328262	189.606	27.621	194887.57
1.06492914805668	4.64201628638697	205.566	36.307	394180.24
1.59720872223302	5.24771580182736	210.845	42.668	464818.09
2.40175807859354	6.04673516261187	244.255	53.939	548098.5
3.5989971208023	7.22627421898062	263.669	66.534	660945.3
5.39814568148345	9.04949276040579	305.411	93.234	722720.28
8.08951352838918	11.7232106214315	360.731	128.961	741054.47
12.1377402898078	15.7728473817221	459.75	185.248	722622.74
18.2009254392596	21.837582529934	615.068	275.296	736419.61
27.3085781531375	30.9572752341798	857.988	389.454	756485.85
37.3133101493519	40.9578872336902	1100.672	528.2	778833.94
47.3063721549023	50.9446392442886	1330.559	653.835	800912.33
57.3081941534447	60.940391247687	1581.034	774.818	823548.15
67.3102261518191	70.9500032399974	1860.111	914.147	845099.22
77.3082881533695	80.9389152488678	2177.129	1058.333	867535.61
87.3056601554719	90.8732873013702	1622.479	1177.741	889371.18
97.1702322638142	99.7481802014558	1816.4	1329.006	911319.56
