0.00111999910400072	0.0199799840160128	25.608	0.862	371.21
0.00212999829600136	0.0379799696160243	38.186	0.901	762.63
0.0028199977440018	0.0502199598240321	49.404	1.025	1328.21
0.00400999679200257	0.0712799429760456	65.091	1.153	1383.01
0.00605999515200388	0.107639913888069	86.638	1.323	2581.37
0.00924999260000592	0.161279870976103	107.465	1.601	3403.42
0.0119199904640076	0.206459834832132	130.242	1.794	4782.45
0.0189399848480121	0.327239738208209	157.146	2.44	6928.41
0.0191999846400123	0.322379742096206	114.633	2.429	2368.31
0.0415099667920266	0.677339458128434	187.467	4.194	14434.41
0.0623099501520399	0.970019223984621	223.587	5.587	23561.58
0.0938299249360601	1.37123890300888	236.936	7.821	34393.14
0.14115988707209	1.85543851564919	263.001	10.518	49290.45
0.209639832288134	2.39939808048154	285.379	12.904	73869.74
0.313779748976201	3.00203759836992	321.563	17.106	94280.27
0.471769622584302	3.61763710589032	348.965	23.041	145973.22
0.710299431760455	4.10939671248263	383.236	29.174	193916.17
1.06698914640868	4.64039628768297	420.872	35.157	378328.25
1.59593872324902	5.24735580211536	447.236	45.291	485266.57
2.40152807877754	6.03737517009986	505.074	53.584	585392.89
3.5934471252423	7.25039419968464	592.651	70.996	659120.55
5.39504568396345	9.03401277278978	725.681	95.295	720903.46
8.09389352488518	11.7282506173995	917.454	136.999	741057.8
12.1432302854158	15.7766273786981	1226.038	193.58	723800.57
18.2170954263237	21.849282520574	1680.765	284.282	737486.63
27.3109281512575	30.9497152402278	2338.103	405.132	758409.73
37.3114201508639	40.9622072302342	3034.433	525.696	780232.21
47.3095521523583	50.9449992440006	3812.073	682.816	801775.37
57.3050141559887	60.879551296359	4528.616	835.704	823441.55
67.3138661489071	70.9573832340934	5421.357	961.415	845768.3
77.3094981524015	80.9383752492998	6160.568	1097.59	867003.38
87.3026401578879	90.9321472542822	4413.654	1220.595	889208.87
97.1892322486142	99.7921001663199	4799.751	1327.255	911318.82
