0.00107999913600069	0.0194399844480124	12.844	0.834	406.9
0.00224999820000144	0.0403199677440258	16.044	0.884	825.67
0.00261999790400168	0.0466199627040298	17.963	0.944	1289.06
0.00387999689600248	0.0692999445600443	19.812	1.074	1449.58
0.0059399952480038	0.105299915760067	23.773	1.197	2337.29
0.00880999295200564	0.1564198748641	31.025	1.464	3826.03
0.0132899893680085	0.231839814528148	38.062	1.853	5516.94
0.0199099840720127	0.341279726976218	46.531	2.722	7237.54
0.0270999783200173	0.459539632368294	58.533	2.615	10554.96
0.0417599665920267	0.681659454672436	73.399	3.884	16654.48
0.0623799500960399	0.971279222976622	77.231	4.994	23111.07
0.0945199243840605	1.37159890272088	92.807	6.927	32982.74
0.142029886376091	1.8804584956332	99.02	9.173	48127.65
0.211949830440136	2.43053805556956	105.621	12.364	77508.01
0.316829746536203	3.03065757547394	105.52	17.06	97959.19
0.368149705480236	2.54249796600163	78.485	15.657	60907.78
0.681959454432436	3.71573702741038	107.054	23.709	189677.45
1.06801914558468	4.62977629617896	128.003	33.921	369736.54
1.60176871858503	5.23673581061135	142.143	42.519	461668.75
2.39466808426553	6.03053517557186	156.632	51.87	561056.99
3.5914971268023	7.21763422589262	176.981	66.114	652132.83
5.38783568973145	8.9117928705657	216.795	86.187	725079.01
8.09285352571718	11.7169106264715	270.307	119.859	740352.48
12.1366102907118	15.7816673746661	350.212	182.148	723661.3
18.2012654389876	21.85396251683	466.345	267.779	737250.58
27.3119581504335	30.9489952408038	636.893	395.566	757242.47
37.3097001522399	40.9496072403142	800.72	528.176	778906.45
47.3113621509103	50.9633592293126	999.969	651.572	800254.19
57.3077241538207	60.966491226807	1162.892	795.833	822514.49
67.3025461579631	70.9584632332294	1355.062	896.246	845019.07
77.1337482930014	79.718696225043	1505.496	1032.865	866469.78
87.2571701942638	90.3253677397058	1649.44	1918.301	889206.7
97.2210322231742	99.9037000770399	1873.899	1945.595	911512.58
