0.00121999902400078	0.0217799825760139	25.973	0.849	418.79
0.00196999842400126	0.0350999719200225	36.592	0.872	727.15
0.0029699976240019	0.0529199576640339	49.586	1.026	1304.72
0.00414999668000266	0.0737999409600472	62.773	1.122	1457.4
0.00596999522400382	0.106019915184068	81.035	1.256	2248.05
0.00925999259200593	0.161819870544104	109.237	1.588	3484.2
0.0123399901280079	0.216179827056138	128.368	1.78	4900.64
0.018729985016012	0.322559741952206	150.837	2.117	7951.46
0.0287499770000184	0.48419961264031	177.076	2.956	11513.82
0.0426999658400273	0.690839447328442	201.074	3.869	15320.95
0.0631399494880404	0.977939217648626	210.153	5.348	25223.97
0.09369992504006	1.36133891092887	226.01	6.972	36636.48
0.13986988810409	1.83833852932918	230.195	9.326	52134.09
0.210149831880135	2.41595806723355	258.969	12.553	70920.73
0.316479746816203	3.01715758627393	281.257	16.539	101194.6
0.473769620984303	3.5967571225943	291.608	20.266	153717.36
0.709619432304454	4.13207669433864	321.18	26.499	295439.68
1.05333915732867	4.46381642894686	296.768	31.698	377398.82
1.59670872263302	5.21477582817934	371.032	42.415	442059.79
2.39658808272953	6.01937518449985	427.173	53.277	585469.17
3.5947971241623	7.22951421638863	480.423	67.375	665370.46
5.36508570793143	8.63711309030953	534.148	87.869	722604.11
8.09025352779718	11.7302306158155	737.798	124.508	740790.08
12.1375002899998	15.7802273758181	963.191	186.71	723847
18.2063454349237	21.842622525902	1337.283	272.402	735887.77
27.3116281506975	30.9488152409478	1848.072	398.997	756160.98
37.3043401565279	40.9398872480902	2408.68	513.776	779326.51
47.3081921534463	50.9529192376646	2998.325	647.926	801033.45
57.3125941499247	60.947771241783	3511.243	777.027	823328.17
67.3047661561871	70.9354232516614	4282.586	921.293	844899.29
77.3082781533775	80.9462952429638	4867.186	1022.562	867476.28
87.3083001533599	90.9472672421862	3002.468	2495.53	889193.39
97.0444423644461	99.4006004795196	3177.293	2632.06	910640.57
