0.00100999919200065	0.00125999899200081	1.683	0.631	367.24
0.00200999839200129	0.00215999827200138	2.215	0.648	817.8
0.00299999760000192	0.00305999755200196	2.19	0.641	1226.37
0.00400999679200257	0.00413999668800265	2.35	0.681	1594.14
0.00600999519200385	0.00611999510400392	2.372	0.696	2472.95
0.00900999279200577	0.00917999265600588	2.548	0.71	3783.82
0.0130099895920083	0.0131399894880084	2.807	0.772	4587.84
0.0190099847920122	0.0190799847360122	3.262	0.826	7775.09
0.0280099775920179	0.028079977536018	3.98	0.968	11269.9
0.0420099663920269	0.042119966304027	4.493	1.061	16922.55
0.0630099495920403	0.0631799494560404	5.583	1.371	23593.48
0.0940099247920602	0.0941399246880602	6.314	1.829	36355.97
0.14100988719209	0.14111988710409	8.998	2.125	45199.72
0.211009831192135	0.211139831088135	12.854	3.06	79184.07
0.316009747192202	0.316259746992202	17.935	3.974	98500.83
0.474009620792303	0.474299620560304	26.916	6.023	133990.49
0.711009431192455	0.711179431056455	37.298	8.463	273202.24
1.06600914719268	1.06631914694468	52.873	12.282	355600.23
1.59900872079302	1.59911872070502	77.35	18.091	451124.88
2.39800808159353	2.39813808148954	114.077	25.86	577817.96
3.5969971224023	3.5971171223063	176.896	40.278	659302.78
5.39500568399545	5.39513568389145	260.372	61.253	721303.61
8.09200352639718	8.09225352619718	385.154	90.881	741065.72
12.1380002895998	12.1381102895118	574.303	147.573	723724
18.2069854344117	18.2071654342677	873.956	224.564	736226.18
27.3099881520095	27.3101181519055	1314.407	338.765	756288.68
37.3099801520159	37.3101901518479	1766.041	466.205	779761.86
47.3099721520223	47.3102621517903	2242.268	584.711	800794.21
57.3099641520287	57.3101541518767	2727.508	706.405	823635.28
67.3099561520351	67.3102261518191	3196.403	839.481	845013.64
77.3099481520415	77.3101181519055	3634.61	959.943	867767.35
87.3099401520479	87.3101901518479	4123.112	1086.233	889368.34
97.3099321520543	97.3102621517903	4667.687	3275.152	911720.41
