0.00113999908800073	0.0205199835840131	15.875	0.422	442.57
0.00154999876000099	0.0278999776800179	20.569	0.493	640.33
0.00192999845600124	0.0347399722080222	24.992	0.62	691.64
0.00220999823200141	0.0397799681760255	28.778	0.47	817.8
0.00590999527200378	0.106379914896068	76.467	0.936	2306.26
0.00941999246400603	0.168659865072108	117.585	0.736	3322.61
0.0122499902000078	0.219959824032141	153.903	1.42	4668
0.0171099863120109	0.305999755200196	214.196	1.968	7143.42
0.0240499807600154	0.430379655696275	295.687	2.426	9744.9
0.0413599669120265	0.738899408880473	495.82	2.879	15404.7
0.06243995004804	1.10771911382471	737.764	4.196	23763.58
0.0898499281200575	1.562578749937	1024.649	7.623	33631.75
0.0917899265680587	1.61603870716903	1061.063	7.476	32087.59
0.186099851120119	3.09545752363398	1883.797	12.249	62549.88
0.212549829960136	3.62699709840232	2258.151	15.018	61950.79
0.45248963800829	7.26299418960465	4217.376	32.375	147433.16
0.488879608896313	7.3450741239407	3956.935	33.898	144303.77
1.06867914505668	15.1068479145217	7442.845	89.612	390166.35
1.52559877952098	19.0085247931802	6641.425	114.705	473018.36
2.39749808200153	26.2032990373608	6000.105	170.82	578935.57
3.06759754592196	25.4483796412963	3160.344	169.494	619827.05
4.99048600761119	32.4075340739727	3069.036	224.503	711281.17
8.08003353597317	42.7467258026194	4791.976	307.73	740684.99
12.1250202999838	47.9841816126547	4970.011	350.725	724016.51
17.5819759344193	47.5939419248465	2945.95	354.23	734985.14
25.3227897417682	50.4861796110563	3318.128	406.231	751986.6
37.2837801729759	73.413301269359	5165.524	534.866	779683.17
47.2534021972782	82.6460338831729	5297.754	649.911	801524.16
56.1218851024919	83.5982331214135	4344.831	688.392	820863.53
64.3682485054012	87.7839497728402	4358.657	690.644	839498.97
75.6250894999284	98.9714808228153	2958.97	1603.367	863697.94
83.5156931874455	99.8929000856799	2954.925	1621.811	881098.65
90.60778751377	100.0	2929.246	1640.472	896681.04
