0.000709999432000454	0.0127799897760082	2.625	0.576	315.63
0.00179999856000115	0.0323999740800207	4.007	0.498	754.75
0.00208999832800134	0.0376199699040241	4.791	0.52	1014.48
0.00387999689600248	0.0696599442720446	6.703	0.798	1617.57
0.00559999552000358	0.100619919504064	9.151	0.803	2407.07
0.00653999476800419	0.117539905968075	10.041	0.832	2616.2
0.00879999296000563	0.157859873712101	15.255	0.818	3587.98
0.0192099846320123	0.34379972496022	26.7	2.02	7373
0.0222399822080142	0.396899682480254	32.934	2.356	8315.02
0.0407799673760261	0.727739417808466	57.705	3.569	16055.51
0.0627199498240401	1.11221911022471	84.341	4.496	21962.09
0.0676399458880433	1.19105904715276	92.257	5.635	24729.8
0.100909919272065	1.74707860233712	136.584	8.148	36253.32
0.18764984988012	3.20435743651405	256.323	14.303	65705.61
0.262799789760168	4.3682365054108	342.84	19.02	83458.6
0.474629620296304	7.63919388864489	612.32	36.156	126380.47
0.612649509880392	9.20213263829389	759.102	41.474	174553.59
0.764689388248489	10.5393515685187	827.612	52.647	291450.02
1.31956894434484	14.126928698457	769.273	88.297	411116.16
1.51565878747297	18.9080848735321	1354.148	126.29	468458.86
2.19916824066541	18.686505050796	871.877	121.621	536665.64
5.1492758805793	34.302572557942	1323.169	229.218	713098.76
7.70839383328493	37.9360496511603	1360.439	286.091	741051.78
12.0107303914157	46.0682631453895	1715.175	336.319	722604.3
17.9477156418275	51.0256391794887	1714.928	383.657	736163.37
27.2942881645695	63.6747690601848	2309.803	504.023	757662.18
37.3078701537039	73.6487410810071	2613.319	598.535	780052.55
47.2838421729263	83.2430934055253	2844.087	637.482	801976.02
57.1759942592046	91.5513467589226	3007.977	1043.111	823619.76
66.8535165171868	97.3108021513583	2990.664	1160.966	844231.76
74.6074103140717	97.1165823067342	3009.161	1193.516	861722.15
83.7013830388936	99.930520055584	2854.372	1229.571	881576.62
90.608267513386	100.0	3017.147	1291.607	896681.38
