0.00076	0.0136799890560088	4.596	0.622	38.38
0.00186	0.0334799732160214	9.194	0.563	99.12
0.00291	0.0523799580960335	13.88	0.652	157.36
0.00325	0.0584999532000374	15.459	0.64	156.94
0.00354	0.0637199490240408	16.68	0.703	200.62
0.00592	0.106559914752068	27.466	0.838	260.52
0.01246	0.223919820864143	56.042	1.255	679.94
0.01882	0.337499730000216	82.762	2.601	969.39
0.02701	0.48365961307231	119.973	3.295	1313.73
0.03113	0.554939556048355	137.478	3.813	1288.42
0.03777	0.67157946273643	163.364	4.228	1781.6
0.09405	1.65347867721706	398.506	8.161	4761.79
0.09612	1.66625866699307	403.095	7.878	4344.87
0.1867	3.17411746070603	768.216	10.934	8394.84
0.31186	5.21549582760334	1250.183	17.544	14955.56
0.46566	7.4995140003888	1798.647	28.573	21053.9
0.7	10.6482514813988	2548.827	42.703	31352.06
0.80337	11.0782711373831	2581.971	44.396	33407.48
1.60215	20.249263800589	4466.346	87.687	71176.04
1.81501	18.69532504374	3606.36	91.135	71509.2
3.56135	31.5624347500522	5757.034	176.54	137790.98
4.84095	30.9065152747878	5106.338	219.516	170799.24
6.25305	29.0366767706586	4806.446	278.798	206568.97
12.08635	47.1176623058702	7970.898	549.872	311607.77
18.20178	54.3234165412668	9320.943	848.904	384362.33
23.97941	46.867102506318	8070.031	1046.456	451150.65
36.4723	65.4018676785059	11314.424	1646.4	607752.19
47.24691	82.787153770277	14636.239	2140.345	739867.13
57.18495	91.6062467150026	16250.995	2627.68	861989.03
65.57349	91.1515670787463	16131.826	2927.225	959482.83
75.29155	98.3490413207669	17506.33	3399.47	1079315.66
83.6754	99.926380058896	17825.307	3652.052	1177744.27
90.61507	100.0	18044.59	3899.734	1260233.35
