0.0010999991200007	0.0197999841600127	8.722	0.601	47.23
0.00198999840800127	0.0358199713440229	14.765	0.623	103.61
0.00207999833600133	0.0372599701920238	15.745	0.617	111.96
0.00392999685600252	0.0707399434080453	28.464	0.482	202.76
0.00545999563200349	0.0980999215200628	38.641	0.931	277.49
0.00860999311200551	0.154619876304099	60.598	0.671	436.4
0.0123299901360079	0.221579822736142	86.665	1.379	588.23
0.0193699845040124	0.346859722512222	135.711	1.172	933.55
0.0266499786800171	0.476819618544305	186.39	1.671	1228.85
0.0336299730960215	0.599579520336384	234.271	1.889	1580.08
0.0371799702560238	0.659879472096422	255.57	2.013	1929.67
0.0532799573760341	0.936359250912599	365.179	3.533	2469.61
0.141569886744091	2.46203803036958	945.661	9.197	6876.59
0.208909832872134	3.57353714117029	1379.416	12.382	9682.35
0.270969783224173	4.49693640245088	1748.892	13.773	13312.72
0.443849644920284	7.10999431200455	2732.41	26.084	20537.25
0.68809944952044	10.4657316274147	4025.416	36.258	29725.69
0.974999220000624	12.0562103550317	4146.928	52.064	46438.77
1.01375918899265	14.1692286646171	5321.972	52.191	44950.35
2.39715808227353	26.1696390642887	8148.685	121.803	98432.51
3.56409714872228	31.5919547264362	9077.182	166.641	134184.07
5.20424583660333	34.9534520372384	9133.259	228.872	183783.75
7.68971384822892	37.6930498455601	9489.73	323.939	240544.91
11.2034210372632	39.070768743385	9687.889	453.965	296365.25
18.2037354370117	54.5212363830109	13976.527	764.459	384222.61
27.0103083917533	59.7225122219902	14997.625	1111.209	487370.06
36.8183705453036	67.8727257018194	17233.79	1514.167	608635.64
47.2317122146302	82.3551541158767	21168.022	1985.901	735102.48
57.0596843522525	90.1752478598017	22942.656	2386.111	852367.5
65.2370978103218	90.1199879040097	23051.708	2735.889	943003.1
75.9774492180406	99.5793403365277	24948.843	4422.501	1074035.23
84.0070827943338	99.976240019008	25323.299	4885.922	1172966.96
90.5445375643699	99.999640000288	25406.877	5435.828	1252778.69
