0.000769999384000493	0.0138599889120089	4.217	0.518	44.23
0.0018799984960012	0.0338399729280217	9.057	0.601	112.85
0.00288999768800185	0.0520199583840333	13.161	0.492	136.02
0.0040599967520026	0.0730799415360468	18.331	0.78	200.22
0.00555999555200356	0.100079919936064	25.447	0.622	285.27
0.0084399932480054	0.151379878896097	37.28	0.64	446.34
0.0123499901200079	0.221579822736142	54.54	0.731	660.88
0.018779984976012	0.335879731296215	81.091	1.738	930.38
0.0209899832080134	0.37547969961624	91.654	1.141	1138.61
0.0409999672000262	0.730079415936467	178.755	3.185	2052.35
0.04684996252003	0.829439336448531	198.477	2.489	2151.94
0.0856199315040548	1.49111880710495	363.456	5.468	3865.7
0.092159926272059	1.62467870025704	389.691	5.712	4233.95
0.209149832680134	3.57281714174629	855.72	13.898	9910.55
0.314739748208201	5.26031579174737	1255.596	16.795	15242.1
0.4689196248643	7.54253396597283	1808.061	23.146	22339.84
0.707269434184453	10.8170913463269	2600.583	40.915	30560.57
0.985889211288631	13.7044690364248	3214.79	53.155	44853.3
1.58796872962502	20.0816839346529	4377.459	82.162	67795.43
2.37589809928152	25.7997393602085	5129.073	117.768	97189.96
3.36156731074615	28.6595770723383	5058.013	149.522	131745.05
4.39271648582681	27.6503178797457	4592.953	191.178	161153.1
5.9375252499798	27.8004377596498	4532.831	241.675	201198.13
12.1386702890638	48.0536615570708	8163.44	524.765	311836.96
18.2117754305797	54.5224963820029	9404.777	773.115	384588.9
24.2103206317435	47.4036820770543	8021.901	946.453	451764.34
35.965481227615	62.8739497008402	10677.921	1449.287	595636.18
47.2080022335982	82.1134143092685	14332.517	1980.577	736667.81
56.7442746045803	87.2300902159278	15132.523	2357.231	849726.5
66.0068571945142	92.7244058204753	16357.897	2916.415	962212.9
74.2057906353675	96.3960428831657	16967.678	3267.106	1061298.51
84.0245027803978	99.97840001728	17683.705	4907	1178955.62
90.586247531002	100.0	17861.946	5459.562	1257338.34
