0.000949999240000608	0.0170999863200109	4.762	0.4	56.83
0.00223999820800143	0.0403199677440258	10.594	0.701	102.34
0.00263999788800169	0.0475199619840304	12.482	0.771	136.02
0.00362999709600232	0.0647999481600415	16.271	0.822	193.89
0.00557999553600357	0.100259919792064	24.862	0.97	241.91
0.00865999307200554	0.1556998754401	38.587	1.161	439.59
0.0116799906560075	0.210059831952134	50.948	0.795	572.43
0.0154899876080099	0.277559777952178	67.485	1.645	727.61
0.0216899826480139	0.387539689968248	95.475	1.988	1030.2
0.0229499816400147	0.410039671968262	100.285	1.957	1033.96
0.0597799521760383	1.05875915299268	256.495	3.822	2610.23
0.09367992505606	1.64231868614505	396.948	7.037	4084.19
0.14052988757609	2.44907804073757	586.577	8.887	6228.08
0.188699849040121	3.21011743190605	769.998	10.68	8258.97
0.3123997500802	5.23421581262735	1257.494	14.365	14834.05
0.429879656096275	6.49691480246816	1552.275	22.955	19004.3
0.466209627032298	7.48997400802079	1807.677	27.485	22280.61
0.704089436728451	9.75311219751024	2294.453	33.225	31970.52
1.58976872818502	20.1778038577569	4479.201	75.944	66794.19
2.35591811526551	25.3911396870883	5057.714	104.454	96731.86
2.83846772922582	23.511581190735	4128.276	120.825	114294.33
3.77508697993042	24.0409607672314	4020.708	139.283	143953.43
7.05789435368452	32.9572536341971	5310.849	254.347	224341.94
12.1299302960558	47.9548416361267	7996.896	446.646	311470.7
17.7620757903394	49.1444606844315	8083.772	642.361	374277.84
27.2906281674975	63.2965893627285	10685.579	966.561	491808.74
37.3022801581759	73.6606210715031	12597.121	1366.54	619044.27
44.2145746283403	67.4479260416592	11400.284	1497.78	695412.08
56.4808048153561	85.4435916451267	14530.048	1942.349	847273.56
66.8692965045628	97.4695620243504	16429.939	2639.083	972040.25
75.5707095434324	98.8687009050393	16804.352	3920.744	1076379.5
84.0450927639258	99.982180014256	17098.566	4394.362	1177708.12
90.556407554874	99.999640000288	17336.647	4863.696	1256448.03
