0.00100999919200065	0.0181799854560116	8.166	0.558	55.17
0.00145999883200093	0.0262799789760168	11.557	0.512	81.46
0.0023499981200015	0.0422999661600271	17.387	0.606	140.73
0.00357999713600229	0.0644399484480412	26.191	0.696	193.17
0.00454999636000291	0.0818999344800524	33.981	1.282	233.67
0.00837999329600536	0.150299879760096	59.206	1.039	433.51
0.012449990040008	0.223739821008143	88.006	2.205	588.23
0.0182599853920117	0.32741973806421	128.715	1.675	907.68
0.0276999778400177	0.497159602272318	194.959	3.488	1345.78
0.0382299694160245	0.678959456832435	265.446	4.12	1698.25
0.0636099491120407	1.12481910014472	434.626	5.448	3060.53
0.0920499263600589	1.62575869939304	625.442	7.914	4518.6
0.141439886848091	2.45555803555357	931.767	10.858	6929.23
0.199799840160128	3.31163735069012	1295.487	10.299	10263.05
0.212459830032136	3.63275709379432	1389.785	12.851	8970.4
0.410939671248263	6.53993476805219	2520.528	22.668	20052.88
0.481249615000308	7.22573421941262	2777.084	26.869	23310.32
1.05795915363268	14.9853480117216	5607.642	59.688	46164.91
1.60080871935302	20.255563795549	6986.173	87.905	67456.36
2.39855808115353	26.1701790638568	8165.884	116.198	98367.42
3.52998717601026	31.0946151243079	8908.758	160.021	137579.25
4.78399617280306	30.4703756236995	7844.051	209.56	170764.86
7.66965386427691	37.51394998884	9499.475	304.245	239576.12
11.5549407560474	41.4627868297705	10313.051	464.152	299588.15
16.2505369995704	41.3243669405065	10456.001	620.245	358065.86
24.7489402008478	48.7763609789112	12237.974	916.07	461057.76
37.3096101523119	73.6665610667511	18861.594	1447.423	615105.83
47.2306822154542	82.4327340538128	21063.494	1815.54	729612.95
57.1827642537886	91.5938267249386	23317.853	2259.04	852300.88
66.4690468247625	94.9328240537408	23719.832	2515.106	963470.17
75.8243493405205	99.3217605425916	24504.334	2845.575	1071779.5
84.1279326976538	99.992080006336	24782.73	3125.62	1172528.52
90.5357875713699	100.0	24948.259	3335.576	1251742.74
