0.0009	0.0161999870400104	5.037	0.65	47.23
0.00158	0.0282599773920181	7.589	0.458	67.94
0.00313	0.0561599550720359	14.531	0.754	142.15
0.00352	0.0631799494560404	16.302	0.605	167.05
0.00472	0.0849599320320544	21.498	0.521	236.05
0.00582	0.104759916192067	26.727	0.934	294.28
0.01345	0.240839807328154	58.767	1.396	679.94
0.01733	0.309239752608198	76.133	0.96	795.76
0.01871	0.334979732016214	81.203	1.072	886.68
0.04136	0.736199411040471	178.642	2.204	1947.65
0.05745	1.02041918366465	250.282	3.164	2760.17
0.0919	1.62107870313704	393.365	6.315	4853.44
0.12924	2.24297820561744	538.474	8.87	6085.38
0.20443	3.49451720438624	833.88	13.182	9514.09
0.29522	4.90949607240314	1177.297	18.236	13593.4
0.37487	5.96429522856382	1439.658	17.68	17009.6
0.69828	10.6367314906148	2551.355	39.649	31075.28
0.96684	13.4357292514166	3175.346	48.302	40633.52
1.11728	13.6520890783287	2960.795	51.8	45818
1.49135	15.648647481082	3063.013	64.945	62158.11
3.50569	30.7758353793317	5612.748	147.922	137967.94
5.39522	37.7252698197841	6508.333	207.845	193893.7
8.06866	42.2906061675151	7158.423	303.165	253867.78
9.65229	32.758893792885	5397.683	345.54	275726.62
16.51455	42.248846200923	6936.888	556.585	362037.38
27.28943	63.0991295206964	10691.757	984.288	495926.85
37.145	71.3931628854697	12062.944	1312.277	615605.72
46.91917	78.9436168451065	13299.252	1654.512	733508.89
57.12949	90.8590673127461	15580.483	2003.969	859464.71
66.61175	95.7628033897573	16257.058	2540.98	974739.49
73.94638	95.9460432431654	16496.753	2772.126	1060925.95
83.57267	99.9065800747359	17119.069	4298.287	1177975.05
90.5516	99.999640000288	17328.805	4836.355	1259276.7
