0.000769999384000493	0.0138599889120089	6.304	0.395	42.68
0.00215999827200138	0.0388799688960249	16.037	0.55	104.85
0.00275999779200177	0.0496799602560318	20.409	0.728	126.59
0.00284999772000182	0.0512999589600328	20.94	0.86	145.77
0.00599999520000384	0.107819913744069	42.616	0.565	290.46
0.00904999276000579	0.161819870544104	62.926	0.665	418.05
0.0105699915440068	0.189719848224121	73.829	0.71	496.92
0.01561998750401	0.280079775936179	111.016	1.545	719.56
0.024969980024016	0.446039643168285	174.314	1.481	1225.47
0.0412799669760264	0.733139413488469	282.07	2.082	1993.18
0.0592799525760379	1.04939916048067	408.082	4.522	2543.12
0.0893599285120572	1.57409874072101	603.667	5.403	4726.52
0.138719889024089	2.41865806507355	928.628	9.513	6577.6
0.18707985033612	3.19823744141005	1247.227	12.279	8304.96
0.308169753464197	5.13611589110729	1982.915	15.124	14280.7
0.36002971197623	5.72651541878767	2220.483	17.629	16280.41
0.443159645472284	6.67097466322027	2575.673	24.01	22015.1
0.822369342104526	11.3614109108713	4280.36	42.509	37151.06
1.54432876453699	19.3318045345564	6723.546	73.933	64128.6
1.64087868729705	17.0128663897069	5175.476	69.873	73321.85
3.5999171200663	31.9688744249005	9159.433	165.556	138869.83
4.94878604097117	31.9575344339725	8229.527	199.15	171809.25
5.84313532549174	27.4550180359856	6937.93	212.019	202596.62
9.01416278866977	30.9284752572198	7811.344	310.078	272891.87
16.7618565905147	43.2572053942357	10664.024	563.481	363630.22
25.7554093956725	52.0212183830253	12907.345	877.107	472027.27
37.2704701836238	73.1058615153108	18673.062	1309.088	613450.53
44.0366047707162	67.0409463672429	16860.241	1490.227	698716.59
55.9753352197318	82.9207136634291	20694.227	1931.932	839274.41
66.7460166031867	96.4675028259977	23953.98	2592.46	963288.32
74.8739201008639	97.6042019166385	24249.453	2896.223	1065227.7
83.2951433638853	99.8358401313279	24720.83	4338.345	1165479.51
90.58828752937	100.0	24825.524	4928.596	1252564.95
