0.00052	0.00935999251200599	3.534	0.496	35.86
0.00198	0.0356399714880228	11.445	0.643	99.12
0.00247	0.0444599644320285	12.563	0.773	126.6
0.00372	0.0667799465760427	18.23	0.837	183.74
0.00397	0.0712799429760456	20.658	0.559	173.4
0.00923	0.165239867808106	44.44	0.678	440.06
0.01232	0.221219823024142	64.511	0.783	595.14
0.01256	0.225179819856144	59.185	0.695	603.16
0.02051	0.365399707680234	105.223	1.515	859.92
0.02286	0.407519673984261	119.1	0.986	1075.09
0.04372	0.773459381232495	202.923	1.764	1954.41
0.09249	1.62719869824104	436.225	5.392	4322.05
0.14119	2.45555803555357	635.307	8.489	7114.43
0.19329	3.29255736595411	909.725	11.309	8883.96
0.3059	5.09849592120326	1339.934	15.762	14140.1
0.4728	7.62065390347688	1970.92	23.794	20690.47
0.66529	10.0763919388864	2586.977	34.228	29723.25
1.03363	14.5031283974973	3799.483	49.83	47248.68
1.0907	13.3541893166485	3106.026	48.443	45988.51
1.3659	14.5443483645213	3147.285	60.115	57799.24
2.06286	17.7958657633074	3489.554	83.446	83224.43
3.43855	22.3397821281743	4146.474	124.287	126133.17
8.08674	42.8126057499154	8122.479	310.786	251347.63
11.6419	42.205826235339	7621.374	404.472	304276.64
17.42767	46.5288827768938	8357.922	598.472	375278.06
27.28694	63.1482694813844	11981.503	953.975	495992.81
35.60242	61.4344908524073	11497.149	1201.171	594492.54
46.05669	73.3072813541749	13826.511	1586.269	722475.7
56.50587	85.5974915220068	16280.517	1965.913	851485.11
66.63588	95.9089632728294	18283.942	2780.801	974930.4
75.43471	98.6206611034711	19109.429	4890.774	1080528.36
84.05265	99.983980012816	19186.091	5453.959	1184237.86
90.59952	100.0	19381.678	6189.567	1260668.73
