0.00074999940000048	0.0134999892000086	1.536	0.716	42.68
0.00204999836000131	0.0368999704800236	2.713	0.787	96.91
0.00313999748800201	0.0563399549280361	4.362	1.16	142.46
0.00336999730400216	0.0606599514720388	3.419	1.243	165.78
0.00599999520000384	0.107819913744069	4.424	1.243	260.79
0.00931999254400596	0.167399866080107	5.553	1.082	452.69
0.0126399898880081	0.227159818272145	6.911	1.411	633.28
0.0182799853760117	0.32777973777621	9.82	2.781	965.71
0.0206999834400132	0.369719704224237	10.919	2.758	990.75
0.0430699655440276	0.768059385552492	20.324	4.06	2085.68
0.0636999490400408	1.12859909712072	28.12	5.6	2981.96
0.0948699241040607	1.66913866468907	41.811	6.717	4565.42
0.139309888552089	2.42693805844955	61.295	10.623	6749.69
0.197909841672127	3.37715729827416	82.762	14.882	8426.09
0.300429759656192	5.0030959975232	123.123	21.381	14103.76
0.473799620960303	7.63163389469288	183.29	32.78	21626.37
0.635509491592407	9.57095234323813	240.072	38.446	27141.81
0.65690947447242	9.12455270035784	252.595	40.563	31736.27
1.59918872064902	20.269963784029	564.93	88.87	68257.23
2.38191809446552	25.8643593085126	759.136	121.4	96378.73
2.82808773752981	23.396741282607	924.023	129.447	111110.19
4.54948636041091	28.7056570354744	1596.002	190.714	165910.54
7.86383370893303	39.6237283010174	2627.86	326.214	247105.87
12.1154003076798	47.6065419147665	4157.806	492.026	307729.05
18.1287454970036	53.14693748245	5596.736	705.703	380917.53
24.7178002257598	48.6912210470232	7221.605	946.202	460847.38
36.2199810240152	64.035848771321	9929.72	1369.383	600599.69
47.2595921923262	82.733693813045	13222.004	1866.47	735530.71
57.1262142990286	90.9380872495302	15360.273	2175.988	854056.24
66.5924667260266	95.5138635889091	15955.598	2543.271	961182.44
75.3013997588802	98.368841304927	19099.401	2813.098	1068101.21
84.0917927265658	99.988480009216	19135.426	3117.92	1171978.11
90.615317507746	100.0	20292.391	3329.065	1253202.1
