0.000770010780150922	0.0138599889120089	5.442	0.896	141.79
0.0013500189002646	0.0242999805600156	8.322	0.949	227.52
0.00161002254031556	0.0289799768160185	10.306	0.991	304.26
0.00317004438062133	0.0570599543520365	19.208	1.109	540.71
0.00331004634064877	0.0595799523360381	18.464	1.125	607.37
0.00639008946125246	0.114839908128074	34.934	1.336	1241.11
0.0100201402819639	0.180179855856115	54.924	1.705	1923.7
0.0109301530221423	0.196019843184125	59.107	1.758	1894.56
0.0241103375447256	0.432179654256277	132.406	2.913	4641.43
0.0357505005070071	0.64061948750441	193.787	3.951	7073.51
0.0497206960897453	0.889379288496569	284.739	5.279	8420.69
0.0575108051512721	1.02761917790466	313.081	5.822	9685.52
0.116191626682774	2.05775835379332	637.702	11.057	19242.81
0.142711997967972	2.51297798961761	771.199	13.133	25222.31
0.24862348072873	4.26869658504273	1302.577	22.483	46032.08
0.26678373497229	4.64381628494697	1426.243	24.057	43745.14
0.468306556291788	7.84457372434102	2364.606	41.052	77336.28
0.610108541519581	9.87947209642232	3082.605	57.752	102266.86
1.20961693463708	18.4856252114998	5748.235	109.33	208796.95
1.38153934155078	19.7935041651967	5930.382	119.812	218555.49
2.62687677627487	33.2382334094133	9816.52	227.217	384823.34
4.37223121123696	47.3513021189583	13060.867	383.866	546408.81
5.30174422441914	47.3729021016783	12207.703	453.646	630392.21
7.82085949203289	54.5070163943869	13662.813	656.58	816989.22
16.9166568331957	86.9926704058637	20816.084	1473.27	1061579.19
25.3765552717738	93.6704850636119	22554.372	2612.672	1256932.84
34.1750784510983	96.5074627940298	23992.414	3286.386	1458797.04
43.5706199886798	99.4481204415036	24711.492	4449.657	1676631.97
50.3400647609066	98.9939808048154	25499.708	4878.675	1837423.12
59.5328634600884	99.966160027072	26375.395	6399.428	2048773.22
66.5606818495459	99.992440006048	27117.888	7134.038	2212088.76
73.0207722908121	99.99910000072	28044.685	8436.706	2358640.24
78.6616012624177	99.999820000144	28476.048	9246.742	2492605.87
