0.000840011760164642	0.0151199879040097	6.296	1.075	172.61
0.00119001666023324	0.0214199828640137	7.87	1.15	208.46
0.00237003318046453	0.0426599658720273	14.3	1.378	503.17
0.00256003584050177	0.0460799631360295	14.939	1.463	458.34
0.00538007532105449	0.096839922528062	30.207	2.025	946.98
0.00550007700107802	0.0989999208000634	30.596	2.036	903.82
0.00792011088155234	0.142199886240091	43.915	2.519	1366.69
0.0140801971227597	0.253079797536162	83.743	3.51	2806.23
0.0148002072029008	0.26585978731217	80.854	3.654	2785.49
0.0224003136043905	0.402119678304257	122.008	4.569	4171.83
0.0527107379503313	0.941219247024602	292.343	7.885	9411.51
0.05403075643059	0.966779226576619	304.267	7.595	8574.79
0.0802611236557312	1.42397886081691	447.974	10.05	14075.35
0.18352256931597	3.23423741261007	1021.036	21.117	34920.08
0.283453968355557	4.93991604806716	1521.738	28.633	46166.14
0.372525215353015	6.37055490355608	2067.451	38.173	61431.99
0.55984783786973	9.34883252093398	2884.824	55.86	90955.59
0.615148612080569	9.96497202802238	3026.994	57.233	103330.27
1.3372687217621	20.4668836264931	6501.823	129.327	206356.15
1.84903588650241	26.1242791005767	7989.087	170.387	287798.61
3.09142327992592	39.2511285990971	11595.226	298.266	434436.09
4.15239813357387	44.9191440646848	12453.246	374.753	547032.82
6.2714478002692	55.1339558928353	14107.265	558.312	721170.4
11.168376357269	77.4055180755855	19392.147	1015.463	933707.93
14.6586152206131	73.5524411580471	18268.578	1308.849	1025518.86
22.4391541481581	81.7242546205963	20398.502	1966.976	1206201.12
29.5973743632411	85.1204919036065	21565.759	2588.202	1369333.33
40.964073497029	95.7165434267653	24549.128	3618.687	1619966.71
51.5524817347443	99.7150602279518	26003.947	4497.813	1865502.72
57.4141637982932	99.5077003938397	26332.848	4998.224	1989307.02
66.5188712641977	99.991540006768	27563.938	5839.543	2211586.98
72.8282795959143	99.99820000144	28523.712	6302.585	2356692.78
78.6522611316558	99.999820000144	28453.927	6857.943	2491126.99
