0.00403005642078989	0.0725399419680464	23.956	1.829	744.71
0.0108401517621247	0.194939844048125	63.901	3.053	1937.72
0.0124501743024402	0.223739821008143	69.926	3.272	2304.14
0.0157302202230831	0.282419774064181	87.028	3.758	2785.49
0.0359005026070365	0.643859484912412	191.505	6.011	5730.27
0.0427005978083693	0.764279388576489	230.006	6.646	7604.76
0.280213922994922	4.89203608637113	1486.684	28.224	46166.14
0.339754756566592	5.82281534174773	1876.941	34.299	57387.6
0.604658465218513	10.1001519198785	3431.476	62.176	104692.19
1.89760656649193	26.7695785843371	8257.226	174.206	276655.32
24.2736298308176	88.6166291066967	22178.235	2169.998	1236310.96
34.5333234665285	97.4922420062064	24113.142	3110.921	1467045.23
72.8252695537738	99.99820000144	27777.477	6360.393	2356610.22
