0.000830011620162682	0.0149399880480096	5.745	0.904	155.23
0.0011000154002156	0.0197999841600127	7.109	0.879	198.38
0.00199002786039005	0.0358199713440229	12.877	0.969	448.26
0.00230003220045081	0.0413999668800265	13.372	1.055	419.13
0.00467006538091533	0.0838799328960537	28.334	1.255	856.21
0.00536007504105058	0.0964799228160617	29.853	1.282	938.58
0.00948013272185811	0.170459863632109	51.743	1.702	1793.06
0.0112001568021952	0.201419838864129	58.945	1.815	1992.63
0.0166702333832674	0.299519760384192	94.379	2.301	2931.17
0.0360705049870698	0.646019483184413	192.462	3.998	6951.91
0.044780626928777	0.802079358336513	244.761	4.755	7723
0.0623108723522129	1.10969911224071	336.873	6.472	10585.54
0.119101667423344	2.11229831016135	633.422	11.8	21679.26
0.151562121869706	2.67155786275371	838.318	14.204	26162.36
0.211132955861382	3.66389706888234	1107.108	19.358	35131.44
0.357124999749997	6.10991511206791	1833.687	31.708	65844.08
0.582988161834266	9.74069220744623	2953.906	52.392	95862.23
0.853251945527237	13.7496490002808	4238.147	72.952	133432.32
1.40248963485489	21.5090827927338	6563.392	123.068	226366.75
1.7438544139618	24.6455802835358	7523.409	160.37	270140.52
2.06259887638427	26.623958700833	7802.608	179.889	310470.21
4.05156672193411	43.8722649021881	11998.919	346.084	544127.11
7.33556269787777	65.5161675870659	16904.207	643.007	781584.23
8.95575538057533	60.925811259351	15028.832	747.927	890174.89
12.2358313016382	63.1945294443764	15558.984	1023.181	967968.3
25.1025014350201	92.3532461174031	22689.63	2121.013	1249360.26
31.3968995565938	89.2982885613691	22509.63	2636.647	1407682.81
40.7800409205729	95.4226036619171	24670.678	3872.984	1616368.32
51.7232241251378	99.8110001511999	25427.465	5360.412	1862816.66
59.5879442312192	99.974440020448	26662.168	6418.351	2049635.35
66.6817935451096	99.996040003168	27705.599	7192.454	2213046.18
73.0550927712988	99.99910000072	27763.986	8402.496	2358699.18
78.6626612772579	99.999820000144	28419.138	9114.947	2492501.73
