0.000920012880180323	0.0165599867520106	6.549	1.075	156.91
0.00154002156030184	0.0277199778240177	10.094	1.232	289.15
0.00249003486048805	0.0448199641440287	15.006	1.458	415.77
0.00368005152072129	0.0660599471520423	21.241	1.747	653.94
0.00500007000098001	0.0899999280000576	27.921	1.964	938.58
0.00676009464132498	0.121499902800078	47.176	2.358	1206.93
0.00925012950181303	0.166499866800107	56.409	2.758	1666.44
0.0113501589022246	0.20339983728013	77.732	3.19	1992.63
0.0208302916240827	0.373319701344239	124.373	4.274	3443.93
0.0265003710051941	0.475199619840304	147.423	5.401	4610.61
0.0556207786909017	0.994139204688636	327.161	7.936	9478.2
0.069810977353683	1.2439790048168	378.995	9.352	13782.84
0.107671507401104	1.91231847014522	582.923	12.631	20251.15
0.176552471734604	3.11561750750599	985.459	19.538	29425.84
0.273983835773701	4.77089618328305	1436.964	28.193	51972.27
0.36168506359089	6.20009503992397	1934.146	36.217	65952.32
0.59698835783701	9.99341200527039	3055.136	60.214	95788.16
0.910782750958513	14.6995082403934	4430.409	87.309	140125.38
1.20912692777699	18.4953452037238	5656.756	116.64	208365.23
1.29308810323345	18.6512250790199	5682.983	129.676	213318.47
2.88323036522511	36.4497908401673	10972.63	272.013	393479.38
4.08755722580116	44.2281246175003	12148.902	368.385	545662.95
6.88082633156864	60.8525513179589	15841.717	605.743	762996.91
10.7734508283116	73.9056008755193	18169.271	958.288	931134.62
17.0678489498853	88.1034495172404	21347.272	1526.182	1062767.53
24.1900986613813	88.2683293853365	21684.772	2164.591	1235170.97
34.7925370955193	98.1825414539668	24245.88	3094.202	1472040.06
38.7874330240623	92.233006213595	24068.812	3568.015	1575806.19
50.7151500121002	99.2342806125755	25695.313	4450.768	1846748.04
57.760338644741	99.6076003139197	26361.346	5138.717	2000162.83
66.5892622496715	99.993160005472	27384.373	5846.449	2212340.85
72.9741316378429	99.998740001008	27763.509	6327.342	2358677.64
78.6521911306758	99.999820000144	28308.396	6792.14	2491023.05
