0.000910012740178362	0.0163799868960105	6.323	1.089	158.59
0.00176002464034496	0.0316799746560203	18.083	1.314	289.15
0.00280003920054881	0.0503999596800323	16.425	1.512	503.17
0.00305004270059781	0.0548999560800351	17.381	1.506	540.71
0.0054300760210643	0.0975599219520624	31.819	2.064	946.98
0.0075301054214759	0.135359891712087	41.602	2.382	1314.04
0.0111301558221815	0.199979840016128	61.266	2.991	1992.63
0.0235603298446178	0.423539661168271	133.488	4.537	3962.82
0.0343504809067327	0.616319506944394	191.738	5.703	6513.1
0.233253265545718	4.0620567503546	1247.425	23.515	42535.21
0.322024508343117	5.51465558827553	1709.266	31.732	55775.37
0.446386249407492	7.47143402285278	2291.203	45.726	73061.42
0.938383137363923	14.4430084455932	4431.946	89.186	154047.9
1.35293894114518	19.3930044855964	5892.112	127.402	215655.49
3.10757350602908	39.4682084254333	11679.485	284.763	437554.59
4.94534923488929	54.3264765388188	14909.808	445.273	601819.74
7.38874344240819	66.0477071618343	17648.817	690.679	784324.75
16.8532059448832	86.4998308001354	20946.2	1516.525	1061601.3
25.5312574376041	94.4558244353404	23163.123	2302.432	1253610.61
51.6420229883218	99.7615001907999	25801.223	4504.218	1865822.42
66.5223713131984	99.991540006768	27295.767	5841.044	2211647.52
