0.000920012880180323	0.0165599867520106	6.126	0.898	162.53
0.00171002394033516	0.0307799753760197	10.618	0.993	273.45
0.001750024500343	0.0314999748000202	10.499	0.98	388.31
0.00282003948055273	0.0507599593920325	15.99	1.134	458.34
0.00430006020084281	0.0773999380800495	23.835	1.207	773.84
0.00802011228157194	0.143639885088092	44.002	1.561	1314.04
0.00815011410159742	0.146519882784094	45.114	1.533	1526.38
0.0108501519021266	0.194939844048125	59.013	1.865	1894.56
0.0239003346046845	0.429479656416275	132.099	2.877	4348.32
0.0342104789467053	0.611099511120391	197.97	3.804	6248.54
0.0361605062470875	0.646739482608414	191.912	4.001	5730.27
0.0754910568747963	1.34657892273686	414.502	7.355	12873.76
0.123641730984234	2.1925782459374	688.841	11.488	23125.43
0.13816193426708	2.43791804966556	760.354	12.84	23601.87
0.230833231665243	4.01741678606657	1238.221	20.12	42140.49
0.304634264879708	5.22467582025934	1602.607	27.443	50755.5
0.533787473024622	8.91953286437371	2747.272	47.42	99656.42
0.557607806509291	9.09521272382982	2871.896	48.17	98999.91
1.0877752288532	16.6129067096746	5012.963	93.374	174285.61
1.76781474940649	24.987940009648	7619.943	151.725	278427.78
2.10021940307164	27.0411983670413	7933.624	176.045	312214.67
4.57587406223687	49.7229802216158	13724.638	386.381	575828.68
6.11843565809921	53.8246369402904	13818.936	491.773	712405.33
8.3035762500675	57.1701142639086	14270.299	639.311	856104.7
16.1793565109912	81.8203745437004	19838.242	1246.893	1053490.14
25.5448776282868	94.5188243849405	22535.98	2354.467	1253258.75
34.7542765598718	98.0759815392148	23820.467	3233.773	1472154.99
40.5889782456954	95.1283038973569	23775.924	3410.626	1613043.79
49.8910884752387	98.6667410666071	25114.647	4322.641	1827598.9
57.8274295840142	99.6293802964958	25868.184	5295.749	2002156.28
65.6033484468783	99.953740037008	26396.672	6401.323	2189989.61
72.989721856106	99.998920000864	27074.906	7478.722	2359109.73
78.6617812649377	99.999820000144	27576.996	8435.001	2492529.96
