0.000710009940139162	0.0127799897760082	6.546	0.899	121.05
0.00157002198030772	0.0282599773920181	13.366	1.003	300.9
0.00238003332046649	0.0428399657280274	18.346	1.025	409.05
0.00264003696051745	0.0475199619840304	19.867	1.05	419.13
0.00373005222073109	0.0669599464320429	27.771	1.116	686.44
0.00781010934153078	0.14057988753609	61.038	1.527	1406.48
0.0107001498020972	0.192599845920123	80.382	1.746	1937.72
0.0141801985227793	0.255059795952163	106.887	1.989	2785.49
0.0146402049628695	0.263159789472168	112.976	2.002	2545.67
0.0266403729652215	0.477359618112305	201.551	2.979	4341.6
0.0484106777494885	0.865259307792554	376.958	4.692	8916.11
0.0553807753308546	0.986939210448632	432.577	5.309	9788.65
0.107151500121002	1.89665848267321	821.217	9.188	20595.87
0.173752432534055	3.05261755790595	1303.673	15.069	30877.13
0.244703425847962	4.26149659080273	1834.198	19.987	43062.25
0.40688569639975	6.83063453549237	2980.185	32.342	68978.14
0.426675973463629	7.32815413747669	3139.729	34.863	73703.64
0.584048176674473	9.50165239867808	4099.548	45.812	100984.08
1.23333726672173	18.8557049154361	8020.488	96.471	200532.88
2.10070940993174	29.8076161539071	12786.062	162.913	326047.65
3.10004340060761	34.5457523633981	14018.124	232.05	432047.1
3.10132341852786	39.3899084880732	16574.661	242.758	437230.84
5.12772178810503	46.0785231371815	17592.825	376.809	617313.49
10.4518863264086	71.2560029951976	26117.636	782.65	923570.53
14.5985743800413	73.2444614044309	27030.53	1059.657	1024361.96
20.3714051996728	75.4181396654883	28162.275	1450.599	1158292.53
32.6690173662431	92.4236260610992	34602.411	2350.47	1431655.53
43.5801301218217	99.4726004219197	37887.103	6793.009	1675698.11
49.8759382631357	98.6561210751031	38374.765	6554.607	1827161.88
57.6017964251499	99.5604403516477	39891.778	9589.493	2005538.24
66.2996381949347	99.986680010656	40900.11	12214.925	2200650.28
72.7589086247207	99.997840001728	41447.416	13987.275	2355261.66
78.6574512043169	99.999820000144	42510.687	17844.125	2491537.67
