0.000729999416000467	0.0131399894880084	5.062	0.831	141.05
0.00166999866400107	0.0300599759520192	9.734	0.956	282.49
0.0021899982480014	0.0394199684640252	12.699	1.006	415.09
0.00219999824000141	0.0395999683200253	12.396	1.018	393.06
0.00361999710400232	0.0649799480160416	19.879	1.186	664.5
0.00664999468000426	0.119699904240077	38.513	1.397	1231.29
0.0101699918640065	0.182519853984117	56.289	1.685	1886.42
0.0168299865360108	0.302219758224193	88.316	2.317	2633.87
0.0213799828960137	0.383399693280245	119.986	2.705	3739.69
0.0274899780080176	0.493199605440316	155.341	3.209	5113.59
0.0491999606400315	0.879659296272563	266.52	5.009	8300.12
0.0547899561680351	0.979019216784627	292.004	5.553	8858.84
0.0743599405120476	1.31849894520084	398.492	7.334	12422.21
0.155239875808099	2.73725781019375	826.762	14	26889.84
0.214949828040138	3.7472370022104	1138.341	19.181	34603.95
0.423539661168271	7.26965418427665	2195.746	37.864	65994.28
0.617619505904395	10.0204119836704	3031.265	53.702	95990.86
0.636379490896407	10.6613914708868	3137.954	54.274	96235.54
1.44814884148093	22.2640021887982	6730.618	121.578	214236.04
1.67672865861707	23.6894210484632	7075.181	136.724	238367.72
3.17395746083403	40.3093477525218	11964.4	256.893	401366.36
4.26935658451473	46.1879630496296	13877.911	327.124	530836.01
5.79236536610771	51.1816990546408	15373.735	422.049	652397.74
7.808733753013	54.3966764826588	16331.291	551.521	780729.61
15.7183174253461	78.9790768167385	24206.24	1076.708	1017597.72
20.3989636808291	75.4528796376963	23799.257	1342.685	1120436.29
33.6727430618055	95.0690839447328	30375.448	2609.065	1432986.43
41.4077968737625	96.3888428889257	31407.932	3139.885	1608441.29
51.4169688664249	99.6598002721598	33213.812	4434.181	1843362.9
57.1829642536286	99.4384004492796	33566.59	4550.975	1984629.57
66.6362366910107	99.996040003168	34470.596	5896.389	2189522.17
72.5622319502144	99.997660001872	34977.186	6508.374	2321611.29
78.6546870762503	100.0	35496.94	7756.027	2464938.91
