0.000750010500147002	0.0134999892000086	3.012	0.881	121.05
0.00136001904026656	0.0244799804160157	7.923	0.985	281.84
0.00245003430048021	0.0440999647200282	6.118	1.019	409.05
0.00353004942069189	0.0635399491680407	8.079	1.117	683.08
0.00515007210100941	0.0926999258400593	10.806	1.218	912.8
0.00607008498118974	0.10889991288007	12.536	1.228	1094.33
0.00702009828137594	0.125999899200081	14.317	1.327	1300.02
0.0171802405233673	0.309059752752198	33.537	1.957	3069.55
0.0226303168244355	0.40607967513626	43.73	2.434	4348.32
0.0229503213044983	0.411299670960263	43.728	2.45	4171.83
0.0472306612292572	0.84329932536054	87.945	4.312	8026.13
0.0622008708121914	1.10663911468871	116.674	5.576	10585.54
0.120881692343693	2.14595828323337	219.185	10.09	21679.26
0.14908208714922	2.62583789932968	268.117	12.296	25620.31
0.163922294912129	2.86397770881783	296.607	14.591	29736.99
0.356544991629883	6.0992951205639	630.348	29.885	67568.72
0.553477748688482	9.25865259307793	963.055	45.002	91251.29
0.944473222625117	15.2636277890978	1588.475	76.712	148310.19
1.29507813109384	19.7882841693727	2107.668	102.638	196989.76
1.48916084825188	21.2068630345096	2274.162	116.491	224891.78
2.88642040988574	36.5018107985514	3731.094	227.425	394473.15
4.7306162286272	51.6819186544651	5090.238	366.603	592638.74
4.84791787085019	44.0474047620762	4416.95	366.606	596846.49
9.58445418235855	64.9048880760895	8328.121	707.88	905419.91
16.9921178896505	87.51934998452	12786.258	1257.933	1061970.12
24.9088387237421	91.3846668922665	15835.195	1822.419	1248276.73
34.0359865038111	96.1224431020455	18881.208	4213.471	1453667.74
43.0197122759719	98.7297410162072	20870.326	6151.512	1662843.78
50.7948811283358	99.2895405683675	23975.017	7341.663	1848965.68
58.5332694657725	99.8075801539359	21540.621	9763.018	2017436.68
66.372579216109	99.988660009072	24946.132	12184.282	2202874.31
73.0550827711588	99.998920000864	27971.767	15664.413	2358610.5
78.6507011098155	99.999820000144	29846.361	17069.163	2492883.67
