0.000590008260115642	0.0106199915040068	2.016	0.88	127.77
0.00126001764024696	0.0226799818560145	2.547	0.957	215.18
0.00221003094043317	0.0397799681760255	2.766	1.007	406.78
0.00284003976055665	0.0511199591040327	3.305	1.071	495.87
0.00469006566091925	0.084419932464054	4.304	1.175	809.7
0.0057800809211329	0.104039916768067	4.948	1.213	1094.33
0.00871012194170718	0.1562398750081	7.476	1.42	1435.62
0.0119701675823462	0.215099827920138	10.011	1.814	1992.63
0.0206202886840416	0.369899704080237	16.005	2.19	4129.26
0.0269103767452744	0.481859614512308	20.775	2.664	4610.61
0.0320904492662897	0.573299541360367	24.152	3.068	6005.95
0.0706009884138378	1.25945899243281	62.962	6.15	13782.84
0.0769610774550844	1.36583890732887	56.711	6.614	13924.61
0.171822405513677	3.02939757648194	126.038	14.061	27910.14
0.249273489828858	4.34177652657878	184.703	20.259	41392
0.34122477714688	5.84081532734774	245.275	28.737	58805.21
0.413525789361051	6.92927445658044	294.411	32.918	71108.4
0.761500661009254	12.2882301694159	624.384	60.178	125826.02
1.11280557927811	17.0389663688269	976.288	87.912	177706.59
1.28131793845114	18.4883252093398	1096.651	99.911	211981.01
1.984717786049	25.6890394487684	1687.853	153.545	305567.79
3.0652929141008	34.2010526391579	2297.808	233.1	430980.04
6.74115437616127	59.42281246175	4463.685	514.541	743069.39
10.280543927615	69.9567640345888	7210.071	769.795	917880.51
17.0416785835002	87.9144496684403	11048.884	1272.517	1063329.77
25.2486134805887	93.0340055727955	14386.98	1844.158	1251931.53
28.683541569582	83.1149335080532	17428.574	2037.057	1352390.69
43.3485668799363	99.1905406475675	16529.597	6690.006	1664922.34
51.5524617344643	99.7150602279518	21826.505	8791.245	1865502.66
57.2453414347801	99.4591004327197	18274.832	8421.203	1985052.42
66.4158798223175	99.989380008496	25790.013	11821.446	2209725.57
73.0475526657373	99.99910000072	26086.125	15782.723	2358994.58
78.6395509537134	99.999820000144	28231.386	17187.69	2493085.48
