0.10001	0.100259919792064	12.368	5.014	901.36
0.20001	0.200159839872128	21.264	7.849	1926.78
0.30001	0.300059759952192	29.094	10.543	2694.67
0.45001	0.450179639856288	46.336	14.262	4036.33
0.67501	0.675179459856432	58.041	21.044	5554.38
1.01201	1.01213919028865	87.543	27.258	9800.17
1.51801	1.51811878550497	123.361	38.629	13609.55
2.27701	2.27717817825746	188.302	56.044	19795.49
3.41501	3.41513726789019	256.508	89.076	29870.72
5.12201	5.12207590233928	392.526	136.314	45966.11
7.683	7.68311385350892	560.659	201.581	68156.85
11.52401	11.5241307806954	881.772	262.498	101214.83
17.28601	17.2862861709711	1225.358	433	149893.7
25.92901	25.9291592566726	1969.695	517.572	228279.72
38.89301	38.8931088855129	2902.961	865.393	338524.7
58.33901	58.3390333287733	4341.069	1283.306	512401.65
78.33901	78.3391773286581	5828.022	1729.686	680105.04
98.33901	98.3391413286869	6888.008	2071.335	849804.02
