0.00101	0.00125999899200081	2.255	1.168	15.44
0.00201	0.00215999827200138	2.232	1.233	23.41
0.00301	0.00305999755200196	2.39	1.471	30.25
0.00401	0.00413999668800265	2.419	1.512	43.75
0.00601	0.00611999510400392	2.777	1.707	62.8
0.00901	0.00917999265600588	2.904	1.331	83.24
0.013	0.0131399894880084	3.525	1.846	109.06
0.01901	0.0190799847360122	3.777	2.116	155.21
0.028	0.028079977536018	4.998	2.374	244.78
0.04201	0.042119966304027	6.274	2.866	366.86
0.06301	0.0631799494560404	7.638	2.407	581.15
0.09401	0.0941399246880602	11.281	4.934	893.21
0.14101	0.14111988710409	15.215	6.209	1239.16
0.21101	0.211139831088135	20.816	8.026	1864.3
0.31601	0.316259746992202	28.728	10.813	3044.47
0.47401	0.474119620704303	43.556	14.967	4562.48
0.71101	0.711179431056455	58.602	21.047	5944.91
1.06601	1.06613914708868	84.716	22.385	9381.09
1.59901	1.59929872056102	112.595	45.557	15145.09
2.39801	2.39831808134553	180.357	65.875	22134.27
3.59701	3.5971171223063	245.712	98.818	31449.76
5.39501	5.39513568389145	385.506	111.616	48101.24
8.09201	8.09225352619718	538.067	163.445	71675.85
12.138	12.1381102895118	848.057	318.467	107194.52
18.20701	18.2071654342677	1255.41	477.43	161029.61
27.31001	27.3101181519055	1903.941	607.598	238585.41
37.31001	37.3101901518479	2623.366	841.833	325888.39
47.31001	47.3100821519343	3072.657	1254.188	411797.82
57.31	57.3101541518767	3856.238	1200.167	503826.89
67.31001	67.3100461519631	4280.269	1791.703	588111.46
77.31001	77.3101181519055	5274.334	1939.312	665035.18
87.31001	87.3100101519919	5630.309	2250.76	755376.6
97.31001	97.3100821519343	6323.181	2572.997	840547
