0.00101	0.00125999899200081	2.083	1.391	16.61
0.00201	0.00215999827200138	2.354	1.454	23.61
0.00301	0.00323999740800207	2.646	1.255	30.42
0.00401	0.00431999654400277	2.309	1.538	42.48
0.00601	0.00629999496000403	2.65	1.819	60.03
0.00901	0.00917999265600588	3.021	1.341	84.63
0.013	0.0131399894880084	3.56	1.388	114.44
0.019	0.0190799847360122	4.268	2.261	170
0.02801	0.028079977536018	4.459	2.752	254.06
0.04201	0.042119966304027	6.719	3.306	380.44
0.06301	0.0631799494560404	8.2	4.252	568.91
0.09401	0.0941399246880602	11.653	5.622	943.43
0.14101	0.14111988710409	15.402	7.169	1179.49
0.21101	0.211139831088135	21.274	9.723	1817.07
0.31601	0.316079747136202	33.469	13.449	2723.16
0.47401	0.474299620560304	44.838	18.921	4223.38
0.71101	0.711179431056455	64.344	27.462	5965.16
1.06601	1.06631914694468	93.041	40.8	9500.43
1.59901	1.59911872070502	138.438	57.663	13392.35
2.39801	2.39813808148954	198.059	72.628	21898.24
3.59701	3.5972971221623	291.973	126.284	32544.4
5.395	5.39531568374745	431.24	185.009	48538.24
8.09201	8.09225352619718	638.008	256.674	72967.33
12.13801	12.1381102895118	938.841	410.998	108092.73
18.20701	18.2071654342677	1422.735	574.38	160309.46
27.31001	27.3102981517615	2112.025	918.316	239912.29
37.31	37.3101901518479	2807.542	1170.405	326628.96
47.31001	47.3100821519343	3691.681	1591.982	406904.93
57.31	57.3101541518767	4427.564	1872.459	500808.6
67.31	67.3100461519631	5111.596	2309.683	578546.5
77.31001	77.3101181519055	5877.31	2602.755	665019
87.31001	87.3100101519919	6776.664	2965.935	757322.16
97.31001	97.3100821519343	7543.285	3346.897	841651.24
