0.00101	0.00107999913600069	2.227	1.413	15.42
0.00201	0.00215999827200138	2.814	1.105	22.39
0.00301	0.00323999740800207	3.577	1.645	31.75
0.00399	0.00413999668800265	3.689	1.622	44.03
0.00601	0.00611999510400392	5.442	1.708	61.53
0.00901	0.00917999265600588	6.806	1.871	77.92
0.01301	0.0133199893440085	3.605	1.58	124.06
0.01901	0.0192599845920123	11.303	2.356	153.95
0.028	0.0282599773920181	18.43	2.645	242.06
0.04201	0.042119966304027	24.755	3.487	372.25
0.06301	0.0631799494560404	8.577	4.134	577.13
0.09401	0.0941399246880602	43.42	4.905	813.13
0.14101	0.14111988710409	64.089	7.265	1270.17
0.21101	0.211139831088135	58.287	10.169	1674.55
0.31601	0.316259746992202	76.535	13.876	2535.93
0.47401	0.474119620704303	104.738	18.89	4247.98
0.71101	0.711179431056455	141.442	27.672	6533.68
1.06601	1.06613914708868	206.578	38.947	9153.3
1.59901	1.59929872056102	312.607	59.033	13994.7
2.398	2.39831808134553	437.044	85.862	21200.94
3.59701	3.5971171223063	633.102	127.4	30987.12
5.39501	5.39513568389145	964.788	156.56	47950.79
8.09201	8.09207352634118	1416.215	239.783	71664.91
12.13801	12.1382902893678	969.018	416.527	105319.88
18.20701	18.2071654342677	3072.043	619.071	157749.49
27.31001	27.3102981517615	3331.537	785.923	238708.85
37.31001	37.3101901518479	6372.035	1146.895	326646.77
47.31001	47.3100821519343	8316.389	1393.622	414256.13
57.31001	57.3101541518767	9757.913	1939.368	491773.85
67.31001	67.3102261518191	11507.316	2224.489	579274.68
77.31001	77.3101181519055	12789.825	2230.018	671792.11
87.31001	87.3100101519919	14440.735	2674.45	756825.4
97.31	97.3100821519343	17049.814	2975.305	840999.98
