0.1	0.100259919792064	12.49	5.046	927.15
0.2	0.200159839872128	20.463	8.071	1618.75
0.3	0.300059759952192	28.929	6.962	2824.74
0.67501	0.675179459856432	56.937	19.66	5921.76
1.012	1.01213919028865	75.305	27.462	9716.05
1.518	1.51811878550497	118.138	41.575	13433.27
2.27701	2.27717817825746	159.718	55.321	21569.76
11.52401	11.5241307806954	812.199	258.176	99520.48
17.286	17.2861061711151	1139.005	387.058	151311.14
38.89301	38.8931088855129	2745.486	974.716	338067.6
58.33901	58.3390333287733	3873.792	1252.698	509413.35
78.33901	78.3391773286581	5196.826	1722.069	674312.66
98.33901	98.3389613288309	6323.038	2176.811	849923.38
