0.000940013160184243	0.0169199864640108	2527.664	1192.046	705553.9
0.00191002674037437	0.0340199727840218	2533.788	1194.118	705553.9
0.00292004088057233	0.0523799580960335	2542.942	1211.12	705553.9
0.00407005698079773	0.0727199418240465	2531.672	1201.3	705553.9
0.00597008358117014	0.104939916048067	2527.901	1184.331	705553.9
0.00899012586176206	0.1567798745761	2533.92	1207.193	705553.9
0.0131301838225735	0.229679816256147	2520.048	1209.042	705553.9
0.0198802783238965	0.341819726544219	2540.761	1213.998	705553.9
0.0287104019456272	0.478799616960306	2544.067	1233.345	705553.9
0.0420605888482439	0.678239457408434	2547.104	1201.967	705553.9
0.0633808873324227	0.982979213616629	2532.476	1196.035	705553.9
0.0938313136383909	1.36295890963287	2539.273	1225.489	705553.9
0.141041974587644	1.85471851622519	2518.655	1187.843	705553.9
0.208132913860794	2.40263807788954	2540.118	1212.842	705553.9
0.317524445342235	3.04307756553795	2540.609	1180.232	705553.9
0.473156624192739	3.57587713929829	2533.375	1219.207	705553.9
0.711659963239485	4.11695670643464	2526.262	1179.465	705553.9
1.06716494030916	4.62725629819496	2536.786	1211.756	705553.9
1.59868238155334	5.21765582587534	2541.916	1202.97	705553.9
2.39957359403032	6.03017517585986	2546.783	1196.62	705553.9
3.59726036164506	7.24535420371664	2518.036	1200.732	705553.9
5.39471552601736	9.02951277638978	2530.773	1208.47	705553.9
8.0877632286852	11.7172706261835	2544.974	1196.85	705553.9
12.1399999599994	15.7904873676101	2550.405	1224.526	705553.9
18.2107649507093	21.855582515534	2537.957	1205.109	705553.9
27.0988493838914	29.5986363210909	2537.453	1244.663	705553.9
37.3076623072723	40.9402472478022	2530.805	1256.058	705553.9
47.3108823523529	50.9669592264326	2524.187	1261.353	705553.9
57.3106223487129	60.944171244663	2533.934	1307.526	705553.9
67.3088723242125	70.9555832355334	2524.59	1275.237	705553.9
77.3108623520729	80.9452152438278	2547.111	1302.232	705553.9
87.2732718258056	90.4942076046339	2544.853	1312.254	705553.9
97.204050856712	99.8495201203839	2546.158	1353.993	705553.9
