0.000909999272000582	0.0163799868960105	2527.662	1185.843	705556.12
0.00209999832000134	0.0376199699040241	2532.555	1211.837	705556.12
0.00308999752800198	0.0556199555040356	2542.149	1187.872	705556.12
0.0038999968800025	0.0696599442720446	2537.841	1190.25	705556.12
0.00635999491200407	0.112679909856072	2544.607	1193.154	705556.12
0.0092199926240059	0.161279870976103	2531.507	1184.468	705556.12
0.0129899896080083	0.226439818848145	2528.12	1177.791	705556.12
0.0191199847040122	0.331019735184212	2539.681	1156.107	705556.12
0.0271199783040174	0.45377963697629	2530.214	1188.656	705556.12
0.0411199671040263	0.669599464320428	2526.292	1220.534	705556.12
0.0643999484800412	0.995039203968637	2563.671	1183.2	705556.12
0.09379992496006	1.35863891308887	2528.376	1201.829	705556.12
0.14109988712009	1.84121852702518	2522.476	1214.297	705556.12
0.212339830128136	2.42171806262555	2535.225	1212.409	705556.12
0.316529746776203	3.03569757144194	2544.166	1192.158	705556.12
0.472089622328302	3.56993714405028	2538.246	1207.317	705556.12
0.710929431256455	4.11731670614664	2527.289	1186.436	705556.12
1.06300914959268	4.64759628192297	2541.342	1175.982	705556.12
1.60195871843303	5.21855582515534	2532.673	1205.266	705556.12
2.40118807904954	6.04403516477187	2520.806	1204.31	705556.12
3.5997771201783	7.23311421350863	2532.544	1194.031	705556.12
5.39496568402745	9.03113277509378	2546.222	1194.478	705556.12
8.09244352604518	11.7183506253195	2531.138	1210.491	705556.12
12.1365902907278	15.7640273887781	2518.06	1209.64	705556.12
18.2087054330357	21.83326253339	2528.242	1220.402	705556.12
27.3113481509215	30.9470152423878	2525.341	1215.217	705556.12
37.3074901540079	40.9472672421862	2530.081	1197.824	705556.12
47.3066421546863	50.9527392378086	2530.987	1238.218	705556.12
57.3139241488607	60.925991259207	2538.07	1258.963	705556.12
67.3102161518271	70.9566632346694	2538.612	1261.574	705556.12
77.3020481583615	80.9207352634118	2527.824	1261.784	705556.12
87.3088401529279	90.9479872416102	2522.608	1276.996	705556.12
97.0823923340861	99.4958204033437	2541.981	1283.996	705556.12
