0.0012000168002352	0.0214199828640137	2526.816	1189.262	705553.9
0.00188002632036849	0.0338399729280217	2546.637	1213.718	705553.9
0.00299004186058605	0.053099957520034	2531.477	1235.715	705553.9
0.00418005852081929	0.0745199403840477	2532.518	1198.652	705553.9
0.00627008778122894	0.110879911296071	2526.519	1231.855	705553.9
0.00931013034182479	0.163619869104105	2530.54	1202.706	705553.9
0.0129901818625461	0.226619818704145	2531.474	1199.809	705553.9
0.0184502583036163	0.319679744256205	2530.309	1197.011	705553.9
0.0279403911654763	0.473939620848303	2551.934	1217.805	705553.9
0.042770598788383	0.700739439408449	2544.112	1220.716	705553.9
0.063050882712358	0.978839216928626	2531.698	1212.545	705553.9
0.0917912850779911	1.33955892835286	2542.006	1194.872	705553.9
0.140741970387585	1.84679852256118	2553.189	1200.098	705553.9
0.210192942701198	2.40641807486554	2545.445	1209.463	705553.9
0.314784406981698	3.03209757432194	2526.726	1193.078	705553.9
0.474666645333035	3.5960371231703	2557.366	1252.996	705553.9
0.709599934399082	4.12127670297864	2540.837	1205.958	705553.9
1.06912496774955	4.62851629718696	2546.069	1282.282	705553.9
1.59712235971304	5.22629581896334	2534.975	1197.541	705553.9
2.39718356056985	6.03179517456386	2543.099	1200.333	705553.9
3.6000004000056	7.23725421019663	2544.213	1216.273	705553.9
5.40179562513875	9.04805276155779	2528.39	1203.866	705553.9
8.09293330106621	11.7417506065995	2532.292	1217.591	705553.9
12.1424999949999	15.7859873712101	2545.245	1229.595	705553.9
18.2085249193489	21.857922513662	2533.008	1225.315	705553.9
27.3069922978922	30.9545752363398	2537.763	1254.524	705553.9
37.3079223109124	40.9654472276422	2532.493	1268.17	705553.9
46.9579174108437	49.2407606073915	2557.025	1267.966	705553.9
57.3127823789533	60.955151235879	2535.98	1288.775	705553.9
67.3178424497943	70.9557632353894	2548.536	1336.042	705553.9
77.0079181108536	79.3495165203868	2531.248	1321.181	705553.9
87.3043822613517	90.8468273225381	2531.029	1368.233	705553.9
96.9110467546546	99.1304206956634	2543.872	1352.217	705553.9
