0.000830011620162682	0.0149399880480096	2857.318	1776.68	705553.9
0.00189002646037045	0.0340199727840218	2692.662	1726.837	705553.9
0.00301004214058997	0.0539999568000346	2771.083	1741.155	705553.9
0.00421005894082517	0.0752399398080481	2804.405	1753.11	705553.9
0.0065300914212799	0.115379907696074	2761.179	1728.165	705553.9
0.0086801215217013	0.152819877744098	2738.087	1726.868	705553.9
0.0129001806025284	0.224099820720143	2780.137	1748.207	705553.9
0.0193102703437848	0.332459734032213	2744.486	1761.254	705553.9
0.027520385285394	0.467099626320299	2735.623	1740.515	705553.9
0.0423505929083007	0.690299447760442	2792.108	1766.121	705553.9
0.0616608632520855	0.957239234208613	2710.371	1752.031	705553.9
0.0939613154584164	1.36529890776087	2768.034	1738.282	705553.9
0.140011960167442	1.83671853062518	2723.936	1742.631	705553.9
0.212532975461656	2.44655804275357	2814.384	1754.206	705553.9
0.314994409921739	3.04433756452995	2712.977	1730.185	705553.9
0.476176666473331	3.5981971214423	2727.115	1742.699	705553.9
0.708629920818891	4.12091670326664	2729.615	1736.319	705553.9
1.06718494058917	4.63535629171497	2794.71	1759.405	705553.9
1.59809237329323	5.22269582184334	2829.718	1755.202	705553.9
2.40086361209057	6.02567517945986	2770.773	1756.007	705553.9
3.59385031390439	7.24409420472464	2701.324	1736.494	705553.9
5.40311564361901	9.03149277480578	2757.084	1736.536	705553.9
8.05635278893904	11.3119109504712	2826.343	1778.274	705553.9
12.1395299534193	15.7778873776901	2779.974	1754.94	705553.9
18.2066948937285	21.84946252043	2774.776	1738.414	705553.9
27.3085423195925	30.9642952285638	2686.052	1723.766	705553.9
36.9614574604044	39.2370886103291	2754.248	1758.509	705553.9
47.3099623394728	50.9433792452966	2794.812	1730.788	705553.9
57.3150424105937	60.957671233863	2709.833	1747.625	705553.9
67.3081023134324	70.9568432345254	2751.741	1729.958	705553.9
77.3158724222139	80.9428752456998	2707.732	1727.187	705553.9
87.2950121301698	90.710027431978	2683.955	1710.593	705553.9
97.1970507587106	99.8018201585439	2779.193	1726.633	705553.9
