0.00303004242059389	0.0543599565120348	4316.997	794.959	705553.9
0.00431006034084477	0.0768599385120492	4485.917	804.004	705553.9
0.00589008246115446	0.104399916480067	4442.599	805.26	705553.9
0.0126101765424716	0.219959824032141	4345.636	793.313	705553.9
0.0186902616636633	0.323639741088207	4402.558	788.139	705553.9
0.0425905962683478	0.694979444016445	4485.056	808.675	705553.9
0.0615908622720718	0.963899228880617	4428.077	804.323	705553.9
0.0947713267985752	1.37789889768088	4534.726	809.387	705553.9
0.14051196716754	1.85075851939318	4516.564	802.383	705553.9
0.211902966641533	2.42837805729755	4458.325	790.422	705553.9
0.316104425461956	3.02597757921794	4361.429	787.112	705553.9
0.472286612012568	3.57929713656229	4429.484	793.076	705553.9
0.711929967019538	4.11461670830663	4423.737	797.647	705553.9
5.39149548093673	9.02807277754178	4534.596	809.353	705553.9
8.09602334432682	11.7277106178315	4413.564	804.5	705553.9
12.1386199406792	15.7858073713541	4641.204	824.039	705553.9
18.2101249417492	21.85666251467	4498.043	823.174	705553.9
27.3107023498329	30.9558352353318	4513.115	846.249	705553.9
67.3034422481915	70.9480232415814	4556.893	871.389	705553.9
77.3028522399314	80.8748353001318	4579.25	947.006	705553.9
87.3072123009722	90.8812072950342	4575.279	935.779	705553.9
97.2229611214557	99.9010000791999	4555.748	965.232	705553.9
