0.000960013440188163	0.0172799861760111	2494.228	621.265	705553.9
0.00206002884040377	0.0368999704800236	2517.809	620.891	705553.9
0.00283003962055469	0.0502199598240321	2530.405	614.992	705553.9
0.00391005474076637	0.0700199439840448	2518.225	616.159	705553.9
0.00602008428117994	0.107459914032069	2503.872	615.009	705553.9
0.00879012306172286	0.1556998754401	2488.774	614.192	705553.9
0.0129901818625461	0.227879817696146	2496.714	632.711	705553.9
0.0186102605436476	0.321299742960206	2516.288	618.909	705553.9
0.0289604054456762	0.485819611344311	2511.266	617.849	705553.9
0.0428005992083889	0.702359438112449	2518.868	616.722	705553.9
0.0639108947525265	0.987299210160632	2514.151	613.554	705553.9
0.0946113245585438	1.37555889955288	2514.896	606.27	705553.9
0.129041806585292	1.44557884353693	2507.023	621.381	705553.9
0.142271991807885	1.8701985038412	2529.374	624.853	705553.9
0.187102619436672	1.72745861803311	2527.703	622.867	705553.9
0.468086553211745	3.49361720510624	2517.994	641.794	705553.9
0.660899252589536	3.55283715773027	2515.15	639.351	705553.9
1.06392489494853	4.61555630755495	2504.732	622.709	705553.9
1.59850237903331	5.22881581694735	2508.792	625.254	705553.9
2.39763356686994	6.03071517542786	2532.821	620.773	705553.9
3.59837037718528	7.24193420645264	2528.66	617.76	705553.9
5.39222549115688	9.02573277941378	2517.68	628.228	705553.9
8.09785336994718	11.7509305992555	2533.697	640.53	705553.9
12.1452300332205	15.7984073612741	2519.548	639.675	705553.9
18.2043748612481	21.847122522302	2503.023	651.906	705553.9
27.3071122995722	30.9572752341798	2513.256	653.665	705553.9
37.3132223851134	40.9560872351302	2522.744	682.346	705553.9
47.3092123289726	50.9494992404006	2517.632	695.725	705553.9
57.3166224327141	60.961451230839	2518.026	713.231	705553.9
67.0098381377339	69.3595245123804	2506.606	741.644	705553.9
77.3067022938321	80.9187552649958	2488.758	755.409	705553.9
87.3115723620131	90.9506872394502	2524.423	794.262	705553.9
96.9635174892449	99.2179006256795	2509.795	782.765	705553.9
