0.10091	1.44737884209693	5683.129	1388.152	705556
0.20072	2.3408981272815	5604.156	1928.959	705556
0.30023	2.92949765640188	5480.102	1265.529	705556
0.45066	3.52691717846626	5906.511	1991.213	705556
0.67579	4.0555767555386	5931.58	1567.223	705556
1.5202	5.1593358725313	5658.653	1669.701	705556
2.27263	5.89751528198777	6161.631	1149.842	705556
3.40688	6.90749447400442	5643.695	1755.464	705556
5.11986	8.77661297870962	5730.571	1641.528	705556
7.67922	11.3333309333353	5899.009	1606.226	705556
11.52024	15.1568878744897	5520.146	1962.999	705556
17.28888	20.9370432503654	5498.281	1354.233	705556
38.89114	42.5323459741232	5939.098	1995.708	705556
58.33554	61.9523504381197	5671.667	1577.249	705556
78.25234	81.1280950975239	5707.708	1778.36	705556
