0.00253	0.045359963712029	5416.973	1249.402	705556
0.0041	0.0737999409600472	5501.408	1522.752	705556
0.01233	0.221219823024142	5472.357	1302.371	705556
0.09509	1.67039866368107	5071.834	1184.785	705556
0.11995	2.08223833420933	5135.255	1280.383	705556
0.27966	4.64759628192297	5462.048	1439.165	705556
0.67069	10.1620718703425	5036.374	1061.908	705556
1.60517	16.7353066117547	5216.693	1986.911	705556
3.5216	30.9198352641318	5486.026	1381.286	705556
11.34772	39.9151480678815	5071.751	1601.647	705556
54.38921	77.8556977154418	5112.282	2121.696	705556
