0.09065	1.59569872344102	5463.848	1469.065	705556
0.19583	3.35681731454615	5789.683	1953.754	705556
0.22784	3.79349696520243	5472.492	1622.578	705556
0.32586	5.23079581536335	5523.59	1663.582	705556
0.58149	8.80811295350964	5531.412	1651.763	705556
0.84037	11.7424706060235	5486.58	1300.133	705556
1.00275	12.510169991864	5408.706	1346.132	705556
2.23589	24.7174002260798	5415.706	1605.481	705556
3.33785	30.0828359337313	5896.445	1996.74	705556
5.11604	36.9705304235757	5823.693	1202.752	705556
7.66445	41.7664465868427	5494.318	1607.679	705556
11.0563	41.7786865770507	5479.846	1247.436	705556
17.02189	50.1148399081281	5535.466	1665.42	705556
25.62983	58.2877333698133	5579.332	1233.803	705556
35.47466	58.3357933313653	5827.635	1995.294	705556
56.74171	82.853933716853	5921.767	1933.481	705556
76.50853	99.1736206611035	5534.965	1228.738	705556
91.14782	100.0	5638.603	1718.298	705556
