0.00123999900800079	0.0223199821440143	7.92	0.905	55.26
0.00169999864000109	0.0305999755200196	10.063	0.992	97.87
0.00209999832000134	0.0377999697600242	12.155	1.03	108.41
0.00378999696800243	0.0682199454240437	21.663	1.152	193.45
0.00559999552000358	0.100799919360065	30.869	1.314	299.39
0.00690999447200442	0.123479901216079	36.302	1.383	333.57
0.00941999246400603	0.169199864640108	50.836	1.598	452.31
0.01563998748801	0.28115977507218	85.454	2.129	735.49
0.0255799795360164	0.456299634960292	134.087	3.023	1181.56
0.0401799678560257	0.717659425872459	212.794	4.327	1890.16
0.0633199493440405	1.12193910244872	345.077	6.394	3039.86
0.0928699257040594	1.63493869204905	524.661	8.891	4249.75
0.14132988693609	2.46455802835358	756.703	13.057	6496.52
0.194209844632124	3.31577734737812	1003.259	16.937	8961.2
0.315539747568202	5.27129578296337	1609.689	26.925	15391.97
0.451309638952289	7.24157420674063	2207.743	39.243	20830.71
0.550939559248353	8.27171338262929	2521.078	48.413	25258.85
0.635779491376407	8.87183290253368	2662.268	51.899	29709.38
1.59649872280102	20.2143438285249	5999.372	134.331	63765.89
2.22593821924942	23.5380411695671	6549.786	182.207	88717.38
3.55446715642627	31.3822548941961	8568.577	294.215	138038.4
4.10100671919462	25.7984793612165	6312.48	311.382	150998.1
6.47701481838815	30.0140759887392	7297.096	474.363	214779.53
12.1348102921518	48.0905615275508	12284.383	951.492	313772.52
17.7300458159633	48.7954409636472	12180.991	1349.324	377456.14
27.2402982077614	62.7902497678002	16377.44	2082.676	496623.75
35.7654013876789	62.0500903599277	16891.834	2718.147	597708.62
47.2946021643183	83.2394934084053	22816.566	3715.986	736004.43
57.1929742456206	91.7198266241387	25147.483	4849.668	860598.25
66.8409465272428	97.1776022579182	26920.642	5682.356	976582.32
73.9604908316073	95.9739432208454	27294.19	6091.558	1062007.41
84.0313027749578	99.978760016992	28755.74	9411.709	1183322.42
90.571327542938	100.0	28923.108	10342.885	1260928.39
