0.000649999480000416	0.0116999906400075	4.855	1.009	47.07
0.00144999884000093	0.0260999791200167	8.868	1.125	86.17
0.0026599978720017	0.0478799616960306	16.226	1.405	121.87
0.00273999780800175	0.0493199605440316	15.852	1.508	144.17
0.00504999596000323	0.0908999272800582	27.709	1.847	284.3
0.00793999364800508	0.142739885808091	44.367	2.444	447.97
0.0131299894960084	0.235619811504151	75.592	3.261	670.07
0.0163699869040105	0.293219765424188	90.283	3.701	765.7
0.0197799841760127	0.352619717904226	113.462	4.182	991.97
0.0284499772400182	0.505799595360324	151.079	5.187	1337.52
0.0506499594800324	0.889739288208569	287.793	7.36	2492.46
0.0587399530080376	1.04093916724867	317.081	7.916	2901.93
0.10970991223207	1.90259847792122	589.014	12.761	5125.89
0.20342983725613	3.47183722253022	1063.602	21.075	9369.19
0.26565978747217	4.26815658547473	1300.516	26.336	12559.5
0.291869766504187	4.85891611286711	1459.741	29.842	14595.6
0.70375943699245	10.7470714023429	3315.464	67.031	32642.75
0.867919305664555	10.879011296791	3167.574	78.617	39991.29
1.01780918575265	14.2828085737531	4373.228	98.195	45349.86
1.51523878780897	15.8637473090022	4312.691	129.629	65685.46
3.57371714102629	31.6551346758923	8142.541	308.862	138534.24
5.38884568892345	37.7069098344721	9448.78	458.351	189713.32
8.08899352880518	42.7841657726674	10915.586	665.486	251687.31
8.77067298346161	30.2678757856994	7625.031	666.841	269504.07
15.3316777346578	38.6326490938807	9947.762	1192.903	349973.85
27.1421682862654	61.0537911569671	16086.612	2211.153	488304.43
36.7572305942155	67.3415461267631	18015.848	2922.105	605521.37
47.2282422174062	82.5661139471088	22337.285	3813.908	730981.01
56.8439045248764	88.1867894505684	24247.243	4564.844	848257.9
64.3743985004812	87.7835897731282	24349.482	5084.262	937656.53
75.2594997924002	98.3312213350229	27766.87	6023.115	1072958.87
83.4627632297894	99.8794000964799	28771.879	6669.021	1169854.79
90.593777524978	100.0	30096.567	7037.566	1257701.59
