0.000879999296000563	0.0158399873280101	5.945	1.053	45.56
0.00176999858400113	0.0318599745120204	10.75	1.285	89.85
0.0018799984960012	0.0338399729280217	11.296	1.358	94.1
0.00394999684000253	0.0710999431200455	23.629	1.758	199.8
0.00461999630400296	0.0831599334720532	25.434	1.841	225.95
0.00755999395200484	0.135719891424087	45.068	2.418	350.03
0.0129599896320083	0.232379814096149	72.327	3.577	610.81
0.0195899843280125	0.350459719632224	110.574	4.516	925.18
0.028049977560018	0.502379598096321	156.8	4.98	1304.57
0.0409499672400262	0.730259415792467	218.414	6.316	1907.54
0.0564099548720361	0.998639201088639	307.309	7.76	2854.35
0.0865299307760554	1.52027878377697	470.064	10.325	3938.57
0.137699889840088	2.40263807788954	723.104	15.282	5926
0.193369845304124	3.29741736206611	1026.261	20.237	8954
0.29756976194419	4.95413603669117	1535.95	29.054	13353.85
0.4682096254323	7.55045395963683	2266.727	44.174	21758.91
0.707689433848453	10.8017913585669	3326.753	66.29	33825.66
1.06551914758468	15.0420479663616	4611.857	102.951	45138.42
1.44509884392092	17.8228657417074	5320.819	133.623	63208.04
2.35492811605751	25.3914996868003	7032.539	210.954	95272.35
3.14159748672201	26.2441590046728	6637.479	261.112	124422.55
5.39755568195545	37.7373298101362	9534.599	466.706	187971.79
7.3435941251247	34.8341121327103	8457.695	586.369	234370.18
12.1135603091518	47.6495618803505	11971.149	999.228	309814.8
15.0931679254657	38.0710495431604	9681.982	1155.512	343319.6
27.2808281753375	63.2629293896565	16809.137	2206	495929.83
37.3196101443119	73.6485610811511	19879.603	3014.872	613773.6
47.1923622461102	81.7550345959723	22342.494	3773.724	734485.9
57.0901643278685	90.3993476805219	24839.962	4616.659	855721.47
66.1163771068983	93.2190454247637	26336.106	5215.423	966108.66
75.9353092517526	99.4929404056477	27916.497	5938.415	1086505.28
84.0501427598858	99.987040010368	28820.932	6677.211	1184971.75
90.569377544498	100.0	29199.911	6974.489	1260779.17
