0.000569999544000365	0.0102599917920066	4.366	1.01	36.7
0.00194999844000125	0.0350999719200225	11.666	1.284	103.8
0.00308999752800198	0.0556199555040356	18.134	1.603	153.18
0.0038999968800025	0.0701999438400449	22.832	1.724	173.41
0.00613999508800393	0.110339911728071	34.297	2.149	260.55
0.00822999341600527	0.147419882064094	49.414	2.461	363.31
0.0133499893200085	0.239579808336153	72.721	3.33	610.81
0.0174599860320112	0.3126597498722	107.524	3.931	755.72
0.0280099775920179	0.501299598960321	150.293	5.14	1347.2
0.0398299681360255	0.711359430912455	220.837	6.35	1770.32
0.0622799501760399	1.10285911771271	341.791	8.335	3131.06
0.0907299274160581	1.59731872214502	518.98	11.71	3963.07
0.10937991249607	1.8719985024012	584.772	13.074	4998.5
0.113939908848073	1.97477842017726	599.106	13.973	5276.42
0.310609751512199	5.17157586273931	1582.696	31.589	13119.69
0.475329619736304	7.6584538732369	2377.313	47.239	20488.88
0.707709433832453	10.8203313437349	3344.513	66.921	31458.69
0.983389213288629	13.7224690220248	4174.259	92.69	42190.84
1.59409872472102	20.1621438702849	5930.903	144.796	68726.65
2.40128807896954	26.1325590939527	7272.511	213.05	96781.74
2.42291806166555	20.272303782157	5138.266	199.242	98280.99
5.28944576844339	35.956411234871	9031.752	443.394	184828.45
8.06230355015716	42.3444261244591	10661.676	673.677	253106.79
10.1365318907745	34.385372491702	8720.501	782.524	284345.35
17.9074856740115	50.5128195897443	12826.448	1455.467	378074.92
26.4585588331529	55.3515757187394	14813.038	2106.415	482659.22
34.6041223167021	58.4630532295574	16101.815	2713.003	581874.72
46.4362128510297	75.1609198712641	20636.644	3683.883	725352.8
55.8581953134438	82.3999740800207	22996.865	4393.292	838879.48
66.1650070679944	93.4377452498038	26506.019	5196.899	967053.17
75.9982292014166	99.6252402998078	28128.213	6007.301	1087161.98
83.9324628540297	99.967420026064	28888.129	6544.932	1182318
90.605597515522	100.0	29347.615	6959.914	1261140.57
