0.000779999376000499	0.014039988768009	5.375	1.046	52.75
0.00200999839200129	0.0361799710560232	12.196	1.393	95.36
0.00292999765600188	0.0527399578080338	17.077	1.548	154.44
0.00380999695200244	0.0683999452800438	27.566	1.771	187.52
0.00578999536800371	0.104039916768067	32.518	2.067	278.26
0.00598999520800383	0.107639913888069	34.576	2.247	288.8
0.0113199909440072	0.20321983742413	62.594	3.122	596.44
0.0184999852000118	0.331739734608212	116.414	4.004	890.16
0.0274099780720175	0.490499607600314	159.562	5.298	1433.5
0.0420799663360269	0.74951940038448	231.626	6.597	2054.21
0.0603199517440386	1.06811914550468	323.132	8.186	2707.24
0.0930899255280596	1.64141868686505	505.236	10.847	4768.14
0.126239899008081	2.1898782480974	670.853	14.027	6343.4
0.207089834328133	3.54203716637027	1067.186	20.922	9821.16
0.319089744728204	5.3166557466754	1629.071	30.39	14942.41
0.43755964995228	7.00397439682048	2111.899	41.637	19361.45
0.595369523704381	8.92817285746171	2828.722	56.781	26399.67
1.03054917556066	14.4898084081533	4428.676	95.565	46487.98
1.47621881902494	18.3281253374997	5427.147	129.522	61482.82
2.36883810492952	25.6557394754084	7097.241	206.742	98900.28
3.31504734796212	28.142077486338	7171.218	278.359	126878.15
3.71742702605838	23.8033609573112	5908.563	298.501	140715.78
8.08979352816518	42.7217058226353	10705.027	658.387	249824.96
11.0548011561591	38.2391694086645	9630.223	870.181	294571.79
18.1999354400516	54.5280763775389	13991.952	1497.497	385566.81
27.2441982046414	62.8876296898963	16643.306	2194.682	496646.09
37.2493702005038	72.6283218973425	19654.853	2993.024	615204.71
47.2976521618783	83.2466934026453	22978.748	3825.829	735867.13
54.2723965820827	77.5385379691696	21700.05	4211.785	819602.54
66.8607465114028	97.3019821584143	27014.476	5346.044	977870.41
73.7483910012872	95.6213235029412	27525.931	5852.827	1058808.05
84.0814427348458	99.989920008064	28796.68	6605.59	1185188.37
90.593947524842	100.0	29537.751	6967.217	1261043.55
