0.000869999304000557	0.01565998747201	5.651	0.845	52.14
0.00188999848800121	0.0340199727840218	11.443	1.009	97.5
0.00240999807200154	0.0433799652960278	14.531	1.06	111.8
0.0029699976240019	0.0534599572320342	16.692	1.096	145.83
0.00568999544800364	0.101879918496065	30.975	1.302	268.32
0.00618999504800396	0.111239911008071	33.27	1.317	275.89
0.0133799892960086	0.240479807616154	70.801	1.942	604.51
0.018819984944012	0.336959730432216	99.404	2.372	913.42
0.0267799785760171	0.479699616240307	145.828	3.171	1187.63
0.0408799672960262	0.729179416656467	217.303	4.384	1929.35
0.0478799616960306	0.847259322192542	249.542	5.11	2242.31
0.064119948704041	1.12751909798472	348.735	6.7	2981.59
0.135839891328087	2.31317814945748	715.833	12.729	6642.59
0.136979890416088	2.38679809056153	748.931	13.066	6496.39
0.183979852816118	3.05801755358596	912.23	16.89	9087.62
0.474339620528304	7.63955388835689	2342.252	41.334	20709.89
0.607319514144389	9.13985268811785	2785.258	51.823	29620.9
0.954569236344611	13.2267494186005	3957.414	80.519	43657.54
1.30518895584884	15.9256672594662	4628.826	108.337	56164.58
2.36508810792951	25.5682595453924	7006.542	196.772	94839.27
3.55555715555428	31.4123148701481	8209.378	287.997	137294.39
5.24347580521936	35.4115516707587	8689.943	411.671	183721.63
7.25198419841264	34.1825126539899	8275.48	549.721	237542.82
11.7191106247115	42.8581457134834	10549.698	883.703	305327.64
18.1979554416356	54.4812764149789	13884.745	1405.366	380178.24
23.9313708549033	46.7601825918539	12273.26	1748.393	453782.6
37.0477503617997	70.1175039059969	19020.912	2834.419	608171.43
47.2709321832543	83.1869334504532	22672.719	3668.61	731286.86
57.1428142857486	91.2010670391464	24964.727	4492.225	851548.26
66.5568967544826	95.4188236649411	26268.641	5547.15	967385.84
73.8451309238953	95.8024033580773	27123.841	5980.875	1056147.35
83.0736535410772	99.7805801755359	28336.966	9160.929	1164652.9
90.607267514186	100.0	29186.228	10194.038	1257636.49
