0.00101999918400065	0.0183599853120118	6.541	0.904	45.56
0.00174999860000112	0.0314999748000202	10.531	1	85.67
0.00261999790400168	0.0471599622720302	14.702	1.088	131.21
0.00418999664800268	0.075059939952048	23.493	1.188	203.15
0.00524999580000336	0.0944999244000605	29.583	1.304	243.67
0.00942999245600603	0.169379864496108	51.667	1.726	430.4
0.012469990024008	0.223739821008143	70.011	1.932	598.12
0.0189399848480121	0.339479728416217	108.41	2.547	952.59
0.0270999783200173	0.48509961192031	150.181	3.226	1433.5
0.042149966280027	0.750779399376481	241.177	4.491	1952.42
0.0626099499120401	1.10933911252871	337.339	6.304	3131.06
0.0840499327600538	1.47671881862495	446.417	8.26	3695.98
0.135819891344087	2.35799811360151	713.517	12.349	6362.81
0.192209846232123	3.2855373715701	1047.401	18.566	8765.33
0.314819748144201	5.26859578512337	1607.186	28.109	13228.59
0.382049694360244	6.08327513337989	1895.186	32.753	17387.57
0.652519477984418	9.85895211283831	3020.912	55.35	30142.87
1.05129915896067	14.8580881135295	4501.92	89.348	47780.63
1.0892191286247	13.3437493250005	3839.324	86.473	47955.05
2.40062807949754	26.1021391182887	7209.318	200.848	98406.67
3.54255716595427	31.1446550842759	8119.897	271.947	136389.56
5.39607568313945	37.6948498441201	9591.955	392.254	187209.48
8.03165357467714	41.8362865309708	10378.961	562.116	254133.03
12.0932903253677	47.3981020815183	11990.951	826.351	309940.33
17.3675161059871	46.2471830022536	11795.692	1130.773	373782.94
24.8404201276639	49.0272807781754	12764.163	1618.703	463327.41
36.7641405886875	67.5255059795952	17800.543	2459.699	609957.46
43.5469051624759	66.0099071920743	17729.424	2792.739	691182.77
57.1644542684366	91.2878269697384	25106.612	3819.419	860594.6
66.4565068347945	94.8313041349567	25974.508	4754.831	973119.75
75.1436398850881	98.1064015148788	27280.706	7515.704	1076958.77
83.3991732806614	99.8610401111679	27922.464	8435.271	1176188.09
90.558497553202	100.0	28925.742	9595.574	1260767.16
