0.000989999208000634	0.0178199857440114	8.597	1.117	48.91
0.00173999860800111	0.03131997494402	13.929	1.26	82.67
0.00293999764800188	0.0529199576640339	29.36	1.609	131.21
0.00349999720000224	0.0629999496000403	26.499	1.647	190.1
0.00535999571200343	0.0964799228160617	56.473	2.079	221.28
0.00594999524000381	0.106919914464068	46.489	2.13	272.76
0.00959999232000614	0.17189986248011	74.984	2.785	459.07
0.0131099895120084	0.235619811504151	114.164	3.271	609.07
0.0223799820960143	0.398699681040255	178.872	4.345	1006.22
0.0267099786320171	0.475739619408304	205.047	4.903	1411.12
0.0604399516480387	1.07045914363269	586.755	7.771	2862.81
0.0925099259920592	1.62953869636904	716.748	10.2	4520.24
0.138159889472088	2.39489808408153	1034.437	13.981	6902.5
0.167939865648107	2.85569771544183	1255.901	16.511	7859.91
0.252909797672162	4.18535665171468	1850.539	22.616	11698.29
0.360749711400231	5.74919540064368	2517.613	32.28	16855.9
0.573079541536367	8.60219311824551	3715.936	49.429	25737.33
1.04671916262467	14.7556681954654	6461.791	86.419	48559.15
1.4072588741929	17.2996061603151	7182.199	111.492	59588.9
2.15414827668138	22.5361619710704	8975.144	169.852	88242.61
3.5918871264903	32.0000143999885	12399.386	273.923	138914.41
4.56114635108292	28.7771169783064	10717.319	329.045	165591.05
8.09723352221318	42.8759656992274	16167.672	589.415	255755.9
12.0914903268077	47.3747021002383	17764.573	854.772	309884.26
16.5765867387306	42.4734860212112	16521.434	1110.364	362191.28
25.3589597128322	50.5839195328644	19975.058	1718.973	468771.17
34.5955023235981	58.4412732469814	24064.2	2346.017	581769.44
47.2976121619103	83.2708133833493	33786.688	3267.155	737397.69
56.7478646017083	87.1890502487598	35269.85	3888.031	854064.57
65.3851576918738	90.5132875893699	36862.509	4497.17	957817
75.9847192122246	99.5852803317757	40725.625	5136.705	1086723
84.1178027057578	99.99010000792	42133.063	5642.999	1184575.18
90.606447514842	100.0	42776.164	6033.174	1261164.79
