0.00106999914400068	0.0192599845920123	5.676	0.911	54.64
0.00149999880000096	0.0269999784000173	4.242	0.983	79.44
0.00238999808800153	0.0430199655840275	4.997	1.045	136.18
0.00382999693600245	0.0689399448480441	7.502	1.146	201.09
0.00555999555200356	0.0998999200800639	9.611	1.255	259.08
0.00845999323200541	0.152279878176097	14.115	1.457	443.32
0.010999991200007	0.197639841888126	17.258	1.786	592.35
0.012449990040008	0.222839821728143	19.818	1.755	609.99
0.026529978776017	0.475379619696304	45.773	2.993	1297.15
0.0291699766640187	0.520199583840333	44.606	3.305	1444.05
0.0600099519920384	1.06415914867268	87.929	5.977	2831.26
0.09379992496006	1.65059867952106	136.708	8.979	4464.29
0.118349905320076	2.01869838504129	156.579	10.655	5559.34
0.118759904992076	2.06171835062532	169.227	10.782	6103.02
0.314979748016202	5.27579577936338	439.747	27.25	15783.8
0.368979704816236	5.87483530013176	483.413	31.988	16823.07
0.708169433464453	10.7864913708069	885.539	57.855	29340.66
1.05862915309668	14.9578080337536	1179.234	84.682	48654.15
1.52563877948898	19.0751247399002	1550.714	119.067	65334.37
2.3409381272495	25.2172598261921	2057.444	174.717	95542.15
3.32646733882613	21.7769225784619	1914.984	209.76	130698.02
3.54675716259427	31.221335022932	2571.77	248.723	134189.3
8.08895352883718	42.6819258544593	3943.764	526.618	255512.84
12.1009703192237	47.3113421509263	4597.106	765.105	309683.36
18.1971754422596	54.5082763933789	5722.091	1128.483	378997.8
27.2954881636095	63.6501090799127	7231.199	1660.105	489677.53
36.3200909439272	64.5256283794973	8177.08	2172.68	601714.82
46.822502541998	77.9239176608659	10168.199	2838.502	726113.91
56.6641046687163	86.7606505914795	12145.98	3421.806	843634.76
66.6860666511467	96.2219830224136	13547.571	4489.465	967703.2
75.5888195289444	98.9225208619833	14393.264	7800.623	1076625.7
84.0929427256458	99.988120009504	15477.933	8864.942	1177575.1
90.59748752201	100.0	15853.04	10327.814	1257750.76
