0.00081	0.0145799883360093	1708.944	513.261	705556
0.00177	0.0318599745120204	1713.76	489.433	705556
0.00224	0.0403199677440258	1712.836	513.507	705556
0.0023	0.0413999668800265	1715.568	523.053	705556
0.00512	0.092159926272059	1776.807	547.452	705556
0.00793	0.142559885952091	1714.099	514.718	705556
0.00975	0.174419860464112	1778.088	534.417	705556
0.01684	0.302399758080194	1721.272	514.212	705556
0.02512	0.451079639136289	1720.684	506.256	705556
0.02874	0.513719589024329	1766.908	521.51	705556
0.04519	0.808019353584517	1716.739	524.594	705556
0.05476	0.976319218944625	1741.273	519.213	705556
0.08656	1.53377877297698	1708.425	511.755	705556
0.15785	2.78081777534578	1774.133	522.899	705556
0.26125	4.54949636040291	1757.09	506.457	705556
0.38058	6.50951479238817	1767.801	552.251	705556
0.64509	10.8188913448869	1719.831	532.788	705556
0.93421	15.0877679297857	1727.794	520.728	705556
1.28106	19.5213443829245	1771.642	525.031	705556
1.56215	22.2033422373262	1748.605	525.325	705556
2.30699	29.4506764394588	1781.245	526.135	705556
4.3235	46.6971826422539	1726.565	527.563	705556
7.46705	67.0544463564429	1774.451	547.366	705556
10.9555	75.4629596296323	1765.488	534.146	705556
16.11282	81.4157348674121	1740.078	545.159	705556
24.89124	91.3189669448264	1746.509	547.773	705556
33.57161	94.8210441431647	1819.018	566.856	705556
39.86464	93.9678448257241	1816.804	577.353	705556
50.29966	98.9462808429753	1772.871	578.81	705556
56.44782	99.1873006501595	1849.458	571.329	705556
65.53025	99.947980041616	1832.323	588.615	705556
73.01334	99.99910000072	1772.267	578.869	705556
78.6941	99.999640000288	1774.092	577.95	705556
