0.00049	0.00881999294400564	1084.718	719.494	705556
0.0019	0.0341999726400219	1101.634	728.917	705556
0.00217	0.039059968752025	1087.225	740.541	705556
0.00268	0.0482399614080309	1081.265	737.173	705556
0.0051	0.0917999265600588	1120.693	737.986	705556
0.00618	0.111239911008071	1074.761	716.507	705556
0.00726	0.130499895600084	1092.073	742.423	705556
0.01473	0.264239788608169	1113.19	732.022	705556
0.01563	0.28115977507218	1097.612	754.971	705556
0.03583	0.642059486352411	1102.699	727.826	705556
0.05493	0.981899214480628	1112.087	750.581	705556
0.06856	1.22273902180878	1100.017	753.391	705556
0.0751	1.33271893382485	1097.266	745.749	705556
0.17663	3.11183751052999	1100.334	756.716	705556
0.21667	3.76577698737841	1086.713	718.322	705556
0.256	4.41125647099482	1081.158	715.532	705556
0.47604	7.94915364067709	1106.054	722.921	705556
0.55775	9.07433274053381	1093.494	714.786	705556
1.23369	18.8663249069401	1091.766	725.535	705556
2.17041	30.9000352799718	1119.652	767.509	705556
2.74658	34.6973122421502	1090.4	715.729	705556
4.86756	53.3447573241941	1125.987	748.893	705556
6.71005	59.0368927704858	1134.072	768.247	705556
10.99455	75.8108993512805	1145.762	760.292	705556
16.87801	86.6432906853674	1121.738	753.352	705556
20.30463	75.1810798551361	1131.663	781.948	705556
32.65569	92.4169660664272	1152.925	777.277	705556
43.54731	99.4177004658396	1151.637	790.857	705556
47.59347	96.7133826292939	1153.123	799.952	705556
57.43483	99.4963604029117	1166.012	811.344	705556
66.50056	99.991720006624	1165.601	781.854	705556
73.07088	99.999280000576	1153.108	792.982	705556
78.7017	99.999640000288	1179.265	815.3	705556
