0.000799999360000512	0.0142199886240091	739.033	508.208	705556.12
0.00181999854400116	0.032759973792021	789.08	516.472	705556.12
0.00193999844800124	0.0349199720640224	784.968	525.126	705556.12
0.00232999813600149	0.0417599665920267	767.259	527.477	705556.12
0.00565999547200362	0.101519918784065	791.506	517.683	705556.12
0.0081199935040052	0.145979883216093	773.243	512.011	705556.12
0.0117399906080075	0.211319830944135	778.381	530.292	705556.12
0.0150099879920096	0.269279784576172	790.809	524.826	705556.12
0.0176499858800113	0.317339746128203	770.937	521.48	705556.12
0.0346899722480222	0.621719502624398	805.97	518.647	705556.12
0.0457799633760293	0.820079343936525	778.113	514.676	705556.12
0.0778299377360498	1.38689889048089	788.934	519.26	705556.12
0.107559913952069	1.90853847316922	779.739	515.577	705556.12
0.157659873872101	2.77487778009778	753.427	519.942	705556.12
0.165009867992106	2.88305769355385	780.437	515.554	705556.12
0.28046977562418	4.80491615606708	772.449	510.587	705556.12
0.575629539496368	9.59795232163814	779.508	521.936	705556.12
0.772519381984494	12.451670038664	787.941	515.69	705556.12
0.907939273648581	13.9816688146649	752.701	512.245	705556.12
1.2472290022168	17.9976456018835	762.09	545.051	705556.12
2.22168822264942	28.4117172706262	776.784	524.901	705556.12
3.71187703049838	40.3106077515138	794.117	521.28	705556.12
5.75268539785168	50.8089193528645	775.384	525.211	705556.12
10.7412014070389	73.6120211103831	753.183	529.197	705556.12
16.2975869619304	82.5752939397648	779.027	553.236	705556.12
22.3700221039823	81.5424547660362	802.018	554.684	705556.12
32.0394143684685	90.8579873136102	814.457	570.108	705556.12
39.2110786311371	92.9378856496915	799.732	562.65	705556.12
51.6733286613371	99.7710401831679	826.719	581.069	705556.12
59.4612924309661	99.954640036288	807.981	573.506	705556.12
66.5714367428506	99.99280000576	814.899	574.249	705556.12
72.7840317727746	99.998380001296	806.363	580.282	705556.12
78.6955870435304	99.999640000288	785.178	589.479	705556.12
