0.000789999368000506	0.0142199886240091	1042.776	685.339	705556.12
0.00181999854400116	0.032759973792021	1041.616	691.794	705556.12
0.00224999820000144	0.0404999676000259	1050.716	693.01	705556.12
0.00369999704000237	0.0665999467200426	1037.584	697.426	705556.12
0.0043699965040028	0.0784799372160502	1086.805	718.212	705556.12
0.00755999395200484	0.135539891568087	1038.36	706.3	705556.12
0.0130799895360084	0.23489981208015	1048.938	689.33	705556.12
0.0145499883600093	0.260819791344167	1055.199	717.36	705556.12
0.0160499871600103	0.288179769456184	1065.585	698.551	705556.12
0.042189966248027	0.751499398800481	1067.775	715.82	705556.12
0.0634499492400406	1.12427910057672	1050.291	689.047	705556.12
0.0905399275680579	1.59155872675302	1027.079	713.88	705556.12
0.112509909992072	1.94651844278525	1041.408	687.507	705556.12
0.144979884016093	2.47535801971358	1050.76	717.159	705556.12
0.199419840464128	3.30533735573012	1056.834	699.572	705556.12
0.354699716240227	5.63813548949161	1046.688	691.61	705556.12
0.697649441880447	10.6394314884548	1048.393	719.861	705556.12
0.971519222784622	13.5097091922326	1052.887	696.259	705556.12
1.60385871691303	20.293363765309	1055.097	715.471	705556.12
2.31684814652148	24.8347601321919	1053.94	708.442	705556.12
3.5976171219063	32.1886542490766	1048.578	720.089	705556.12
5.39320568543545	37.7094298324561	1060.313	730.739	705556.12
7.78615377107698	38.7381290094968	1065.733	712.76	705556.12
12.1241603006718	47.9697816241747	1060.743	706.887	705556.12
18.2090454327637	54.5269963784029	1046.848	704.08	705556.12
26.0206891834487	53.121377502898	1071.455	710.571	705556.12
36.9091304726956	68.693345045324	1095.54	749.031	705556.12
46.7266326186939	77.2472982021614	1089.926	747.472	705556.12
55.4548456361235	80.9606952314438	1101.242	741.304	705556.12
64.041818766545	86.9998704001037	1108.808	747.679	705556.12
73.441081247135	95.0815039347969	1124.456	765.355	705556.12
84.0687027450378	99.986680010656	1131.711	770.069	705556.12
90.5397575681939	100.0	1135.864	786.305	705556.12
