0.000709999432000454	0.0127799897760082	613.375	325.561	705556.12
0.00196999842400126	0.0354599716320227	631.478	333.962	705556.12
0.00326999738400209	0.0588599529120377	615.594	327.668	705556.12
0.00370999703200237	0.0665999467200426	623.147	328.086	705556.12
0.00380999695200244	0.0685799451360439	605.973	319.318	705556.12
0.00619999504000397	0.111059911152071	612.536	326.675	705556.12
0.0134199892640086	0.240479807616154	616.909	315.351	705556.12
0.0182199854240117	0.326699738640209	617.106	327.626	705556.12
0.0283399773280181	0.506159595072324	626.946	321.906	705556.12
0.0400299679760256	0.713159429472456	614.531	313.221	705556.12
0.0602399518080386	1.06667914665668	611.798	324.172	705556.12
0.09377992497606	1.65077867937706	618.171	329.751	705556.12
0.14090988727209	2.45213803828957	606.697	320.578	705556.12
0.210849831320135	3.61043711165031	616.168	314.924	705556.12
0.28172977461618	4.683596253123	626.175	348.19	705556.12
0.440969647224282	7.04339436528451	595.564	344.361	705556.12
0.535009571992342	8.01881358494913	632.008	320.98	705556.12
0.639269488584409	8.9081928734457	623.803	318.456	705556.12
1.14409908472073	13.9762688189849	624.303	318.708	705556.12
2.35617811505751	25.3904196876642	636.926	327.672	705556.12
3.55960715231428	22.9300016559987	629.993	341.302	705556.12
3.60169711864231	31.9701344238925	622.872	318.624	705556.12
7.73982380814095	38.2532093974325	613.275	364.191	705556.12
10.1032619173905	34.2206726234619	612	340.279	705556.12
18.2018654385076	54.3057765553788	633.789	338.646	705556.12
27.2390082087934	62.527269978184	633.143	345.471	705556.12
37.2292202166238	72.5253619797104	630.018	363.576	705556.12
47.2613721909023	82.761233791013	653.906	380.212	705556.12
56.8207745433804	87.8240897407282	625.696	367.885	705556.12
66.2443970044824	93.741045007164	621.698	399.43	705556.12
74.6848802520958	97.2645421883662	630.285	396.579	705556.12
84.1124727100218	99.989560008352	641.458	406.465	705556.12
90.579207536634	100.0	647.393	393.889	705556.12
