0.00100999919200065	0.0181799854560116	1703.029	522.156	705556.12
0.00191999846400123	0.0345599723520221	1687.844	510.173	705556.12
0.00278999776800179	0.0502199598240321	1739.284	517.11	705556.12
0.00379999696000243	0.0682199454240437	1708.539	514.654	705556.12
0.00489999608000314	0.0880199295840563	1695.653	506.625	705556.12
0.00956999234400613	0.17225986219211	1702.288	519.091	705556.12
0.0118299905360076	0.212759829792136	1688.622	509.585	705556.12
0.0129799896160083	0.231839814528148	1692.654	520.091	705556.12
0.0270499783600173	0.48365961307231	1697.354	501.881	705556.12
0.0302999757600194	0.538379569296345	1709.059	511.216	705556.12
0.0380399695680243	0.673379461296431	1719.168	509.36	705556.12
0.0717499426000459	1.26161899070481	1755.695	524.426	705556.12
0.127229898216081	2.20661823470541	1685.013	504.791	705556.12
0.188569849144121	3.21155743075406	1718.927	507.127	705556.12
0.203989836808131	3.38777728977817	1693.524	517.575	705556.12
0.414179668656265	6.27299498160401	1710.112	508.796	705556.12
0.473329621336303	7.60571391542887	1699.288	510.126	705556.12
0.726449418840465	10.0364319708544	1731.604	523.502	705556.12
1.18654905076076	14.4422884461692	1798.262	520.545	705556.12
2.40052807957754	26.1280590975527	1702.008	511.28	705556.12
2.57820793743365	21.3656229075017	1689.257	470.287	705556.12
5.13739589008329	34.0988127209498	1688.039	515.766	705556.12
7.14207428634057	33.4770932183254	1701.874	531.307	705556.12
11.9045704763436	44.7492242006206	1747.352	538.881	705556.12
18.2059154352677	54.5383363693309	1728.975	540.25	705556.12
27.2937081650335	63.6749490600408	1715.956	537.402	705556.12
37.2591201927038	72.9197416642067	1733.518	551.732	705556.12
47.2636621890702	83.0128735897011	1775.037	554.094	705556.12
56.213195029444	84.0280727775418	1798.375	570.009	705556.12
66.8589065128748	97.3595821123343	1785.724	595.616	705556.12
75.9598892320886	99.5438803648957	1767.483	578.501	705556.12
83.6959330432536	99.932500054	1741.725	555.737	705556.12
90.60513751589	100.0	1795.488	590.694	705556.12
