0.000909999272000582	0.0163799868960105	7.643	0.503	347.4
0.00144999884000093	0.0260999791200167	11.247	0.566	644.28
0.00223999820800143	0.0403199677440258	16.856	0.684	955.53
0.00357999713600229	0.0644399484480412	26.236	0.789	1347.79
0.00398999680800255	0.071819942544046	29.181	0.958	1410.39
0.00641999486400411	0.115559907552074	45.954	0.998	2399.32
0.00829999336000531	0.149039880768095	59.711	1.771	3303.36
0.01562998749601	0.28133977492818	109.865	2.492	5805.58
0.0212199830240136	0.380519695584244	148.247	2.812	7985.21
0.028139977488018	0.504179596656323	194.588	2.643	11499.05
0.0548699561040351	0.979739216208627	374.463	5.938	19874.16
0.0732799413760469	1.29923896060883	490.872	7.533	24032.69
0.0846899322480542	1.50893879284897	571.54	8.658	30912.15
0.10859991312007	1.91555846755323	706.246	10.655	35162.77
0.179039856768115	3.127317498146	1129.54	13.479	63711.21
0.303089757528194	5.19389584488332	1832.037	23.242	92144.71
0.60991951206439	10.1896118483105	3413.235	47.71	166364.46
0.763579389136489	12.3411501270799	3922.296	80.159	285330.24
1.30721895422484	19.9796240163008	5780.728	133.248	421866.55
1.7249386200491	24.4220204623836	6164.441	169.756	480775.27
2.87909769672184	36.4114508708393	6379.782	253.953	614833.74
4.41271646982682	47.8063417549266	4388.601	317.761	698149.96
6.35130491895606	55.8894152884678	3789.602	387.712	734798.05
10.0438319649344	68.1369654904276	3691.851	480.639	731997.9
14.9421880462496	74.986320010944	3494.528	542.9	729497.28
19.7992741605807	73.8130809495352	3253.177	557.491	740296.82
32.2678741857006	91.5506267594986	2718.927	692.556	767251.1
43.5119051904759	99.4049204760636	1963.046	782.542	793168.56
50.9182092654326	99.3935804851356	2010.034	812.477	809265.9
56.3857648913881	99.1324006940795	1985.072	785.188	821516.82
66.3168969464824	99.990460007632	2029.1	810.765	843553.08
73.0307715753827	99.999460000432	2049.946	847.785	858143.39
78.6521670782663	100.0	2120.079	835.667	870484.2
