0.00058	0.0104399916480067	1.345	0.576	216.22
0.00093	0.0167399866080107	1.663	0.487	402.94
0.00231	0.0415799667360266	2.259	0.987	829.61
0.00244	0.0439199648640281	2.583	0.7	971.26
0.00537	0.0966599226720619	4.036	0.92	2077.16
0.00594	0.106919914464068	4.701	0.964	2472.95
0.00866	0.1556998754401	6.953	1.189	3064.45
0.01034	0.185759851392119	6.954	1.245	3776.15
0.01838	0.329759736192211	11.581	2.716	6263.82
0.02492	0.447479642016286	14.128	3.598	9100.29
0.05679	1.01519918784065	29.78	5.948	20336.35
0.06538	1.16657906673675	35.041	7.089	26133.33
0.08849	1.57067874345701	46.264	6.559	30752.42
0.16362	2.88251769398584	80.634	12.364	59901.27
0.28375	4.94945604043517	136.752	21.71	90666.7
0.41596	7.11953430437256	201.954	31.885	131403.66
0.59734	9.98009201592639	319.988	49.349	179405.53
0.81223	13.0877895297684	425.973	80.749	298926.94
1.37915	21.1199231040615	775.099	140.789	439847.87
2.16977	30.9174952660038	1237.816	215.793	535569.34
2.45422	31.1520350783719	1133.142	225.31	585864.55
3.536	38.6922290462168	1275.351	265.078	649559.21
6.75913	59.5075923939261	1763.647	418.208	738249.41
8.36369	57.5214739828208	1691.894	416.459	739995.11
16.11859	81.3802748957801	2359.192	615.833	732464.02
23.29456	84.7543721965022	2435.69	643.441	748086.11
33.80653	95.4395236483811	2663.163	755.718	770670.18
38.86669	92.3501861198511	2628.925	718.394	781923.86
51.76186	99.8095601523519	2747.053	815.497	811409.29
59.41416	99.945640043488	2846.411	834.483	828634.21
65.4791	99.946180043056	2841.187	836.614	841773.14
72.97835	99.998560001152	2864.813	855.615	858046.49
78.69675	100.0	2873.301	846.046	870498.06
