0.00076	0.0136799890560088	1.727	0.609	307.69
0.00121	0.0215999827200138	1.984	0.783	604.78
0.00276	0.0496799602560318	2.721	0.725	1045.91
0.00332	0.0597599521920382	2.962	0.701	1167.57
0.00482	0.0867599305920555	3.952	0.849	1929.37
0.00504	0.0905399275680579	3.862	0.84	2271.34
0.00811	0.145619883504093	5.331	1.911	3191.66
0.01577	0.283319773344181	8.944	1.524	6645.48
0.02183	0.391859686512251	12.539	3.006	8954.69
0.02322	0.416339666928266	12.183	2.575	8730.55
0.03299	0.589859528112378	16.056	3.883	12597.76
0.06961	1.24019900784079	33.061	5.196	25865.85
0.12282	2.17619825904139	55.873	10.438	47678.56
0.15187	2.67623785900971	70.673	11.762	54409.2
0.27817	4.8463161229471	120.513	20.304	97472.94
0.42392	7.24355420515664	182.819	30.676	129084.78
0.47155	7.90073367941306	197.027	32.849	142982.26
0.95624	15.4771076183139	375.782	88.823	349002.88
1.34775	20.6589434728452	479.484	132.684	405168.05
2.03236	28.8231969414424	615.997	186.488	514850.9
3.05885	38.7957289634168	730.617	268.665	615388.11
4.85984	53.2369374104501	838.013	356.259	704796.41
6.00871	53.117597505922	750.15	358.835	731640.73
10.6679	72.9618616305107	891.188	513.923	727059.37
16.40811	83.4495532403574	970.535	605.149	733179.09
24.96161	91.7353066117547	996.414	695.232	752213.57
34.55765	97.5898019281585	964.056	734.546	773628.74
43.52142	99.4141004687196	1023.648	795.783	793031.29
50.59561	99.1909006472795	1016.536	774.914	808689.78
59.55825	99.976060019152	1046.698	794.954	828987.18
66.58169	99.995140003888	1075.285	817.532	844462.65
72.70904	99.998920000864	1054.646	812.219	857988.89
78.63069	100.0	1132.292	850.97	871038.59
