0.0010999991200007	0.0196199843040126	8.158	1.14	15.97
0.00195999843200125	0.0352799717760226	12.408	1.295	24.34
0.00300999759200193	0.0538199569440344	25.13	1.604	34.64
0.00424999660000272	0.0755999395200484	25.492	1.793	47.36
0.00590999527200378	0.105839915328068	35.192	2.182	54.58
0.00895999283200574	0.157499874000101	48.154	2.657	90.12
0.012459990032008	0.21923982460814	68.891	3.126	131.79
0.0183499853200117	0.314999748000202	98.703	3.824	189
0.0277999777600178	0.466379626896298	143.611	4.963	264.87
0.0418899664880268	0.684179452656438	206.658	6.209	374.8
0.0629799496160403	0.971999222400622	300.556	7.91	516.04
0.0943699245040604	1.37807889753688	431.288	10.409	887.66
0.14040988767209	1.85741851406519	546.006	13.09	1213.45
0.209349832520134	2.41109807112154	670.869	17.531	2128.48
0.3132997493602	2.99933760052992	815.792	23.541	3048.07
0.473349621320303	3.5954971236023	960.681	32.211	4414.18
0.711189431048455	4.12325670139464	1062.825	43.333	6230.75
1.06685914651268	4.61843630525096	1156.617	58.826	10063.67
1.59923872060902	5.21423582861134	1325.035	83.174	13870.96
2.39585808331353	6.03683517053186	1555.357	120.396	19397.56
3.6006571194743	7.24625420299664	1851.62	175.782	32393.15
5.39663568269145	9.04211276630979	2348.311	257.578	48793.12
8.09421352462918	11.7487706009835	3080.476	375.941	70375.95
12.1359202912638	15.7782473774021	4133.314	551.83	105521.73
18.2056854354517	21.850722519422	5869.406	821.702	158099.31
27.3076881538495	30.9542152366278	8454.105	1223.191	237592.25
37.3116601506719	40.9323272541382	10885.395	1664.32	325190.54
47.3079821536143	50.9428392457286	14370.064	2094.372	408712.64
57.3121041503167	60.956231235015	18938.288	2497.404	495095.46
67.3151661478671	70.9377632497894	18981.817	2985.011	586453.18
77.3034081572735	80.9606952314438	21927.677	3404.129	674525.99
87.3145101483919	90.9179272656582	24683.46	3864.78	760239.54
97.1935522451582	99.7989401608479	26625.907	4278.563	846045.89
