0.000719999424000461	0.0127799897760082	4.783	0.891	14.6
0.00215999827200138	0.0386999690400248	12.465	1.01	24.34
0.00303999756800195	0.0545399563680349	20.842	1.118	33.08
0.00409999672000262	0.0728999416800467	22.522	1.153	41.73
0.00612999509600392	0.10889991288007	32.699	1.357	57.37
0.00895999283200574	0.157139874288101	46.227	1.544	81.46
0.0127199898240081	0.221399822880142	66.15	1.867	114.36
0.0179099856720115	0.309059752752198	92.379	2.444	174.49
0.0201799838560129	0.336059731152215	98.762	2.504	57.59
0.0417599665920267	0.681299454960436	209.449	4.308	381.94
0.0633499493200405	0.985859211312631	300.03	5.87	517.7
0.0940499247600602	1.36565890747287	405.698	8.032	829
0.137279890176088	1.78397857281714	542.561	10.792	1127.86
0.212279830176136	2.44655804275357	686.46	16.038	2149.84
0.318009745592204	3.03425757259394	823.396	21.354	2868.24
0.472199622240302	3.5863171309463	916.112	28.165	3932.65
0.707799433760453	4.09877672097862	985.623	38.444	6409.58
1.06214915028068	4.62185630251496	1149.484	54.782	9251.6
1.59806872154502	5.22431582054734	1258.255	78.39	15741.74
2.39614808308153	6.01901518478785	1512.051	109.752	21149.03
3.5981871214503	7.22861421710863	1801.645	162.903	32852.94
5.39701568238745	9.03581277134978	2303.194	235.309	46368.61
8.09212352630118	11.7345506123595	3051.932	354.368	71745.57
12.1365302907758	15.7829273736581	4182.659	513.499	106028.48
18.1560954751236	21.2403430077256	5613.208	773.057	158840.57
27.3082281534175	30.9633952292838	8132.682	1153.244	239086.13
37.3142901485679	40.9386272490982	10881.525	1564.174	323488.28
47.3118921504863	50.9559792352166	13398.017	2008.693	408753.38
57.3104541516367	60.954071236743	16178.91	2446.304	499418.85
67.3106561514751	70.9354232516614	18828.683	2831.012	579302.99
77.3074481540415	80.9176752658598	21548.179	3310.866	670433.12
87.3115601507519	90.9505072395942	24344.557	3970.394	760025.76
97.2107722313822	99.8558201153439	26868.601	7890.438	846167.1
