0.00107999913600069	0.0194399844480124	7.095	1.129	15.82
0.00178999856800115	0.0318599745120204	10.381	1.262	23.29
0.00318999744800204	0.0570599543520365	18.514	1.692	33.03
0.00409999672000262	0.0732599413920469	26.763	1.885	44.54
0.00621999502400398	0.10979991216007	33.661	2.215	55.8
0.00888999288800569	0.1569598744321	53.478	2.653	85.77
0.0132399894080085	0.232199814240149	103.931	3.315	127.31
0.0185899851280119	0.320399743680205	102.386	4.066	189
0.0272499782000174	0.462419630064296	147.754	5.051	291.65
0.0427699657840274	0.699299440560448	209.707	6.181	347.33
0.0627399498080402	0.975779219376624	302.046	7.705	533.48
0.0940499247600602	1.37357890113688	432.266	10.367	819.03
0.141969886424091	1.86443850844919	566.575	15.005	1257.53
0.208729833016134	2.41883806492955	698.813	18.131	2128.48
0.316099747120202	3.03641757086594	822.288	24.166	2557.79
0.477489618008306	3.60431711654631	929.222	32.307	4123.65
0.712349430120456	4.12091670326664	1048.074	43.401	6242.17
1.06376914898468	4.62959629632296	1152.09	59.152	9719.41
1.60043871964902	5.24951580038736	1381.622	84.642	13975.44
2.39921808062554	6.05069515944387	1536.15	118.588	23488.81
3.5951171239063	7.23707421034063	1930.022	174.352	32193.3
5.39132568693945	9.03203277437378	2340.235	252.191	49134.86
8.09425352459718	11.7095306323755	3019.293	365.274	69942.13
12.1380302895758	15.7683473853221	4191.607	562.439	106317.69
18.2040854367316	21.859902512078	5800.799	832.543	158129.25
27.3084781532175	30.9385552491558	8341.977	1211.712	236819.41
37.3125101499919	40.9451072439142	10780.679	1676.377	324896.31
47.3089021528783	50.9520192383846	13649.782	2120.657	409770.41
57.1566442746846	59.7943321645343	15896.074	2525.153	494394.95
67.3095361523711	70.9298432561254	19007.367	2967.229	587698.87
77.3098081521535	80.9623152301478	21587.59	3402.056	672474.74
87.0830603335517	89.5531683574653	24482.219	3851.042	758185.57
97.2272522181982	99.9087400730079	26706.429	4267.799	846486.28
