0.000829999336000531	0.0149399880480096	5.572	0.879	14.65
0.00220999823200141	0.0397799681760255	12.33	0.992	21.82
0.00285999771200183	0.0514799588160329	16.417	1.108	29.02
0.00376999698400241	0.0662399470080424	20.588	1.163	47.36
0.00536999570400344	0.0957599233920613	29.378	1.316	54.41
0.00930999255200596	0.163799868960105	49.378	1.606	93.21
0.0132399894080085	0.230939815248148	71.335	2.015	121.88
0.0195099843920125	0.334259732592214	104.255	2.582	191.59
0.0274999780000176	0.463859628912297	144.942	3.052	267.49
0.042239966208027	0.691199447040442	217.194	4.277	351.79
0.0633799492960406	0.986939210448632	297.064	5.793	591.93
0.0940099247920602	1.37051890358488	422.626	7.857	764.9
0.14065988747209	1.85255851795319	554.465	11.028	1308.96
0.211409830872135	2.42909805672155	709.038	15.27	2008.22
0.315199747840202	2.99429760456192	795.697	21.412	2899.76
0.472159622272302	3.5873971300823	944.801	28.7	4704.48
0.712269430184456	4.11137671089863	1004.857	38.853	6600.33
0.773779380976495	2.96081763134589	736.404	36.075	3752.11
1.59789872168102	5.21135583091533	1287.712	75.963	14486.94
2.00769839384128	4.24187660649871	1026.645	84.98	14362.37
3.5915171267863	7.12997429602056	1820.611	157.995	31942.82
5.39652568277945	9.03761276990978	2324.66	235.717	46632.82
8.09207352634118	11.7122306302155	3130.057	353.887	70781.88
12.1341302926958	15.7861673710661	4118.543	520.97	105385.44
18.2095154323877	21.855942515246	5854.908	782.217	158107.57
27.3107981513615	30.9569152344678	8319.347	1142.992	238509.24
37.3076601538719	40.9636472290822	10904.594	1573.291	322463.19
47.3089721528223	50.9604792316166	13404.759	2055.592	408925.32
57.3117641505887	60.945791243367	16313.49	2459.157	499428.34
67.3156961474431	70.9534232372614	18665.412	2843.756	584333.59
77.3076081539135	80.9536752370598	21874.665	3318.399	669740.42
87.3059701552239	90.9019072784742	24100.767	3984.157	759732.65
97.1187223050222	99.5793403365277	26454.352	7681.42	843671.59
