0.000939999248000602	0.0169199864640108	6.309	1.087	15.87
0.00195999843200125	0.0350999719200225	11.496	1.317	24.36
0.00278999776800179	0.050039959968032	17.905	1.502	36.29
0.00424999660000272	0.0752399398080481	23.714	1.781	44.57
0.0060999951200039	0.108359913312069	34.098	2.124	61.87
0.00903999276800579	0.160199871840103	59.312	2.728	84.64
0.0130499895600084	0.228599817120146	69.843	3.315	127.45
0.0184999852000118	0.320759743392205	102.797	4.126	191.59
0.0283299773360181	0.474659620272304	146.075	4.907	234.69
0.0418099665520268	0.683639453088438	209.856	6.184	398.99
0.063999948800041	1.00205919835264	300.2	7.799	602.04
0.0950999239200609	1.37987889609688	428.803	10.679	846.38
0.136979890416088	1.78181857454514	533	13.23	1127.86
0.210979831216135	2.43539805168156	694.366	18.006	1984.04
0.317229746216203	3.03371757302594	825.05	23.661	3048.07
0.475689619448304	3.61853710517032	920.645	32.062	3895.89
0.676049459160433	3.65381707694634	892.673	39.069	5686.12
1.06897914481668	4.63931628854697	1160.973	60.985	11067.98
1.59956872034502	5.21981582414734	1333.126	84.155	14118.05
2.40169807864154	6.02459518032386	1503.712	121.338	20023.5
3.5974571220343	7.22897421682063	1827.001	171.841	32001.52
5.39718568225145	9.04481276414979	2373.702	253.733	46727.12
8.09274352580518	11.7350906119275	3095.335	376.948	71535.89
12.1352302918158	15.7840073727941	4188.826	550.584	107712.04
18.1572654741876	21.2502429998056	5680.548	806.162	158846.2
27.3091781526575	30.9617752305798	8236.215	1236.824	239162.36
37.2593301925358	40.3719877024098	10686.423	1657.868	322936.35
47.3097421522063	50.9552592357926	13989.286	2090.498	409336.88
57.3133741493007	60.955871235303	16836.613	2543.76	498862.92
67.3069561544351	70.9564832348134	18926.752	2983.193	582328.86
77.3152081478335	80.9421552462758	21836.42	3398.752	674640.52
87.3089501528399	90.9474472420422	24659.44	3926.746	758542.57
97.2099822320142	99.8531201175039	26835.285	4281.355	846159.09
