0.00107999913600069	0.0194399844480124	6.973	1.125	17.39
0.00216999826400139	0.039059968752025	12.693	1.38	24.59
0.00304999756000195	0.0543599565120348	17.601	1.566	33.37
0.00411999670400264	0.0736199411040471	23.471	1.795	44.27
0.00603999516800387	0.107639913888069	39.896	2.148	58.96
0.00898999280800575	0.158399873280101	48.223	2.636	78.84
0.012519989984008	0.21923982460814	67.123	3.194	114.36
0.018759984992012	0.322019742384206	97.455	3.985	184.44
0.0280399775680179	0.472499622000302	164.054	5.104	248.94
0.042269966184027	0.693899444880444	227.952	6.533	347.33
0.0644999484000413	0.997019202384638	303.713	8.219	591.77
0.0933599253120597	1.36583890732887	419.957	10.283	857.6
0.14013988788809	1.83941852846518	579.516	13.375	1308.79
0.211319830944135	2.44529804376156	691.392	17.456	1984.04
0.311319750944199	3.01499758800193	801.067	23.143	2570.3
0.474839620128304	3.61205711035431	916.319	32.415	4270.35
0.709899432080454	4.12829669736264	1034.865	43.869	7115.91
1.06569914744068	4.64921628062698	1143.27	60.038	9695.34
1.59685872251302	5.22701581838735	1280.171	83.422	14564.74
2.39422808461753	6.04619516304387	1513.266	120.138	21942.23
3.5968471225223	7.26209419032465	1879.072	171.512	32781.73
5.39655568275545	9.02015278387777	2356.953	251.722	47074.48
8.09001352798918	11.7309506152395	3113.641	389.524	70999.85
12.1361802910558	15.7787873769701	4136.961	552.727	106481.22
18.2072654341877	21.848202521438	5889.794	807.347	156410.44
27.3100981519215	30.9511552390758	8226.056	1206.744	238334.85
37.3095101523919	40.9562672349862	10744.737	1649.798	324790.2
47.3088721529023	50.9647992281606	13826.999	2062.657	409908.02
57.3108641513087	60.950651239479	16157.115	2553.61	494250.48
67.3133261493391	70.9494632404294	19104.802	2954.442	586131.56
77.3104281516575	80.9552952357638	21982.446	3456.362	673616.98
87.3091601526719	90.9341272526982	24511.355	3886.948	758494.98
97.1434722852222	99.6482802813758	26830.655	4262.805	845373.92
