0.00111999910400072	0.0201599838720129	7.371	1.163	15.97
0.00216999826400139	0.0385199691840247	12.785	1.399	24.36
0.0026499978800017	0.0471599622720302	15.131	1.514	33
0.00399999680000256	0.0714599428320457	22.06	1.767	44.57
0.00597999521600383	0.105659915472068	35.123	2.128	54.58
0.00908999272800582	0.160379871696103	49.85	2.755	80.14
0.0128399897280082	0.224819820144144	68.775	3.316	126.18
0.0191799846560123	0.330479735616212	99.011	4.012	161.7
0.0274399780480176	0.464219628624297	145.842	5.032	248.94
0.0408399673280261	0.668699465040428	210.033	6.326	351.79
0.0630399495680403	0.979919216064627	293.748	8.116	546.29
0.0952199238240609	1.36997890401688	413.717	11.406	829
0.141499886800091	1.86371850902519	551.589	14.103	1211.99
0.213669829064137	2.44889804088157	685.364	18.784	2062.76
0.314169748664201	3.00869759304193	793.626	24.016	2930.96
0.472069622344302	3.57461714030629	938.863	32.392	4028.25
0.713989428808457	4.12289670168264	1007.574	43.524	6209.38
1.06721914622468	4.63823628941097	1124.292	59.291	11007.12
1.59238872608902	5.22359582112334	1367.465	84.251	14386.3
2.31996814402548	5.24663580269136	1306.089	113.637	20807.09
3.5907071274343	7.23563421149263	1908.545	173.998	32349.92
5.39284568572345	9.04319276544579	2344.652	253.605	48616.66
8.09435352451718	11.7298706161035	3029.187	370.276	71640.67
12.1340102927918	15.7715873827301	4282.353	546.023	107660.08
18.2104354316517	21.833082533534	5949.961	807.605	157258.43
27.3128581497135	30.9493552405158	8275.788	1202.026	240288.27
37.3076901538479	40.9566272346982	10861.336	1673.366	321622.43
47.3059921552063	50.9311392550886	13655.326	2050.677	410860.58
57.3121341502927	60.952631237895	16484.243	2530.915	494895.09
67.3080661535471	70.9465832427334	19000.026	3003.497	587813.46
77.3136081491135	80.9653752276998	22027.65	3372.821	668892.91
87.3101201519039	90.9521272382982	24313.316	3925.212	760098.05
97.1862022510382	99.7778801776959	27132.613	4285.989	845883.79
