0.00123999900800079	0.0223199821440143	7.783	1.127	15.97
0.00164999868000106	0.029699976240019	11.009	1.249	21.77
0.00274999780000176	0.0493199605440316	16.77	1.512	33.27
0.00438999648800281	0.0772199382240494	24.038	1.75	44.52
0.00616999506400395	0.108539913168069	35.316	2.142	61.63
0.00862999309600552	0.152279878176097	46.841	2.626	96.27
0.0127399898080082	0.220859823312141	66.697	3.167	131.76
0.0181799854560116	0.314639748288201	96.884	3.869	183.34
0.0273299781360175	0.460079631936294	144.967	4.983	311.92
0.0434299652560278	0.70325943739245	216.984	6.414	363.58
0.0630699495440404	0.980639215488628	316.663	7.914	554.57
0.0943999244800604	1.36619890704087	425.644	10.233	829
0.141579886736091	1.85795851363319	558.607	13.573	1381.57
0.208529833176133	2.41163807068954	706.646	18.887	2116.69
0.317909745672203	3.03731757014594	816.403	23.876	2836.79
0.473119621504303	3.60179711856231	923.137	32.235	4330
0.710539431568455	4.07627673897861	1001.757	42.852	6596.05
1.06541914766468	4.64561628350697	1115.5	59.277	9451.55
1.59901872078502	5.21801582558734	1276.758	83.745	14283.16
2.39820808143353	6.04025516779587	1535.234	118.946	22258.4
3.24780740175408	5.52743557805154	1410.897	151.014	25986.46
5.39462568429945	9.03671277062978	2313.176	254.277	49566.95
8.09275352579718	11.7350906119275	3093.191	366.009	71404.81
12.1384902892078	15.7636673890661	4115.636	553.82	106640.8
18.2064854348117	21.842622525902	5963.55	813.479	157871.85
27.3078681537055	30.9295552563558	8243.568	1200.611	239478.45
37.3125001499999	40.9490672407462	11117.161	1648.799	323110.99
47.3096621522703	50.9358192513446	13698.262	2097.91	409106.53
57.3066941546447	60.948491241207	16399.229	2499.034	498595.71
66.9229764616188	69.1559446752443	18650.314	2967.944	582548.05
77.3134881492095	80.9653752276998	21489.189	3360.394	668895.68
87.3069401544479	90.9600472319622	24173.806	3850.881	759582.73
97.1453122837502	99.6563802748958	26839.145	4281.131	844445.71
