0.00106999914400068	0.0192599845920123	6.506	0.904	17.14
0.00208999832800134	0.0376199699040241	11.92	0.984	23.27
0.0028199977440018	0.0503999596800323	17.986	1.045	34.68
0.00435999651200279	0.0777599377920498	22.9	1.172	46.13
0.00599999520000384	0.107639913888069	37.798	1.313	59.18
0.00935999251200599	0.164519868384105	54.59	1.589	88.81
0.0134399892480086	0.23381981294415	69.539	1.948	134.94
0.0186599850720119	0.318779744976204	96.893	2.461	179
0.0284199772640182	0.479159616672307	169.477	3.18	279.2
0.0416099667120266	0.685799451360439	203.306	4.32	394.04
0.0616299506960394	0.959039232768614	298.991	5.823	624.45
0.09373992500806	1.36673890660887	409.027	8.184	956.73
0.10871991302407	1.37249890200088	421.296	8.635	260.71
0.212359830112136	2.44133804692956	697.77	15.502	1933.66
0.315359747712202	3.02489758008194	787.329	21.134	3202.06
0.471969622424302	3.57767713785829	931.034	28.326	4137.87
0.710489431608455	4.12307670153864	1030.397	39.972	6690.03
1.04758916192867	4.30451655638675	1038.893	51.629	9562.53
1.59937872049702	5.22683581853135	1348.506	78.667	13399.34
2.39605808315353	6.03089517528386	1460.193	108.076	23315.82
3.5990771207383	7.24841420126864	1779.379	158.939	30221.89
5.39204568636345	9.02033278373377	2240.59	235.836	48767.74
8.09212352630118	11.7341906126475	3008.375	345.806	72573.04
12.1381402894878	15.7759073792741	4088.967	505.219	104850.36
18.2024554380356	21.837042530366	5625.331	763.731	159952.01
27.3116981506415	30.9480952415238	8121.734	1152.25	236942.13
37.3094101524719	40.9564472348422	10703.727	1565.155	327317.37
47.3077121538303	50.9219592624326	13300.008	1983.625	411310.07
57.3087041530367	60.954791236167	15835.653	2374.372	499955.31
67.3072661541871	70.9455032435974	18606.653	2880.412	589394.34
77.3044781564175	80.9387352490118	21373.078	3250.386	676872.76
87.1956402434878	89.9430480455616	23699.527	3847.845	761785.57
97.1867322506142	99.7537601969918	25640.414	7408.005	846529.38
