0.000959999232000614	0.0172799861760111	2.205	0.934	15.65
0.00189999848000122	0.0340199727840218	2.713	1.021	23.22
0.00299999760000192	0.0536399570880343	3.718	1.132	33.37
0.00350999719200225	0.0628199497440402	15.181	1.19	44.27
0.00626999498400401	0.110879911296071	6.349	1.348	58.89
0.00875999299200561	0.154439876448099	8.103	1.595	90.2
0.0129699896240083	0.226799818560145	11.093	1.926	119.04
0.0191299846960122	0.32867973705621	15.465	2.383	161.7
0.0276399778880177	0.469619624304301	21.402	3.312	259.07
0.0420799663360269	0.688859448912441	35.617	4.524	396.03
0.0625999499200401	0.980639215488628	46.364	6.611	591.77
0.0935899251280599	1.35953891236887	64.486	8.712	877.59
0.139569888344089	1.83797852961718	92.43	12.126	1327.46
0.205949835240132	2.39903808076954	133.166	15.932	1827.41
0.314689748248201	3.02453758036994	160.656	22	2751.41
0.474399620480304	3.5915371267703	282.583	32.074	3959.92
0.710259431792455	4.12577669937864	366.185	42.162	7145.82
1.06845914523268	4.61753630597096	501.858	58.301	9212.98
1.59864872108102	5.21081583134734	625.35	80.069	14002.35
2.40021807982554	6.02207518233985	855.69	112.862	22637.59
3.5959471232423	7.25291419766864	1161.199	159.533	30401.51
5.39752568197945	9.04229276616579	1619.811	227.394	46761.9
8.09341352526918	11.7280706175435	2362.657	334.213	71693.12
12.1386402890878	15.7960673631461	3411.844	500.597	107882.43
18.2078354337317	21.833082533534	5288.361	736.147	158333.83
27.3097781521775	30.9545752363398	7514.421	1120.043	238967.35
37.3140401487679	40.9467272426182	10318.057	1498.026	323154.56
47.3094921524063	50.9631792294566	12961.963	1938.658	408553.02
57.3147241482207	60.956771234583	15661.631	2323.526	496262.07
67.3099161520671	70.9253432597254	18408.632	2721.691	581055.59
77.3092581525935	80.9583552333158	21143.089	3178.899	671539.72
87.3123801500959	90.9739072208742	24057.046	3756.587	758643.5
97.1096323122942	99.5523403581277	26333.871	7994.994	843412.62
