0.00107999913600069	0.0194399844480124	8.838	0.924	17.39
0.00222999821600143	0.0401399678880257	16.754	1.023	24.73
0.00286999770400184	0.0511199591040327	21.788	1.072	33.08
0.00413999668800265	0.0736199411040471	33.255	1.197	43.13
0.00569999544000365	0.101339918928065	50.699	1.321	61.55
0.00957999233600613	0.169379864496108	70.05	1.577	83.27
0.0135799891360087	0.237059810352152	109.705	1.905	130.37
0.0137699889840088	0.235799811360151	101.459	1.982	43.05
0.0276899778480177	0.469799624160301	214.367	2.965	280.29
0.0418599665120268	0.685979451216439	299.203	4.094	432.22
0.0634699492240406	0.990719207424634	411.691	5.368	592.16
0.0940799247360602	1.36817890545688	581.018	7.399	830.71
0.138369889304089	1.81727854617716	759.688	10.103	1316.29
0.209549832360134	2.42297806161755	1001.238	14.308	1850.09
0.314469748424201	3.00869759304193	1159.968	18.944	2598.83
0.473769620984303	3.60377711697831	1393.25	26.662	4060.88
0.713779428976457	4.09895672083462	1569.303	36.219	6109.71
1.06588914728868	4.61897630481896	1766.66	51.12	9459.87
1.60186871850503	5.21765582587534	1946.631	71.114	14002.25
2.39948808040954	6.02999517600386	2276.932	105.089	20224.98
3.5983171213463	7.25363419709264	2774.962	150.378	33822.7
5.39366568506745	9.02663277869378	3567.215	219.808	47932.23
8.09057352754118	11.7251906198475	4746.883	323.619	70519.62
12.1358702913038	15.7897673681861	6328.589	485.071	107642.5
18.2086454330837	21.842982525614	8673.261	728.78	158559.83
27.3136181491055	30.9538552369158	12445.755	1079.523	240304.45
37.3122001502399	40.9328672537062	16478.899	1500.718	324981
47.3102821517743	50.9615592307526	20797.071	1860.534	409308.19
57.3117041506367	60.938771248983	24559.356	2263.495	494145.58
67.3127861497711	70.9584632332294	28763.528	2664.316	580022.36
77.3110781511375	80.9198352641318	32814.228	3143.472	673475.14
87.3104401516479	90.9517672385862	37494.273	3839.952	758755.29
96.938242449406	99.1833406533275	40237.831	19182.714	841363.9
