0.000919999264000589	0.0165599867520106	2.566	0.896	15.75
0.00197999841600127	0.0356399714880228	4.425	1.04	21.82
0.00291999766400187	0.0520199583840333	5.805	1.105	30.41
0.0040699967440026	0.0725399419680464	7.678	1.153	36.24
0.00626999498400401	0.111779910576072	10.784	1.372	55.8
0.00863999308800553	0.150839879328097	13.93	1.553	83.27
0.0131499894800084	0.231659814672148	20.238	1.929	114.36
0.0189999848000122	0.32741973806421	29.55	2.392	166.13
0.0283199773440181	0.482759613792309	46.946	3.176	246.23
0.0412599669920264	0.672839461728431	59.495	4.148	367.64
0.06254994996004	0.970019223984621	89.688	5.669	517.7
0.0925899259280593	1.34711892230486	115.377	7.792	881.79
0.14061988750409	1.84067852745718	159.233	10.902	1319.15
0.207589833928133	2.39651808278553	215.824	14.867	2154.12
0.315129747896202	3.03083757532994	297.966	21.138	2822.92
0.474389620488304	3.5947771241783	399.997	28.385	4059.71
0.710379431696455	4.12505669995464	553.44	37.799	6342.93
1.06586914730468	4.62941629646696	720.929	53.32	9649.69
1.60242871805703	5.22791581766735	897.653	75.972	15242.29
2.40004807996154	6.03539517168386	1194.684	107.728	20327.69
3.5961871230503	7.23887420890063	1501.675	154.826	32454.81
5.39688568249145	9.03851276918978	2160.721	226.819	48915.49
8.09618352305318	11.7185306251755	3058.713	333.293	71807.61
12.1361402910878	15.7822073742341	4311.194	498.485	105156.21
18.2066054347157	21.851082519134	6265.651	729.506	158625.52
27.3120681503455	30.9367552505958	9326.899	1101.012	234811.46
37.3083001533599	40.9564472348422	12988.294	1502.441	321700.13
47.3106721514623	50.9538192369446	15811.064	1912.332	407971.01
57.3089641528287	60.953891236887	19395.083	2311.557	494108.49
67.3082561533951	70.9467632425894	22804.84	2774.118	584767.05
77.3149881480095	80.9419752464198	26019.337	3199.182	674565.48
87.3088101529519	90.9515872387302	29431.42	3774.095	759280.21
97.2176722258622	99.8797600961919	32060.566	8037.326	846257.07
