0.00049999960000032	0.00899999280000576	3.581	1.049	9.95
0.00213999828800137	0.0383399693280245	5.091	1.318	25.98
0.00288999768800185	0.0516599586720331	6.646	1.511	29.02
0.00395999683200253	0.0701999438400449	8.462	1.639	45.89
0.00619999504000397	0.110339911728071	12.447	2.046	61.55
0.00895999283200574	0.158579873136102	21.998	2.498	84.64
0.0128499897200082	0.224279820576144	24.799	3.033	134.9
0.0193499845200124	0.331739734608212	36.287	3.668	174.63
0.028159977472018	0.477179618256305	48.643	4.439	250.34
0.042269966184027	0.691559446752443	75.295	6.398	396.03
0.0612299510160392	0.949499240400608	96.853	6.939	579.17
0.0943699245040604	1.37321890142488	152.594	9.213	806.26
0.138989888808089	1.82807853753717	188.977	12.216	1230.54
0.185789851368119	2.05145835883331	204.935	14.463	1686.03
0.3124897500082	3.00329759736192	295.6	23.277	3200.41
0.474089620728303	3.60305711755431	438.626	30.183	4146.41
0.709459432432454	4.11821670542664	595.824	39.927	6283.29
1.06754914596068	4.63517629185897	772.713	55.381	9265.66
1.59992872005702	5.21585582731534	1029.369	77.979	14352.52
2.39451808438553	6.04601516318787	1349.966	110.529	19942.25
3.5993371205303	7.22699421840463	1884.044	161.032	30937.32
5.39829568136345	9.05039275968579	2642.645	236.961	49061.35
8.09020352783718	11.7439106048715	3680.841	347.804	71372.73
12.1377302898158	15.7793273765381	5373.199	516.98	105677.08
18.2051054359157	21.861342510926	7839.167	769.616	159897.17
27.3117081506335	30.9349552520358	11479.98	1127.903	234829.23
37.3132001494399	40.9517672385862	15640.47	1561.477	323756.7
47.3086721530623	50.9475192419846	19801.584	1959.78	407653.59
57.3102941517647	60.938771248983	23806.95	2365.911	497193.13
67.142596285923	69.7418442065246	27554.697	2729.176	578265.62
77.1169983064014	79.655876275299	32114.409	3186.64	665365.52
87.3118601505119	90.9566272346982	36327.038	3622.016	760216.36
97.0365223707821	99.3809804952156	39993.727	4046.06	842936.8
