0.0010999991200007	0.0197999841600127	3.216	0.996	17.09
0.00205999835200132	0.0365399707680234	4.482	1.072	23.27
0.0028099977520018	0.0502199598240321	5.836	1.167	30.41
0.00398999680800255	0.0716399426880459	7.605	1.26	36.09
0.00620999503200397	0.110339911728071	10.471	1.426	63.09
0.00931999254400596	0.164879868096106	15.254	1.548	83.15
0.0128799896960082	0.224819820144144	20.545	1.799	127.45
0.0194199844640124	0.333719733024214	32.034	2.343	174.49
0.0278799776960178	0.4694396244483	39.923	2.955	267.49
0.0426999658400273	0.693899444880444	64.37	4.232	386.14
0.0620699503440397	0.96893922484862	83.93	5.716	593.48
0.0942799245760603	1.37699889840088	118.742	8.493	887.66
0.141639886688091	1.85759851392119	165.988	11.497	1163.29
0.213119829504136	2.44637804289757	222.039	15.722	2062.76
0.314819748144201	3.02633757892994	287.271	21.107	2868.24
0.475599619520304	3.60197711841831	422.901	28.72	4560.8
0.711959430432456	4.12163670269064	557.152	39.821	6301.94
1.06805914555268	4.63913628869097	704.759	52.668	10175.47
1.59752872197702	5.23025581579535	927.654	76.021	14757.94
2.39664808268153	6.04385516491587	1167.261	107.06	21124.03
3.5965471227623	7.23599421120463	1546.174	155.131	30511
5.39752568197945	9.03527277178178	2139.059	225.746	47199.65
8.09064352748518	11.7282506173995	3017.089	329.522	70253.22
12.1370402903678	15.7962473630021	4416.537	522.222	106689.68
18.2099654320277	21.843702525038	6437.563	729.909	160967.14
27.3089381528495	30.9522352382118	9446.538	1116.144	237594.89
37.3133001493599	40.9389872488102	12702.566	1513.13	322447.19
47.3063821548943	50.9484192412646	16069.226	1900.026	409527.77
57.3095741523407	60.937151250279	19649.653	2317.415	493934.2
67.3149761480191	70.9420832463334	22787.653	2763.584	588306.95
77.3065481547615	80.8847352922118	26387.196	3172.973	674213.81
86.9910004071997	89.2993685605052	29228.462	3634.751	751185.3
97.0762523389981	99.4787204170237	32415.607	7831.171	843715.28
