0.00111999910400072	0.0199799840160128	2.17	0.966	15.82
0.00198999840800127	0.0358199713440229	2.614	1.023	25.98
0.0028199977440018	0.0507599593920325	3.293	1.056	31.81
0.00428999656800275	0.0766799386560491	3.915	1.197	44.54
0.00572999541600367	0.102599917920066	5.214	1.261	57.49
0.00940999247200602	0.166139867088106	7.524	1.46	90.1
0.0133699893040086	0.233099813520149	10.253	1.721	120.38
0.0183199853440117	0.316979746416203	13.926	1.993	177.37
0.0271299782960174	0.460619631504295	19.58	2.497	264.94
0.042159966272027	0.680399455680435	28.859	3.622	380.32
0.0632099494320405	0.982619213904629	47.455	4.977	554.57
0.0940699247440602	1.36205891035287	58.317	7.054	830.71
0.138949888840089	1.83437853249717	80.421	9.484	1311.89
0.210719831424135	2.43683805052956	111.727	14.02	1744.49
0.314159748672201	3.03209757432194	169.913	20.505	2979.84
0.476469618824305	3.60233711813031	253.513	26.03	4207.88
0.709829432136454	4.12307670153864	450.403	36.093	6220.93
1.06531914774468	4.61159631072295	624.411	51.079	9880.89
1.59973872020902	5.23493581205135	889.153	71.778	13743.78
2.39581808334553	6.03233517413186	1204.208	103.129	22827.25
3.5935571251543	7.23977420818063	1692.25	154.127	32067.37
5.38890568887545	9.03401277278978	2402.714	220.713	47115.06
8.09295352563718	11.7275306179755	3613.629	321.898	71387.96
12.1392602885918	15.7717673825861	5216.655	483.119	107424.43
18.2079454336437	21.843882524894	7731.559	727.602	161290.07
27.3128481497215	30.9491752406598	11328.305	1092.864	237433.99
37.3096301522959	40.9555472355622	15577.328	1482.457	324727.44
47.3095021523983	50.9509392392486	19442.11	1896.166	408656.78
57.3105541515567	60.939131248695	24410.724	2270.387	496146.45
67.3065661547471	70.9570232343814	27878.31	2686.407	580586.83
77.3117381506095	80.9538552369158	31814.104	3125.954	672475.99
87.3145701483439	90.9587872329702	36014.755	3817.524	758685.97
97.2170722263422	99.8689601048319	39742.01	18909.607	846677.02
