0.0010899991280007	0.0196199843040126	3.38	1.229	15.8
0.00236999810400152	0.0424799660160272	5.363	1.421	23.09
0.0028199977440018	0.0503999596800323	6.239	1.508	33.37
0.00409999672000262	0.0730799415360468	8.269	1.794	45.89
0.00565999547200362	0.100439919648064	10.901	2.024	69.14
0.00864999308000554	0.152819877744098	15.629	2.552	84.52
0.012459990032008	0.21941982446414	21.292	3.161	127.45
0.0194999844000125	0.334259732592214	35.483	4.23	166.13
0.0287999769600184	0.485459611632311	43.936	4.938	254.72
0.0420099663920269	0.683819452944438	60.81	6.306	416.2
0.06257994993604	0.975599219520624	81.518	7.659	516.04
0.0917799265760587	1.33073893540885	123.362	10.682	776.29
0.139539888368089	1.83311853350517	163.822	13.472	1146.03
0.210489831608135	2.41991806406555	218.659	18.116	1812.75
0.314409748472201	3.04181756654595	308.758	23.334	2968.14
0.474959620032304	3.5962171230263	426.369	31.838	3906.03
0.710919431264455	4.13747669001865	558.079	41.494	5740.55
1.06769914584068	4.62815629747496	738.263	58.095	9335.23
1.59742872205702	5.20775583379533	907.012	80.041	14828.68
2.39682808253753	6.05501515598788	1192.328	115.185	22591.39
3.5980771215383	7.22303422157262	1549.323	166.343	31000.3
5.39465568427545	9.01313278949377	2184.604	242.853	49665.6
8.08614353108518	11.7205106235915	3128.3	358.485	69439.7
12.1412602869918	15.7829273736581	4458.942	519.68	107438.15
18.2093354325317	21.834882532094	6466.041	764.296	157984.73
27.3083581533135	30.9345952523238	9493.878	1147.91	238401.79
37.3087801529759	40.9722872221702	12863.299	1598.459	323714.78
47.3097021522383	50.9449992440006	16496.258	2027.771	408115.4
57.3108441513247	60.941471246823	19406.69	2440.441	496162.69
67.3084461532431	70.9602632317894	22985.161	2853.832	588669.22
77.0943183245453	79.5748763400989	25959.313	3221.141	664794.22
87.3107301514159	90.9447472442022	29696.809	3681.416	758788.15
97.1210723031422	99.5872603301917	33010.721	4085.171	843750.52
