0.00049	0.00881999294400564	4383.905	1333.497	705556
0.00137	0.0246599802720158	4806.79	1647.954	705556
0.00231	0.0415799667360266	4424.912	1968.038	705556
0.00333	0.0599399520480384	4480.66	1883.849	705556
0.00461	0.0829799336160531	4882.69	2069.869	705556
0.00699	0.12563989948808	4499.692	1344.557	705556
0.00724	0.129959896032083	4459.551	1982.088	705556
0.0102	0.183419853264117	4803.554	1422.953	705556
0.01935	0.347219722224222	4791.891	2016.436	705556
0.0335	0.601199519040385	4363.064	2007.177	705556
0.03725	0.665819467344426	4418.196	1380.677	705556
0.06527	1.16207907033674	4519.929	1295.723	705556
0.07159	1.27169898264081	4379.249	1740.213	705556
0.18988	3.34115732707414	4809.911	1994.494	705556
0.22799	3.98159681472255	4904.427	1584.291	705556
0.24035	4.14161668670665	4801.192	1354.928	705556
0.41358	6.93899444880444	4760.916	2001.356	705556
0.62517	10.1215719027425	4814.744	2024.045	705556
1.2262	18.742665005868	4793.083	1490.35	705556
2.07132	29.3387165290268	4881.026	1634.205	705556
2.27284	28.9189568648345	4835.125	2070.058	705556
3.20783	35.5209915832067	4813.5	1729.061	705556
4.80235	43.6661650670679	4398.27	1801.881	705556
9.43905	63.9636688290649	4389.856	2033.097	705556
14.87048	74.4713404229277	4360.215	1493.916	705556
25.68517	95.2150638279489	4913.178	1443.187	705556
34.53994	97.4611020311184	4989.574	2070.603	705556
42.26336	97.6591018727185	4884.614	2022.377	705556
51.27694	99.5627803497757	4480.446	1583.157	705556
59.55258	99.966160027072	4901.659	2089.1	705556
66.37742	99.986680010656	4528.659	1441.21	705556
72.80625	99.99910000072	4492.787	2092.703	705556
78.67275	99.999820000144	4924.224	2138.937	705556
