0.00069	0.0124199900640079	2307.664	1571.8	705556
0.0013	0.023399981280015	2353.019	1901.873	705556
0.00213	0.0383399693280245	2323.382	1972.31	705556
0.00306	0.0550799559360352	2296.504	1638.393	705556
0.00353	0.0635399491680407	2320.564	1430.217	705556
0.00466	0.0836999330400536	2386.459	1887.266	705556
0.00775	0.139139888688089	2307.706	1963.941	705556
0.0154	0.276479778816177	2399.254	1793.216	705556
0.01599	0.287099770320184	2369.928	1656.069	705556
0.02773	0.496979602416318	2335.231	1680.635	705556
0.05621	1.00439919648064	2336.639	1381.876	705556
0.07951	1.41569886744091	2326.055	1604.117	705556
0.12689	2.25305819755344	2305.905	1075.168	705556
0.13478	2.36951810438552	2369.036	1910.155	705556
0.20144	3.50873719301025	2334.436	1245.811	705556
0.33099	5.66837546529963	2339.804	1357.763	705556
0.43013	7.1945942443246	2351.621	1544.379	705556
0.73418	11.8436305250956	2319.849	1572.296	705556
1.23787	18.8994448804441	2394.861	1402.002	705556
1.7076	24.1520206783835	2386.364	1608.901	705556
2.45374	31.1300750959399	2295.221	1989.78	705556
4.85626	53.2245174203861	2287.289	1902.584	705556
6.44605	56.6749346600523	2345.077	1912.591	705556
9.35497	63.4103492717206	2291.432	1948.323	705556
15.58595	78.2824773740181	2340.746	1981.461	705556
23.86764	87.0013103989517	2350.239	1250.842	705556
32.81526	92.8473457221234	2338.263	1570.767	705556
37.64809	90.4011476790819	2367.229	1359.525	705556
51.35729	99.6121003103197	2376.351	2059.253	705556
59.0967	99.8970400823679	2308.466	1729.28	705556
65.66783	99.960040031968	2372.256	2053.263	705556
72.63624	99.99730000216	2331.377	1618.547	705556
78.66577	100.0	2303.177	1558.991	705556
