0.000869999304000557	0.01565998747201	1686.6	517.235	705556.12
0.00190999847200122	0.0341999726400219	1673.847	509.873	705556.12
0.00287999769600184	0.0512999589600328	1696.924	515.73	705556.12
0.00408999672800262	0.0719999424000461	1720.605	516.896	705556.12
0.00497999601600319	0.0863999308800553	1666.428	493.86	705556.12
0.00892999285600572	0.157499874000101	1691.389	505.079	705556.12
0.0131299894960084	0.231299814960148	1692.778	514.16	705556.12
0.018729985016012	0.321839742528206	1705.651	507.996	705556.12
0.0284899772080182	0.480239615808307	1708.731	502.918	705556.12
0.0419699664240269	0.681839454528436	1677.292	494.298	705556.12
0.063999948800041	0.997919201664639	1739.817	519.34	705556.12
0.0944099244720604	1.36061891150487	1712.221	506.815	705556.12
0.139299888560089	1.84247852601718	1678.373	498.12	705556.12
0.211809830552136	2.44421804462556	1688.088	507.127	705556.12
0.317269746184203	3.02201758238593	1701.21	507.414	705556.12
0.471739622608302	3.5893771284983	1697.628	488.927	705556.12
0.709219432624454	4.12019670384264	1706.701	502.718	705556.12
1.06605914715268	4.63679629056297	1672.485	485.903	705556.12
1.60167871865703	5.22323582141134	1694.626	503.165	705556.12
2.39744808204153	6.03125517499586	1761.846	535.201	705556.12
3.5924371260503	7.22933421653263	1698.929	511.966	705556.12
5.39432568453945	9.02969277624578	1720.717	501.489	705556.12
8.09359352512518	11.7320306143755	1690.001	516.835	705556.12
12.1287602969918	15.7676273858981	1710.535	503.755	705556.12
18.2099854320117	21.855942515246	1707.197	499.636	705556.12
27.3115581507535	30.9484552412358	1690.655	522.645	705556.12
37.3124201500639	40.9586072331142	1768.916	547.237	705556.12
47.3128021497583	50.9651592278726	1719.754	529.709	705556.12
57.3118941504847	60.936791250567	1739.352	526.494	705556.12
67.3076561538751	70.9406432474854	1737.67	552.255	705556.12
77.3132981493615	80.9502552397958	1748.972	540.291	705556.12
87.3081901534479	90.9218872624902	1773.927	574.459	705556.12
97.2208022233582	99.8795800963359	1740.936	582.774	705556.12
