0.00107999913600069	0.0190799847360122	1705.62	501.752	705556.12
0.00197999841600127	0.0354599716320227	1713.893	512.451	705556.12
0.00295999763200189	0.053099957520034	1689.971	495.65	705556.12
0.00391999686400251	0.0698399441280447	1688.92	500.877	705556.12
0.00612999509600392	0.108359913312069	1679.279	509.853	705556.12
0.00922999261600591	0.161819870544104	1772.26	512.106	705556.12
0.0136999890400088	0.241199807040154	1690.295	495.142	705556.12
0.0185499851600119	0.320759743392205	1695.872	486.712	705556.12
0.0285399771680183	0.478439617248306	1680.199	493.917	705556.12
0.0426299658960273	0.690659447472442	1704.133	505.766	705556.12
0.0535699571440343	0.815399347680522	1682.654	500.674	705556.12
0.0947199242240606	1.37321890142488	1693.019	496.65	705556.12
0.144019884784092	1.88315849347321	1700.416	512.551	705556.12
0.213849828920137	2.42945805643356	1693.421	503.704	705556.12
0.316729746616203	3.02903757676994	1727.417	515.898	705556.12
0.473879620896303	3.5958571233143	1699.205	503.318	705556.12
0.707619433904453	4.12235670211464	1718.669	502.066	705556.12
1.06844914524068	4.63229629416296	1713.935	514.866	705556.12
1.59519872384102	5.22341582126734	1705.849	517.923	705556.12
2.39637808289753	6.02513517989186	1715.098	501.936	705556.12
3.5928171257463	7.23545421163663	1709.123	503.92	705556.12
5.38804568956345	9.03257277394178	1705.821	515.857	705556.12
8.09398352481318	11.7307706153835	1689.198	522.203	705556.12
12.1422202862238	15.8092073526341	1749.989	496.216	705556.12
18.2058254353397	21.844602524318	1746.508	543.553	705556.12
27.3092581525935	30.9340552527558	1725.59	531.413	705556.12
37.3145301483759	40.9544672364262	1746.279	538.135	705556.12
47.3141621486703	50.9489592408326	1713.402	526.466	705556.12
57.3116041507167	60.945431243655	1755.739	534.072	705556.12
67.3081361534911	70.9437032450374	1711.729	544.602	705556.12
77.3034881572095	80.9554752356198	1800.362	565.791	705556.12
87.3114301508559	90.9391672486662	1769.309	560.804	705556.12
97.1871122503102	99.7744601804319	1785.236	567.393	705556.12
