0.00114999908000074	0.0206999834400132	1056.808	713.533	705556.12
0.0021799982560014	0.0392399686080251	1081.708	706.71	705556.12
0.0029699976240019	0.0529199576640339	1056.76	709.33	705556.12
0.0040699967440026	0.0732599413920469	1077.397	713.871	705556.12
0.00611999510400392	0.10871991302407	1048.308	695.048	705556.12
0.00875999299200561	0.154619876304099	1050.54	682.904	705556.12
0.0121399902880078	0.210599831520135	1069.686	717.179	705556.12
0.0193499845200124	0.333719733024214	1078.986	709.785	705556.12
0.0268799784960172	0.451799638560289	1061.773	703.009	705556.12
0.0422799661760271	0.68723945020844	1040.624	709.864	705556.12
0.059419952464038	0.926099259120593	1082.098	727.165	705556.12
0.0941899246480603	1.37969889624088	1053.83	693.869	705556.12
0.14023988780809	1.86065851147319	1049.512	693.476	705556.12
0.209499832400134	2.41037807169754	1063.366	721.169	705556.12
0.316259746992202	3.02939757648194	1048.189	695.159	705556.12
0.476219619024305	3.61979710416232	1042.579	692.419	705556.12
0.713129429496456	4.13621669102665	1064.918	713.272	705556.12
1.05885915291268	4.62977629617896	1043.112	687.9	705556.12
1.59797872161702	5.20181583854733	1050.631	702.768	705556.12
2.39775808179353	6.05339515728387	1047.322	718.499	705556.12
3.5897871281703	7.22969421624463	1055.592	720.751	705556.12
5.39510568391545	9.05057275954179	1073.189	712.139	705556.12
8.09700352239718	11.7253706197035	1049.86	727.365	705556.12
12.1308402953278	15.7762673789861	1063.245	702.714	705556.12
18.2054954356037	21.84046252763	1092.959	755.935	705556.12
27.3103581517135	30.9502552397958	1098.352	724.121	705556.12
37.3079601536319	40.9625672299462	1090.172	766.79	705556.12
47.3086921530463	50.9444592444326	1107.011	760.767	705556.12
57.3069441544447	60.956771234583	1090.609	759.641	705556.12
67.3089461528431	70.9294832564134	1119.855	757.655	705556.12
77.3073881540895	80.9259552592358	1115.515	752.278	705556.12
87.3050601559519	90.9499672400262	1138.796	795.431	705556.12
97.2250122199902	99.8916400866879	1140.399	802.229	705556.12
