0.00103	0.0181799854560116	1074.287	719.14	705556
0.00213	0.0381599694720244	1077.17	709.453	705556
0.00234	0.0419399664480268	1105.687	726.504	705556
0.00295	0.0525599579520336	1089.767	737.61	705556
0.00579	0.103679917056066	1090.178	732.038	705556
0.00877	0.155339875728099	1081.728	738.503	705556
0.01303	0.224999820000144	1083.669	734.468	705556
0.01884	0.323459741232207	1083.372	706.946	705556
0.02848	0.476819618544305	1082.21	730.666	705556
0.04231	0.689039448768441	1089.36	716.998	705556
0.06339	0.976499218800625	1110.658	758.436	705556
0.09565	1.39247888601689	1094.479	743.224	705556
0.14114	1.86173851060919	1090.774	713.372	705556
0.211	2.42873805700955	1096.411	711.702	705556
0.31401	3.00923759260993	1076.15	702.596	705556
0.47269	3.5881171295063	1071.395	707.148	705556
0.71134	4.14197668641865	1089.965	717.695	705556
1.06866	4.62041630366696	1095.031	752.418	705556
1.5975	5.24357580513936	1064.236	697.328	705556
2.39593	6.06689514648388	1089.429	706.557	705556
3.59588	7.24805420155664	1069.144	705.789	705556
5.3912	9.03365277307778	1104.728	750.402	705556
8.08807	11.7350906119275	1091.767	721.817	705556
12.13851	15.7665473867621	1106.653	737.755	705556
18.20564	21.858282513374	1110.11	734.659	705556
27.30773	30.9477352418118	1101.419	758.903	705556
37.31303	40.9569872344102	1114.596	735.906	705556
47.31096	50.9502192398246	1103.821	739.948	705556
57.30628	60.945971243223	1112.037	741.793	705556
67.30707	70.9361432510854	1142.147	781.736	705556
77.27678	80.4797356162115	1138.424	796.811	705556
87.31266	90.9494272404582	1152.731	791.766	705556
97.00024	99.2969205624636	1143.934	794.019	705556
