0.000949999240000608	0.0170999863200109	1677.841	509.568	705556.12
0.00225999819200145	0.040679967456026	1678.266	507.116	705556.12
0.00321999742400206	0.0574199540640368	1721.97	513.135	705556.12
0.00425999659200273	0.0759599392320486	1754.399	507.377	705556.12
0.00583999532800374	0.104579916336067	1666.201	499.739	705556.12
0.00798999360800511	0.141839886528091	1727.339	507.082	705556.12
0.0127499898000082	0.223739821008143	1669.723	507.344	705556.12
0.0185299851760119	0.318419745264204	1684.991	493.977	705556.12
0.0279699776240179	0.474299620560304	1714.656	502.374	705556.12
0.0417899665680267	0.685259451792439	1715.613	510.557	705556.12
0.0631899494480404	0.988379209296633	1715.469	509.234	705556.12
0.0948999240800607	1.37861889710488	1685.64	492.569	705556.12
0.14080988735209	1.86119851104119	1694.434	509.161	705556.12
0.209719832224134	2.41199807040154	1688.92	495.355	705556.12
0.316599746720203	3.03173757460994	1689.716	489.961	705556.12
0.472029622376302	3.5951371238903	1679.392	479.916	705556.12
0.710769431384455	4.08905672875462	1694.692	537.394	705556.12
1.06725914619268	4.63121629502696	1672	501.657	705556.12
1.59634872292102	5.22539581968334	1665.564	508.768	705556.12
2.39818808144953	6.02495518003586	1735.034	523.519	705556.12
3.5922971261623	7.21493422805262	1758.345	526.399	705556.12
5.39191568646745	9.02645277883778	1728.741	515.136	705556.12
8.09456352434918	11.7340106127915	1719.762	510.027	705556.12
12.0339103728717	14.8611481110815	1774.462	534.682	705556.12
18.2057154354277	21.845682523454	1692.945	515.787	705556.12
27.3098281521375	30.9351352518918	1765.051	534.596	705556.12
37.3107501513999	40.9494272404582	1747.401	536.372	705556.12
47.3126121499103	50.9692992245606	1697.435	529.096	705556.12
57.3085741531407	60.956411234871	1817.403	586.417	705556.12
67.3070561543551	70.9546832362534	1801.563	556.928	705556.12
77.3047281562175	80.9489952408038	1744.981	561.118	705556.12
87.3119501504399	90.9551872358502	1744.829	565.558	705556.12
97.1272222982222	99.5919403264477	1752.168	559.759	705556.12
