0.09131	1.59803872156902	998.314	15.515	4224.26
0.15012	2.56499794800164	1590.994	22.279	6626.23
0.28892	4.82435614051509	2993.838	36.655	14303.44
0.37232	5.95745523403581	3701.16	46.506	17205.26
0.62358	9.51281238975009	5973.208	65.024	28660.01
1.00934	14.3980084815932	8930.808	112.977	48792.61
1.45702	18.5385451691639	11288.71	149.606	65322.19
2.03564	21.804282556574	12554.744	193.393	83668.04
2.26521	19.5875843299325	10714.652	199.834	96565.82
4.70511	31.6812346550123	16395.255	371.096	169430.33
7.17107	36.0944711244231	18332.385	523.215	231791.29
10.79567	39.7229082216734	20240.967	774.863	292775.37
17.18477	52.0786383370893	27222.977	1203.478	375977.96
25.85752	61.0915911267271	32272.264	1818.243	480759.54
38.74277	72.7341618126705	38706.329	2587.586	634162.86
56.71501	82.756553794757	44931.355	3715.458	850489.97
76.86749	99.7031802374558	53170.095	5037.408	1096086.81
91.13094	99.999820000144	54796.823	5735.926	1269287.76
