0.00911	0.163259869392104	106.137	4.01	447.38
0.01074	0.192239846208123	123.163	4.738	516.96
0.01471	0.264059788752169	172.16	5.562	736.23
0.36375	5.7877153698277	3629.432	48.971	17331.93
0.43517	6.5557747553802	4141.101	40.32	21044.57
2.02746	20.9658432273254	11979.305	186.297	85692.27
3.73	23.8231609414712	12523.837	306.931	144659.02
46.82876	77.8582177134258	40690.641	3593.395	730892.77
56.54571	85.926531258775	45420.331	4335.325	841035.97
65.9723	92.5854459316432	48977.294	4796.576	964975.83
74.8293	97.5264419788464	52684.428	5270.518	1063640.62
