0.18287	3.05729755416196	275.764	27.019	9264.32
1.00976	14.4475084419932	1374.498	113.924	43332.34
2.2738	25.3297597361922	2632.632	231.944	99280.29
4.3344	28.4228772616982	5529.687	363.244	157015.1
7.67247	42.0252863797709	9748.556	662.101	251481.61
11.53196	47.3351021319183	13304.663	900.875	301359.47
14.30353	37.430970055224	14445.674	1022.153	335577.45
22.44799	45.1868038505569	20188.859	1651.79	435030.12
57.37296	85.6867714505828	45474.63	3971.473	860690.26
76.85823	99.6734802612158	56327.529	5264.677	1096152.65
