0.00094	0.0169199864640108	13.123	1.362	55.22
0.00391	0.070379943696045	51.932	2.787	194.57
0.00961	0.17225986219211	124.778	4.56	488.71
0.01904	0.341819726544219	243.177	6.352	961.19
0.02738	0.490319607744314	345.904	7.577	1414.37
0.04815	0.855359315712547	603.141	10.692	2340.41
0.13482	2.3412581269935	1643.159	21.905	7020.65
0.34288	5.45687563449949	3854.904	44.812	15760.86
1.42654	17.5762659389872	11779.435	163.103	64940.36
1.77772	18.3126453498837	11562.463	190.142	76051.64
18.2003	54.2280166175867	31362.632	1530.977	378890.73
90.5707	100.0	60082.976	6984.149	1258893.37
