0.000810011340158762	0.0145799883360093	5.558	0.938	351.37
0.00111001554021756	0.0199799840160128	7.262	0.96	486.13
0.00206002884040377	0.0370799703360237	12.02	1.086	790.22
0.00354004956069385	0.0637199490240408	19.64	1.191	1394.74
0.00512007168100353	0.092159926272059	29.157	1.401	2321.77
0.00659009226129166	0.117899905680075	35.528	1.532	2824.99
0.00782010948153274	0.14057988753609	42.511	1.673	3072.16
0.0146202046828656	0.262079790336168	78.006	2.457	6256.26
0.016270227783189	0.292139766288187	100.673	2.68	6051.88
0.0339704755866582	0.60893951284839	193.195	4.528	12741.19
0.0401505621078695	0.717479426016459	211.741	5.495	15313.67
0.0788211034954489	1.4043588765129	431.324	10.199	28256.29
0.0822511515161212	1.45763883388893	426.586	11.067	31137.71
0.156252187530625	2.75561779550576	808.251	19.822	58376.35
0.236103305446276	4.11173671061063	1206.73	27.595	83983.08
0.386515411215757	6.61373470901223	1871.845	44.986	119744.65
0.416865836121706	6.99029440776447	1965.175	50.477	133660.56
0.779230909232729	12.547789961768	3162.524	123.397	306091.18
0.97617366643133	15.0008279993376	3458.79	141.604	345162.25
2.10115941623183	29.8484761212191	6086.459	325.26	552128.48
3.08902324632545	39.2102686317851	6697.498	420.475	633561.07
3.88084433182065	42.0697463442029	5910.795	454.098	679070.71
6.23750732510255	54.8331761334591	5330.274	600.485	735570.44
7.46594452322333	52.6339378928497	4729.651	569.407	741003.83
16.47937071119	83.8282729373817	5596.028	943.029	733434.89
20.8901524621345	76.9393184485452	5397.593	897.549	743913.35
34.6422749918499	97.7892417686066	4932.218	2882.794	772611.27
43.2853559949839	99.1075607139514	4744.51	2910.248	791244.56
51.7384043376607	99.8113601509119	4747.137	2933.9	810581.34
59.5189932659057	99.964180028656	4824.041	2975.643	828171.77
66.4460302444234	99.991540006768	4778.079	2982.99	843203.65
72.6229667215341	99.996580002736	4898.736	3029.66	857351.59
78.6593012302172	99.999820000144	4821.339	3021.377	870760.53
