0.000500007000098001	0.00899999280000576	4.552	1.032	228.16
0.001000014000196	0.0179999856000115	6.846	1.148	490.09
0.00250003500049001	0.0449999640000288	15.898	1.533	1151.88
0.00264003696051745	0.0475199619840304	15.633	1.549	1269.48
0.00498006972097609	0.0896399282880574	53.112	2.251	1886.55
0.0107201500821012	0.192419846064123	66.641	3.338	4327.99
0.0159602234431282	0.286199771040183	88.98	4.105	6324.33
0.028510399145588	0.510479591616327	160.503	6.239	11247.71
0.066550931713044	1.18691905046476	359.321	10.612	24733.33
0.119051666723334	2.11481830814535	669.995	17.401	41336.51
0.282203950855312	4.91597606721915	1451.991	40.591	90441.88
0.367995151932127	6.31133495093204	1839.988	50.669	119592.45
0.560857852009928	9.35495251603799	2648.235	70.917	163863.21
1.43643011002154	22.0026423978861	5182.338	229.971	442224.26
3.07110299544194	38.9751888198489	6936.949	423.046	630047.6
3.29485612798579	36.3506109195113	4599.715	399.864	639768.26
5.52797739168348	49.0942407246074	4773.841	552.953	724543.78
11.7750648509079	61.4852508117994	4966.526	719.423	723715.88
25.4410361745064	93.9932248054202	5269.172	1062.184	752160.83
34.8427477984692	98.3306813354549	4826.205	1156.062	772612.32
64.9938199134788	99.9177400658079	5174.004	1281.595	839656.49
72.9361211056955	99.998740001008	5165.026	1311.679	857809.38
78.6524411341759	99.999820000144	5152.8	1337.713	870770.56
