0.000790011060154842	0.0142199886240091	5.442	0.897	351.37
0.00169002366033124	0.0304199756640195	10.289	1.023	774.46
0.00215003010042141	0.0386999690400248	12.705	1.095	888.66
0.00220003080043121	0.0395999683200253	12.942	1.055	955.53
0.00301004214058997	0.0541799566560347	17.08	1.149	1324.3
0.00564007896110546	0.101519918784065	33.825	1.45	2267.46
0.00781010934153078	0.14057988753609	41.162	1.659	3072.16
0.0140301964227499	0.252179798256161	80.446	2.353	5885.19
0.0236403309646335	0.424979660016272	132.114	3.562	8831.44
0.0326204566863936	0.582839533728373	172.88	4.557	12413.48
0.0537707527905391	0.959939232048614	302.464	6.669	22471.06
0.0642308992325893	1.14263908588873	356.309	8.04	23901.71
0.0726510171142396	1.28951896838483	383.143	9.356	29684.19
0.162422273911835	2.86289770968183	859.205	21.557	59995.15
0.270283783972976	4.70951623238701	1361.178	31.07	92174.99
0.326044564623905	5.58161553470757	1558.878	39.743	107143.69
0.530337424723946	8.85887291290167	2359.104	60.728	169497.91
0.649279089907259	10.5134315892547	2683.507	76.484	184514.03
1.33765872722218	20.4965836027331	4821.207	209.843	426305.76
2.10076941077175	29.8203961436831	6285.122	330.446	552649.64
3.13143384007376	39.8908480873215	7072.916	428.429	639552.59
4.22359913038783	45.7196034243173	5407.543	483.363	690439.69
6.27748788483039	55.1870558503553	4833.061	611.287	735926.03
9.11677763488689	61.9060904751276	4892.127	678.996	735580.05
12.3079423111924	63.4695692243446	4846.991	709.348	724691.4
24.296160146242	88.7201290238968	5458.497	1015.458	750338.85
34.7030358425018	97.9521416382867	4706.951	2856.928	772692.01
39.2919700875812	93.0498455601236	5290.119	2824.257	783572.31
51.2186770614789	99.5437003650397	4856.623	2946.533	808979.16
59.3091403279646	99.9370000504	4797.369	2936.724	827670.08
66.3665791321078	99.988480009216	4918.171	2998.733	842953.67
73.0502627036778	99.998920000864	4829.516	3014.543	857898.1
78.6622212710978	99.999820000144	4936.115	3036.991	870739.66
