0.000470006580092121	0.00845999323200541	2.288	0.991	240.1
0.0014000196002744	0.0251999798400161	4.082	1.218	687.7
0.00199002786039005	0.0358199713440229	4.986	1.347	766.57
0.00244003416047825	0.0439199648640281	11.016	1.507	1018.41
0.00458006412089769	0.0824399340480528	9.415	2.009	1976.06
0.00518007252101529	0.0932399254080597	10.398	2.151	2061.61
0.0101201416819835	0.182159854272117	18.809	3.141	3948.74
0.0148502079029106	0.26621978702417	26.168	3.976	5478.96
0.0167002338032732	0.299879760096192	29.187	4.109	6577.52
0.0326604572464015	0.584819532144374	54.092	6.269	13753.79
0.0327904590664269	0.588239529408376	54.28	6.301	13093.83
0.0660709249929499	1.17863905708875	141.285	10.585	24733.33
0.110911552761739	1.96469842824126	172.948	15.739	39201.27
0.179602514435202	3.16637746689803	272.433	24.871	65312.22
0.247883470368585	4.31819654544276	357.352	33.114	81902.16
0.288184034576484	4.94063604749116	424.625	39.455	93450.26
0.637988931845046	10.6820914543268	828.804	79.178	185414.89
0.930383025362355	15.0245879803296	1147.27	146.515	363392.56
1.12357573006022	17.188186249451	1284.909	165.23	384426.01
1.25092751298518	18.1042055166356	1316.748	195.434	427262.29
2.98718182054549	33.4801532158774	2132.639	364.06	629208.93
3.05196272747818	38.7438890048888	2552.38	420.85	624674.03
7.31302238231335	65.2980077615938	3732.873	736.954	740649.6
11.2148570079981	77.8308577353138	4173.726	900.641	721400.73
11.6523331326639	61.0264311788551	3391.227	704.645	723434.05
22.4011336158706	81.6063547149162	4251.999	943.511	747332.29
28.4379681315538	82.5805139355889	4325.11	971.528	760930.47
43.545739640355	99.4367804505756	4959.666	1208.439	792376.44
48.2278051892727	97.2944221644623	5109.943	1211.298	803482.01
59.4128917804849	99.950140039888	5231.989	1283.39	827874.65
66.6447330262624	99.9955000036	4976.141	1283.345	843912.58
72.9771716804035	99.998920000864	5083.015	1303.238	857913.52
78.6605212472975	99.999820000144	5137.727	1319.58	870665.27
