0.0010899991280007	0.0196199843040126	15.287	0.405	406.37
0.00128999896800083	0.0232199814240149	17.496	0.62	486.75
0.00262999789600168	0.0473399621280303	33.406	0.471	1161.99
0.00367999705600236	0.0660599471520423	46.314	0.788	1728.7
0.00586999530400376	0.104939916048067	73.49	0.648	2532.56
0.00770999383200493	0.138239889408088	97.047	0.993	3420.8
0.0102199918240065	0.183419853264117	129.463	0.815	4136.24
0.0121799902560078	0.21851982518414	150.1	0.887	5856.5
0.028099977520018	0.501119599104321	349.117	1.708	10112.96
0.0411399670880263	0.732419414064469	505.682	2.847	18569.74
0.0621199503040398	1.0990791207367	762.645	4.104	23445.3
0.0621499502800398	1.0936791250567	752.359	3.065	24249.2
0.137809889752088	2.39489808408153	1636.718	9.262	49138.45
0.188499849200121	3.21101743118605	2209.937	9.776	81252.95
0.25014979988016	4.15097667921866	2855.315	12.93	102350.38
0.440639647488282	7.05779435376452	4942.785	26.262	185854.16
0.70265943787245	10.7020714383429	7334.292	39.225	237330.45
1.06413914868868	15.0618479505216	10250.737	54.934	361214.32
1.58503873196901	20.0651239479008	12934.611	83.637	575530.05
1.74650860279312	18.0370655703475	9629.122	85.556	598705.96
3.41330726935418	29.2742765805787	13726.332	154.899	1079539.02
5.19564584348332	34.6413322869342	14828.995	223.84	1410160.86
8.00204359836512	41.3927668857865	16448.578	348.478	1893895.84
12.1280602975518	47.8052617557906	18056.55	512.754	2145138.29
18.1792154566276	54.1002167198266	19048.827	756.06	2403658.25
26.0607091514327	53.2990373607701	14592.643	1050.127	2759694.35
37.0825503339597	70.5813635349092	19540.617	1556.166	3218257.09
44.9068440745247	69.2646645882683	15610.391	1796.404	3566439.99
57.0935943251245	90.3469677224258	23533.296	2411.579	4092795.93
65.2553777956978	90.2189878248097	18194.405	2656.386	4451997.62
75.6086195131044	98.9353008517593	23185.921	4144.616	4897763.78
82.886873690501	99.7206402234878	18317.47	4805.76	5217469.17
90.584457532434	100.0	18662.284	5452.48	5553560.1
