0.000719999424000461	0.0129599896320083	2.691	0.683	265.69
0.00201999838400129	0.0363599709120233	5.398	0.577	868.59
0.00211999830400136	0.0381599694720244	5.3	0.578	876.62
0.0026499978800017	0.0476999618400305	6.132	0.643	1021.32
0.00582999533600373	0.104759916192067	11.991	0.786	2403.94
0.00666999466400427	0.119699904240077	11.657	1.404	2829.99
0.00821999342400526	0.147599881920094	13.942	0.97	3537.36
0.0181099855120116	0.324899740080208	32.023	2.441	8424.84
0.0235299811760151	0.420659663472269	38.214	2.708	9514.09
0.0426299658960273	0.760499391600487	63.909	2.674	15740.07
0.0623599501120399	1.10483911612871	93.124	5.301	25820.82
0.0808099353520517	1.41659886672091	118.764	5.926	31761.66
0.137539889968088	2.39363808508953	196.877	9.948	62628.73
0.206309834952132	3.52601717918626	301.604	13.706	89051.82
0.316679746656203	5.29073576741139	446.475	17.08	132120.97
0.474499620400304	7.6510738791409	662.917	26.064	154551.81
0.600569519544384	8.4362332510134	779.035	32.5	231808.92
0.677199458240433	10.2785317771746	922.461	37.912	259111.71
1.58726873018502	20.0557639553888	2221.982	80.622	566609.58
2.37542809965752	25.8218793424965	2716.032	110.941	783254.96
3.5906471274823	32.0968543225165	3460.494	165.156	1078260.27
5.37367570105944	37.3771500982799	4254.941	226.992	1452081.7
8.06701354638916	42.4018460785231	5005.135	327.97	1871195.87
11.8052305558156	43.6447450842039	4709.269	452.875	2145876.4
18.0854155316676	52.7336578130737	6262.381	694.171	2406328.87
27.2901081679135	63.6218491025207	8310.531	1039.58	2794045.78
35.975401219679	62.8822296942162	7572.428	1389.115	3180769.16
47.0472123622301	80.0792359366113	10221.307	1744.479	3656304.14
57.1632342694126	91.4008668793065	11744.136	2188.238	4103676.39
63.5158891872886	85.940931247255	11677.952	2313.407	4375172.93
75.4245496603603	98.5990611207511	12354.326	2826.685	4892728.29
82.878133697493	99.7186602250718	13093.451	3119.215	5217108.58
90.593917524866	99.999820000144	13048.525	3233.716	5554801.18
