0.000979999216000627	0.0176399858880113	3.619	0.473	382.25
0.00176999858400113	0.0318599745120204	4.755	0.672	804.28
0.00263999788800169	0.0475199619840304	5.707	0.484	1025.34
0.00396999682400254	0.0712799429760456	7.41	0.538	1563.91
0.00407999673600261	0.073439941248047	7.523	0.503	1415.21
0.00720999423200461	0.129779896176083	12.481	0.596	3055.05
0.0101199919040065	0.181439854848116	16.509	0.842	4405.55
0.018749985000012	0.336419730864215	29.436	1.16	7178.85
0.0275299779760176	0.491939606448315	40.842	1.924	9441.72
0.0427099658320273	0.761399390880487	62.8	1.945	17311.66
0.0601899518480385	1.05641915486468	86.875	2.64	24249.2
0.0623699501040399	1.10249911800071	88.77	2.789	25069.18
0.134409892472086	2.3390981287215	188.959	6.237	54167.1
0.144629884296093	2.46545802763358	195.583	8.753	55775
0.3123997500802	5.21189583048334	421.956	16.972	116393.15
0.400469679624256	6.08489513208389	512.05	17.741	157350.23
0.463259629392296	7.43381405294876	620.288	23.178	166931.73
0.973169221464623	13.5395891683287	1191.254	46.434	337303.07
1.59735872211302	20.2080438335649	1952.81	78.884	577965.51
2.36720810623352	25.5633995492804	2451.69	107.795	809304.88
3.13915748867401	26.2511789990568	2378.177	132.678	1019621.39
5.38896568882745	37.5823499341201	3874.869	215.169	1412783.84
5.55152555877955	26.3652989077609	2480.595	201.296	1492931.01
12.0991903206477	47.5665819467344	5466.435	428.976	2149637.37
17.9821856142515	51.3296589362728	5534.523	619.281	2401314.44
27.2645581883534	62.9742096206323	7777.589	983.306	2796959.89
37.2604101916718	73.0731015415188	9161.34	1359.065	3225825
46.84641252287	78.131817494546	9377.792	1612.988	3641063.46
56.8167845465724	87.8987896809682	10477.491	1975.458	4083265.68
66.8688765048988	97.3070221543823	11992.567	2836.109	4524000.72
75.8800892959286	99.4315604547516	12155.306	4408.27	4913163.9
83.9991828006538	99.977140018288	12856.58	5086.755	5269749.14
90.5428175657459	99.999820000144	13233.828	6005.479	5552386.15
