0.00099999920000064	0.0179999856000115	25.027	0.824	426.49
0.00158999872800102	0.0286199771040183	34.048	0.873	635.51
0.00223999820800143	0.0403199677440258	43.309	1.001	1001.29
0.00340999727200218	0.0613799508960393	62.905	1.083	1178.15
0.00592999525600379	0.106379914896068	101.532	1.204	2243.32
0.00599999520000384	0.107459914032069	104.98	1.256	2484.5
0.0115699907440074	0.207719833824133	186.769	1.592	5523.28
0.0188499849200121	0.337859729712216	288.501	1.976	8284.74
0.0192599845920123	0.34415972467222	300.135	2.087	8256.6
0.0411699670640263	0.732779413776469	569.131	3.196	16545.1
0.0592099526320379	1.04957916033667	758.657	4.581	23358.52
0.0648399481280415	1.13993908804873	740.975	4.635	27675.73
0.117309906152075	2.0311183751053	1140.177	7.774	43984.26
0.208379833296133	3.57641713886629	1853.488	12.696	77242.38
0.314399748480201	5.26769578584337	2306.464	18.358	133372.58
0.317209746232203	5.05457595633924	1629.642	18.147	126879.09
0.565179547856362	8.47061322350942	2307.62	32.346	223423.69
1.06343914924868	15.0040679967456	3946.539	59.767	383544.59
1.11939910448072	13.7060890351288	2835.753	63.594	419640.65
2.39400808479353	26.1374190900647	5639.599	150.786	805388.17
3.45548723561021	29.9543160365472	5718.513	219.736	1056318.11
5.39305568555545	37.6275298979761	7601.424	340.874	1472855.03
6.8683245053404	31.9364744508204	5718.201	448.949	1740996.82
11.2742209806232	39.4840484127613	7113.351	703.258	2121194.73
14.6909482472414	37.1543102765518	6645.478	938.839	2275418.87
27.2992781605775	63.5467891625687	12619.91	1887.091	2816313.04
33.9080328735737	56.7609745912203	10589.846	2265.031	3108953.82
47.1189223048622	80.8721353022918	15743.832	3214.821	3677018.65
56.17072506342	83.6984930412056	16097.688	3856.645	4072447.7
66.8675265059788	97.4567820345744	18749.524	4664.081	4518201.49
75.8212793429765	99.3120405503676	18958.097	5182.94	4908531.96
83.0415635667491	99.7660001871999	19233.079	5781.581	5222884.18
90.563967548826	99.999820000144	19532.179	6145.942	5555807.38
