0.000939999248000602	0.0169199864640108	22.684	0.689	406.42
0.00178999856800115	0.0322199742240206	36.559	0.801	764.18
0.00285999771200183	0.0514799588160329	54.48	0.913	1222.44
0.00332999733600213	0.0599399520480384	61.174	0.937	1455.59
0.00599999520000384	0.107639913888069	100.634	1.133	2372.09
0.00825999339200529	0.147959881632095	134.62	1.191	3332.8
0.012539989968008	0.224099820720143	201.251	1.446	4872.39
0.0181199855040116	0.324359740512208	281.575	1.736	6178.83
0.0235799811360151	0.421019663184269	343.682	2.092	9366.55
0.0313699749040201	0.557099554320357	424.855	2.569	12465.87
0.0427599657920274	0.755099395920483	538.807	3.133	17856.54
0.0942499246000603	1.65689867448106	1084.117	5.888	38032.99
0.0966899226480619	1.67543865964907	932.731	5.859	40738.55
0.167319866144107	2.79629776296179	1139.666	10.043	64248.88
0.193749845000124	3.29831736134611	1596.619	10.659	77600.67
0.360859711312231	5.73821540942767	1831.32	20.682	136733.85
0.642709485832411	9.71189223048622	2652.907	35.247	243735.73
0.808619353104517	11.1421710862631	2556.704	43.348	296292.37
1.17596905922475	14.4122284702172	2936.281	63.282	426984.88
1.98616841106527	20.4595036323971	3904.224	109.708	690485.04
2.88741769006585	23.8195609443512	4321.326	172.01	945243.16
5.3127157498274	36.3893108885513	6906.92	323.224	1433214.98
8.09418352465318	42.7910057671954	8447.029	500.078	1887692.77
11.9923604061117	45.8803432957254	8565.602	712.808	2146231.11
16.8472265222188	43.6044251164599	7983.363	1040.043	2350454.72
27.3008181593455	63.6537090770327	12676.037	1717.266	2827066.91
33.4176132659094	55.6917754465796	10418.514	2144.906	3071482.35
46.5232227814218	75.8245793403365	14651.518	2985.653	3644908.1
56.6142747085802	86.2822109742312	17093.152	3633.227	4095199.16
66.4998268001386	95.0131039895168	18390.677	5136.556	4507726.22
74.1524806780155	96.3251229399016	19249.094	5634.265	4852418.94
83.7622029902376	99.9415000468	19957.038	12680.347	5251691.05
90.579927536058	99.999460000432	20011.286	13963.298	5555302.56
