0.000979999216000627	0.0176399858880113	24.12	0.797	398.35
0.00198999840800127	0.0358199713440229	40.995	0.913	844.53
0.00262999789600168	0.0473399621280303	51.468	0.986	1121.88
0.00299999760000192	0.0539999568000346	55.733	1.02	1254.53
0.00645999483200413	0.116279906976074	110.07	1.268	2536.75
0.00903999276800579	0.162179870256104	145.981	1.444	3919.47
0.0123899900880079	0.222659821872143	199.154	1.659	5141.42
0.0173299861360111	0.309959752032198	268.26	2.096	6841.71
0.0193099845520124	0.345419723664221	284.632	2.106	8284.74
0.0366099707120234	0.650519479584416	476.586	3.021	13305.24
0.0418999664800268	0.745199403840477	595.06	3.67	15126.15
0.0932099254320597	1.64213868628905	1096.44	6.72	37874.04
0.115569907544074	2.00591839526528	1132.043	7.786	43984.26
0.150449879640096	2.56841794526564	1221.54	9.412	61648.18
0.228799816960146	3.79061696750643	1507.299	15.679	91695.37
0.42195966243227	6.74909460072432	2262.068	25.67	164816.19
0.712149430280456	10.863711309031	3290.641	39.353	278423.99
1.06245915003268	15.0134279892576	3967.766	62.38	415178.21
1.58872872901702	20.1004039196769	4767.243	97.151	585787.71
2.20924823260141	23.2327614137909	4561.578	130.75	775251.7
3.22578741937006	27.1610782711374	5065.38	207.782	1045931.77
5.14788588169129	34.1256326994938	6413.447	343.11	1414865.84
8.08101353518917	42.6621258702993	8626.032	524.879	1894861.73
9.02225278219777	30.9538552369158	5338.331	539.147	2027081.94
18.0486655610676	52.1839382528494	10188.32	1298.332	2414565.09
24.9183000653599	49.2501205999035	9348.112	1669.514	2717965.33
34.8769220984623	59.1742326606139	11437.392	2501.274	3152930.48
44.5833143333485	68.3401853278517	13392.303	3181.992	3576318.56
56.219035024772	83.9344728524217	16700.29	4023.528	4074875.46
65.70493743605	91.6093067125546	18774.148	4598.354	4474379.97
74.2105206315835	96.4009028792777	18877.238	5191.613	4840088.76
84.1217427026058	99.989920008064	20022.85	5846.399	5274416.61
90.54398756481	99.999820000144	20372.316	6486.435	5554914.34
