0.0010999991200007	0.0197999841600127	25.512	0.837	378.28
0.00162999869600104	0.0293399765280188	34.5	0.754	703.88
0.00199999840000128	0.0358199713440229	39.155	0.853	880.76
0.00340999727200218	0.0611999510400392	61.36	0.91	1507.83
0.00387999689600248	0.0698399441280447	68.593	0.913	1668.62
0.00524999580000336	0.0941399246880602	87.496	0.993	2255.51
0.0125999899200081	0.225899819280145	201.738	1.557	4808.08
0.0197999841600127	0.354059716752227	294.499	1.887	7485.28
0.0276699778640177	0.494459604432316	383.345	2.312	11923.17
0.0282599773920181	0.505799595360324	413.842	2.377	11235.81
0.0573399541280367	1.01555918755265	719.662	4.148	20397.17
0.0849499320400544	1.49723880220896	962.872	5.775	33815.92
0.122919901664079	2.09537832369734	1000.543	7.916	52123.71
0.132859893712085	2.30543815564948	1328.134	7.622	51520.66
0.316189747048202	5.28587577129938	2203.613	17.261	127123.69
0.467959625632299	7.52345398123682	2567.263	24.432	190550.91
0.587319530144376	8.81711294630964	2260.345	32.055	229517.81
1.00832919333665	14.086608730713	3260.374	59.692	345167.14
1.39809888152089	14.7850081719935	2610.501	75.338	499886.71
1.59477872417702	20.1778038577569	4482.57	91.006	557615.5
3.37173730261016	22.0102023918381	3587.721	197.539	1064725.33
3.5979271216583	32.1026143179085	6166.52	209.732	1125604.05
8.04504356396515	42.104666316267	7516.654	505.875	1880825.75
11.9505504395596	45.356543714765	7942.311	748.695	2145162.01
18.2015954387237	54.5446363642909	10232.566	1210.146	2430381.94
27.2220482223614	62.443930044856	11067.171	1705.3	2820961.45
37.2704301836559	73.1843414525268	13673.841	2447.846	3260333.44
43.67407506074	66.2534469972424	11895.155	2830.498	3526616.77
57.2037742369806	91.6840066527947	16392.769	4355.516	4121134.35
65.9732872213702	92.6288258969393	17534.472	4980.744	4497385.74
75.5545495563604	98.8377409298073	18656.194	9318.271	4903979.05
83.3999432800454	99.8648201081439	18751.423	11636.956	5248495.75
90.580017535986	99.999460000432	19180.187	13695.707	5555323.64
