0.000969999224000621	0.0174599860320112	23.259	0.79	414.43
0.00180999855200116	0.0325799739360208	37.411	0.821	848.55
0.00259999792000166	0.04679996256003	49.979	0.974	1121.88
0.00393999684800252	0.0709199432640454	72.66	1.047	1708.72
0.00581999534400372	0.104759916192067	99.501	1.184	2251.36
0.00917999265600588	0.165239867808106	150.361	1.423	3541.63
0.009379992496006	0.168479865216108	154.237	1.426	4064.17
0.0192399846080123	0.34361972510422	295.29	1.991	7653.66
0.021909982472014	0.391859686512251	315.123	2.248	8879.64
0.0272399782080174	0.485999611200311	407.073	2.594	11058.27
0.0596399522880382	1.06019915184068	792.64	4.42	22582.7
0.0946999242400606	1.66085867131306	1095.789	6.431	36656
0.14088988728809	2.44781804174557	1464.784	9.361	56840.17
0.211189831048135	3.61691710646631	1875.059	12.467	82541.07
0.314399748480201	5.24465580427536	2285.792	18.437	120080.13
0.357219714224229	5.68349545320364	1840.334	24.255	143259.76
0.675999459200433	10.2538717969026	2920.061	38.171	250221
0.980509215592627	13.6625290699767	3287.231	55.922	406555.36
1.59926872058502	20.234863812109	4820.597	96.054	540068.37
2.27532817973746	24.1651606678715	4827.527	137.222	739229.55
3.51961718430625	30.8078753536997	5977.635	222.659	1061723.28
5.09837592129926	33.5764531388375	6218.57	325.156	1426009.87
7.42934405652476	35.4864316108547	6447.399	490.075	1816025.76
12.1280502975598	48.0198215841427	9593.609	821.943	2162085.35
17.8879856896114	50.2505597995522	9410.148	1225.667	2404724.12
27.3055781555375	63.6076291138967	12722.274	1903.845	2817130.67
35.2352318118146	60.2257918193665	11316.435	2398.193	3166142.52
47.2900021679983	83.2315734147413	16604.64	3243.475	3679241.08
56.3946048843161	84.9003520797183	16504.182	3986.721	4084238.37
65.547277562178	91.0666071467143	18397.091	4530.052	4467079.94
74.6442202846238	97.1927222458222	19244.329	5073.619	4859909.18
83.9697528241977	99.974980020016	19348.086	5764.835	5268558.89
90.561247551002	99.999820000144	19843.457	6171.694	5555581.16
