0.0010899991280007	0.0196199843040126	26.151	0.745	434.56
0.00213999828800137	0.0385199691840247	41.737	0.807	1049.59
0.00221999822400142	0.0399599680320256	43.116	0.811	764.18
0.00328999736800211	0.0588599529120377	59.594	0.857	1455.59
0.00418999664800268	0.0754199396640483	73.233	1.024	1757.06
0.0084399932480054	0.151199879040097	133.396	1.143	3678.51
0.0128699897040082	0.230939815248148	213.454	1.453	4808.08
0.0191799846560123	0.34415972467222	288.225	1.821	6773.77
0.0254799796160163	0.451259638992289	360.696	2.307	10480.06
0.0276099779120177	0.493019605584316	401.784	2.303	11336.3
0.0467299626160299	0.827279338176529	574.083	3.382	18668.59
0.0554799556160355	0.973079221536623	624.74	3.767	23371.93
0.0990399207680634	1.7202586237931	963.947	6.141	40738.55
0.127999897600082	2.1828582537134	1036.147	7.808	52123.71
0.314289748568201	5.25293579765136	2232.05	17.7	127401.12
0.371789702568238	5.9344152524678	1854.409	20.29	159039.12
0.699479440416448	10.6520314783748	3064.958	38.492	279236.6
0.98475921219263	13.6934890452088	3125.85	53.166	348940.95
1.2562989949608	15.3102477518018	2964.057	66.447	476252.39
2.39494808404153	26.0659591472327	5287.907	142.112	785107.22
3.57807713753829	31.8563745149004	5899.741	204.821	1109499.97
4.36255650995479	27.4362980509616	4546.06	252.497	1276722.08
5.41863566509147	25.9167392666086	4236.419	333.134	1497508
12.1053403157277	47.5422819661744	8647.988	835.645	2157314
14.5597483522013	36.8249105400716	6127.261	892.228	2257725.25
27.2818881744895	63.2375494099605	11721.802	1802.31	2822533.85
37.2816601746719	73.396201283039	13720.373	2467.204	3255280.59
46.7348926120859	77.2643981884815	14156.963	3113.461	3654040.98
57.2099642320286	91.6924666460267	16931.251	4589.501	4121868.37
66.2886469690824	93.9572248342201	17288.524	5189.811	4497440.26
75.5416095667124	98.7868009705592	18207.012	10839.393	4899496.39
82.9555536355571	99.7334202132638	19030.818	11915.694	5219516.43
90.592357526114	99.999820000144	19163.964	13508.549	5556929.64
