0.000649999480000416	0.0116999906400075	18.08	0.768	297.88
0.00190999847200122	0.0341999726400219	39.056	0.842	703.88
0.00288999768800185	0.0520199583840333	54.669	0.926	1113.9
0.00387999689600248	0.0694799444160445	68.597	1.016	1463.63
0.00635999491200407	0.114119908704073	108.922	1.176	2573.08
0.00667999465600428	0.120059903952077	113.048	1.257	2629.36
0.0111199911040071	0.199439840448128	176.559	1.622	4426.19
0.0180199855840115	0.323279741376207	275.562	1.907	6178.83
0.0264199788640169	0.471599622720302	383.196	2.401	11235.81
0.040549967560026	0.724679420256464	566.752	3.365	14624.55
0.0637799489760408	1.13147909481672	834.21	4.583	25196.99
0.0923599261120591	1.62395870083304	1091.982	6.253	36750.59
0.121139903088078	2.06549834760132	978.962	7.373	47906.5
0.139389888488089	2.42603805916955	1441.727	8.877	55995.19
0.292029766376187	4.85153611877111	1961.172	16.69	115225.89
0.387469690024248	6.16805506555595	2017.434	22.076	155649.24
0.395909683272253	5.98337521329983	1641.027	24.016	142013.51
0.815439347648522	11.2409910072072	2601.544	47.853	307326.73
1.0908491273207	13.3608493113206	2717.941	62.103	417842.07
2.39539808368153	26.1228391017287	5666.019	140.964	807836.28
3.5946571242743	32.0178343857325	6515.362	231.683	1083871.76
5.34923572061142	36.9843904124877	7135.217	346.685	1463420.98
8.09100352719718	42.8055857555314	8402.808	531.888	1886617.23
11.6448506841195	42.226346218923	7781.507	770.382	2121470.17
18.1696054643156	53.9202168638265	10377.643	1229.678	2415034.73
26.9798684161053	59.352972517622	11145.895	1786.645	2787289.7
37.2939301648559	73.486021211183	14376.973	2511.508	3256198.89
46.87621249903	78.4559972352022	15060.57	3256.043	3661685.25
57.1995242403806	91.6354066916746	17608.126	3879.13	4116840.65
66.8756464994828	97.3855020915983	18633.053	4642.64	4530348.76
75.8782792973766	99.4180604655516	18804.831	5167.564	4914692.79
83.8323029341577	99.95140003888	19003.552	5641.148	5263058.87
90.598267521386	99.999820000144	19735.974	6162.015	5556870.92
