0.000809999352000518	0.0145799883360093	21.282	0.806	297.88
0.000969999224000621	0.0174599860320112	23.489	0.77	418.48
0.00288999768800185	0.0520199583840333	54.801	0.98	1097.83
0.00397999681600255	0.0716399426880459	71.869	0.986	1668.62
0.00563999548800361	0.101159919072065	96.18	1.169	2452.48
0.00883999292800566	0.158939872848102	140.948	1.333	3377.02
0.0125799899360081	0.226259818992145	195.74	1.556	4872.39
0.018729985016012	0.335879731296215	286.739	1.951	7967.65
0.0258999792800166	0.461159631072295	354.677	2.405	10480.06
0.028099977520018	0.503279597376322	400.419	2.469	11199.61
0.0554999556000355	0.973259221392623	622.261	4.177	23371.93
0.0633199493440405	1.12445910043272	797.819	4.566	25992.96
0.128389897288082	2.23271821382543	1239.152	8.194	50527.66
0.190819847344122	3.18167745465804	1221.454	11.562	77612.73
0.20240983807213	3.45725723419421	1707.026	12.22	76659.88
0.464079628736297	7.45595403523677	2548.104	26.874	165686.32
0.559649552280358	8.41067327146138	2133.007	30.611	234239.64
0.634959492032406	8.85257291794167	1958.762	34.302	251546.75
1.47988881608895	18.3448653241077	3753.926	83.949	489204.37
1.53034877572098	15.9967672025862	2760.089	82.352	566730.07
2.11641830686535	18.1546054763156	3046.517	118.809	726647.69
5.39405568475545	37.6581298734961	7078.842	330.948	1462393.89
8.09518352385318	42.7834457732434	7863.643	487.213	1893176.13
11.9266904586476	45.0941039247169	7793.105	703.604	2143568.57
16.0316771746583	40.610307511754	6775.203	934.766	2317881.51
27.0292583765933	59.8839720928223	10304.828	1576.354	2795609.07
37.0051603958717	69.6570642743486	12241.374	2269.201	3230729.14
43.5113651909078	65.9029872776102	11274.481	2566.77	3518930.64
55.9560152351878	82.839893728085	14163.865	3278.308	4052717.59
65.5313575749139	90.9980272015782	15776.773	3948.009	4459688.62
75.6567494746004	99.0242207806234	17353.467	4511.586	4907463.68
83.8989328808537	99.961660030672	17213.36	5049.806	5264526.48
90.5268575785139	99.999640000288	17794.536	5402.645	5553902.17
