0.000899999280000576	0.0161999870400104	22.72	0.864	430.51
0.0018699985040012	0.0336599730720215	38.12	0.907	727.96
0.00283999772800182	0.0509399592480326	53.441	1.015	1190.21
0.0039099968720025	0.0701999438400449	70.76	1.132	1640.39
0.00430999655200276	0.0775799379360497	77.468	1.063	1785.09
0.00435999651200279	0.0784799372160502	75.461	1.059	1913.72
0.012489990008008	0.224459820432144	203.01	1.775	5145.44
0.012559989952008	0.224819820144144	197.098	1.613	5233.87
0.0253099797520162	0.450899639280289	361.271	2.591	10443.27
0.0266599786720171	0.475919619264305	401.888	2.712	10411.12
0.053139957488034	0.941759246592603	677.281	4.005	19764.87
0.074959940032048	1.30265895787283	754.06	5.405	29649.45
0.0838599329120537	1.47401882078494	967.603	6.215	34039.07
0.209639832288134	3.5909971272023	1851.888	13.558	87771.51
0.308309753352197	5.13575589139529	2222.477	19.46	121527.56
0.461249631000295	7.40609407512474	2635.85	27.845	178898.25
0.616179507056394	9.27899257680594	2583.731	34.918	242040.45
0.882529293976565	12.1561102751118	2804.871	48.772	313648.52
0.909599272320582	11.3219909424072	2356.508	57.32	337829.38
2.31290814967348	24.7771601782719	5147.079	137.255	775005.95
2.51567798745761	20.9446032443174	3835.193	146.522	846460.95
5.38855568915545	37.6237499010001	7642.282	317.103	1456689.78
8.07256354194917	42.4333460533232	8410.826	483.283	1911114.32
11.2938709649032	39.6015883187293	7333.473	636.473	2121794.42
18.1069555144356	52.9501976398419	10629.073	1112.385	2420016
27.3089981528015	63.5968291225367	13409.377	1744.246	2816086.6
34.428982456814	57.9945136043891	11611.958	2116.355	3132527.14
47.2805621755503	83.2186134251093	17532.523	2995.694	3684821.91
57.1828842536926	91.6069667144266	19132.118	3653.578	4100176.32
64.1637886689691	87.2569101944718	18935.624	4086.423	4406779.97
74.7559801952158	97.3756020995183	20103.201	4540.224	4862404.13
83.1456634834692	99.7978601617119	21263.589	5309.823	5230913.9
90.54913756069	99.999820000144	20666.589	5441.751	5555090.42
