0.000769999384000493	0.0138599889120089	20.041	0.784	257.68
0.00235999811200151	0.0424799660160272	46.596	1.002	756.14
0.00245999803200157	0.0442799645760283	47.287	1.003	1005.37
0.00313999748800201	0.0565199547840362	58.539	0.996	1186.26
0.00355999715200228	0.064079948736041	65.068	0.979	1507.83
0.0059399952480038	0.106559914752068	102.513	1.219	2629.36
0.0128999896800083	0.230939815248148	207.507	1.59	5210.06
0.0161199871040103	0.287999769600184	245.553	1.788	6994.86
0.0190399847680122	0.341099727120218	290.714	1.973	7634.01
0.0345699723440221	0.613439509248393	450.423	2.934	12960.33
0.0415099667920266	0.739979408016474	575.154	3.345	14624.55
0.0917599265920587	1.61765870587304	1092.417	6.239	32585.8
0.139709888232089	2.43197805441756	1458.532	9.056	56803.26
0.143419885264092	2.43953804836956	1166.673	8.995	60007.45
0.243649805080156	4.03919676864258	1597.597	14.843	94157.28
0.432109654312277	6.89795448163641	2301.15	24.604	170503.88
0.643029485576411	9.71855222515822	2700.886	37.248	243735.73
1.05212915829667	14.8062481550015	3841.441	58.704	397633.84
1.24044900764079	15.1248479001217	3126.638	71.669	462717.4
2.27505817995346	24.1856806514555	4837.407	129.454	722490.62
3.57330714135429	31.8317145346284	6442.235	204.474	1113405.84
5.39096568722745	37.6277098978321	7618.888	320.989	1464128.59
8.02622357902114	41.8098265521388	8027.774	480.567	1893261.38
12.0630603495517	46.92056246355	8881.839	722.868	2155632.5
16.1491370806903	40.9746272202982	7352.919	954.061	2322666
26.7555685955451	57.3589341128527	10572.434	1607.567	2776026.52
36.5740007407994	66.1575070739943	12329.767	2204.645	3212366.82
44.3486145211084	67.8061257550994	12411.165	2621.234	3556149.77
56.7485246011803	87.2959701632239	16174.992	3428.57	4085261.37
66.1214971028023	93.1988854408916	17295.697	4036.78	4489296.8
75.5520595583524	98.8076809538552	18170.807	4598.986	4899773.44
84.1219227024618	99.988840008928	18703.478	5135.211	5269889.6
90.5292175766259	99.999820000144	18818.459	5562.49	5554006.97
