0.000600008400117602	0.0107999913600069	5.319	1.002	217.49
0.00179002506035084	0.0322199742240206	11.332	1.301	679.79
0.00716010024140338	0.128879896896082	45.717	2.408	2589.26
0.0145602038428538	0.261179791056167	83.318	3.499	6641.37
0.248923484928789	4.33475653219477	1316.731	26.757	107827.83
0.500337004718066	8.36477330818135	2554.056	49.049	197415.48
0.767890750470507	12.3825500939599	3922.459	74.317	312950.86
1.48742082389153	21.1469230824615	6504.245	147.946	506652.63
3.13709391931487	39.9192880645695	12189.543	300.248	974493.3
7.07161900266604	62.7679297856562	16342.4	657.804	1757773.68
11.2580276123866	78.3128973496821	19226.935	1005.084	2133661.78
58.9970359585034	99.8882200894239	26485.429	5259.551	4195204.88
72.9371911206757	99.998740001008	27891.081	6518.103	4817740.75
78.6695113731592	100.0	28153.765	6806.097	5057815.84
