0.000790011060154842	0.0142199886240091	5.428	0.884	322.01
0.00162002268031752	0.0291599766720187	10.062	0.97	579.29
0.00199002786039005	0.0358199713440229	12.182	1.034	848.63
0.00348004872068209	0.0626399498880401	20.167	1.189	1351.13
0.00362005068070953	0.0651599478720417	20.394	1.151	1363.19
0.0065800921212897	0.118439905248076	37.334	1.426	3152.04
0.0110901552621737	0.199079840736127	60.275	1.874	4583.15
0.0165402315632419	0.29717976225619	95.351	2.258	7260.45
0.0185902602636437	0.333539733168213	105.879	2.526	6818.25
0.0352204930869032	0.630719495424404	211.317	3.961	14223.13
0.0468906564691906	0.837539329968536	252.224	5.24	19935.65
0.0610808551319718	1.0898991280807	324.659	6.297	25624.12
0.100061400859612	1.77245858203313	568.189	9.869	39272.75
0.117891650483107	2.07359834112133	652.414	11.086	46863.07
0.252223531129436	4.32539653968277	1319.407	22.969	97888.25
0.267813749392491	4.66847626521899	1413.879	23.595	104804.13
0.616968637560926	9.98261201391039	3020.818	55.224	214987.1
0.637878930305024	10.6680514655588	3241.782	57.979	265293.23
1.02719438072133	15.7618673905061	4773.477	89.431	376813.88
1.92733698271776	27.2485582011534	8149.967	168.768	640309.89
2.45774440842172	31.1513150789479	9051.183	216.57	821601.11
3.08311316358429	34.315532547574	9639.55	262.437	940800.59
4.62247471464601	42.3039261568591	11163.184	383.073	1283367.24
11.1352358933025	77.0633383493293	18946.688	954.738	2123765.53
15.2610336544712	76.526218779025	18375.229	1291.898	2297077.68
20.4529263409688	75.6082195134244	18600.786	1711.921	2513644.49
34.7420163882294	98.1220615023508	23718.496	3557.498	3134993.71
42.8457198400778	98.5366011707191	24270.521	4185.458	3487363.18
51.4867208140914	99.7040802367358	25413.628	5507.812	3866658.09
56.8964565503917	99.3561405150876	26065.599	5936.823	4099222.76
66.5702319832478	99.990640007488	27240.064	7164.904	4528087.77
72.5034950489307	99.998020001584	28772.463	7966.007	4779509.9
78.6601412419774	100.0	28002.497	9124.467	5058147.2
