0.000429999656000275	0.00773999380800495	3.92	0.921	213.47
0.00154999876000099	0.0278999776800179	9.573	1.198	732.05
0.00223999820800143	0.0403199677440258	14.125	1.358	900.89
0.00319999744000205	0.0575999539200369	18.771	1.551	1130.03
0.00432999653600277	0.0779399376480499	30.372	1.788	1720.95
0.00783999372800502	0.14093988724809	48.65	2.427	3252.54
0.00883999292800566	0.158939872848102	48.063	2.603	3875.64
0.0120799903360077	0.216719826624139	80.899	3.153	5572.07
0.0244599804320157	0.438839648928281	131.989	4.76	10576.97
0.0369999704000237	0.662759469792424	223.315	6.129	15352.79
0.0506299594960324	0.90665927467258	271.938	7.483	21113.56
0.0775599379520496	1.38041889566488	417.189	9.753	32096.68
0.10956991234407	1.94633844292925	609.374	12.405	45190.7
0.111949910440072	1.97297842161726	595.931	12.763	42955.41
0.276009779192177	4.80851615318708	1485.356	28.312	112271.17
0.28153977476818	4.83461613230709	1488.419	28.866	104840.5
0.604579516336387	10.1127519097985	3136.496	59.634	243339.49
0.770159383872493	12.435290051768	3813.937	78.648	301115.86
1.10714911428071	16.9318664545068	5154.192	105.466	426342.38
2.12704829836136	30.1793158565473	9069.688	204.117	715805.12
2.95560763551389	37.466610026712	11077.356	282.825	965075.4
4.3772464982028	47.4279820576144	13036.291	400.299	1288838.45
7.24010420791663	64.5414683668253	16584.379	662.655	1786523.71
10.7170614263509	73.368481305215	17607.866	946.143	2110446.92
15.9402472478022	80.3801956958434	19255.04	1428.645	2342546.25
24.3646905082476	89.015148787881	21784.376	2184.073	2701181.14
34.7893821684943	98.2804613756309	24020.029	3093.007	3141268.19
43.2748653801077	99.1180007055994	24561.018	3869.791	3500443.83
48.0308115753507	97.1101023119182	24948.568	4239.463	3733524.65
57.2256942194446	99.4605404315677	25940.57	5040.36	4100705.77
65.7912273670181	99.96310002952	26557.919	5799.388	4494246.05
72.4550620359504	99.998380001296	27203.42	6326.691	4776666.25
78.6653470677224	100.0	28346.946	6912.485	5041134.44
