0.000679999456000435	0.0122399902080078	5.324	0.987	269.75
0.00122999901600079	0.0221399822880142	7.988	1.22	458.69
0.00286999770400184	0.0516599586720331	17.155	1.474	1093.85
0.00345999723200221	0.0622799501760399	19.967	1.633	1355.15
0.00485999611200311	0.0872999301600559	26.634	1.844	1970.19
0.00592999525600379	0.106739914608068	33.36	2.094	2573.18
0.0101399918880065	0.182159854272117	55.265	2.764	3662.58
0.0167799865760107	0.301499758800193	97.813	3.787	6898.67
0.0223199821440143	0.400319679744256	124.128	4.824	9157.9
0.0337599729920216	0.605699515440388	179.944	5.599	14098.53
0.0465999627200298	0.832139334288533	257.084	7.112	18757.79
0.0837899329680536	1.49795880163296	451.395	10.357	34484.69
0.116079907136074	2.05955835235332	610.304	13.168	47353.65
0.179469856424115	3.16025747179402	989.281	19.022	75798.59
0.221039823168141	3.85919691264247	1178.618	24.354	88415.47
0.307999753600197	5.27507577993938	1605.113	29.973	134845.47
0.410539671568263	6.88517449186041	2196.642	41.329	165640.86
0.64110948711241	10.3748317001346	3173.485	64.197	228746.95
1.17318906144875	17.9071056743155	5488.689	113.078	444472.47
1.96354842916126	27.7962977629618	8400.858	184.687	688064.38
2.86097771121783	36.1598110721511	10739.809	265.506	912871.28
4.71123623101102	51.2898789680968	14171.061	439.721	1358297.42
5.68001545598764	50.2413798068962	12984.101	523.502	1550050.59
10.915401267679	75.1164599068321	18656.387	983.089	2116506.28
12.481920014464	64.110008711993	15697.812	1100.77	2177205.57
24.0382007694394	87.6482298814161	21641.901	2142.903	2686952.97
32.2883541693167	91.5068867944906	22702.746	2814.217	3040023.31
43.5325751739399	99.4517204386237	24653.433	3856.382	3514839.84
51.4454588436329	99.6817602545918	25642.432	4496.433	3860471
58.2331234135013	99.7397202082238	26182.597	5156.217	4154829.58
65.7752973797621	99.962020030384	26593.097	5768.977	4493168.37
72.7638517889186	99.998920000864	27420.593	6390.487	4788076.37
78.6701270638983	100.0	27910.632	6808.224	5041398.64
