0.000690009660135242	0.0124199900640079	5.024	0.859	293.87
0.00119001666023324	0.0214199828640137	7.78	0.942	430.55
0.00203002842039789	0.0365399707680234	14.558	1.003	828.53
0.00316004424061937	0.0568799544960364	18.009	1.098	1403.39
0.00518007252101529	0.0928799256960594	27.879	1.317	1966.16
0.0074801047214661	0.134459892432086	40.714	1.486	3152.04
0.0103301446220247	0.185579851536119	59.182	1.703	3960.05
0.0130601828425598	0.23489981208015	70.735	1.97	5338.9
0.0237303322246511	0.425519659584272	158.347	2.94	9849.33
0.0287104019456272	0.513899588880329	164.299	3.439	11489.5
0.0517207240901373	0.923039261568591	287.773	5.536	21000.97
0.0517307242301392	0.924119260704591	331.814	5.285	22094.44
0.0916412829779617	1.62647869881704	496.745	8.762	38323.96
0.15454216359029	2.72465782027374	854.647	14.387	66072.71
0.191002674037437	3.32621733902613	1008.538	17.001	72963.93
0.262233671271398	4.49837640129888	1374.896	24.785	103911.5
0.465856521991308	7.79255376595699	2335.619	39.991	186806.13
0.708529919418872	11.4371908502473	3476.332	61.423	275844.4
1.41028974405642	21.6064627148298	6657.619	122.979	471497.5
1.88278635900903	26.575178739857	8050.137	167.468	654719.19
3.19013466188527	40.609947512042	12022.661	281.581	988893.7
4.47605266473731	48.5220211823831	13466.985	387.391	1290908.15
5.53679751516521	49.1142207086234	12769.198	469.839	1508539.73
8.09886338408738	55.9471952422438	13797.625	690.278	1891694.67
12.0580388125434	62.470930023256	15460.629	1028.935	2154645.42
24.7275661859266	90.619307504554	21860.995	2090.133	2720436.63
34.6915056810795	97.9649216280627	23628.996	3463.859	3135371.21
40.5371875206253	95.0680039455968	24182.21	3788.435	3406732.86
51.698923784933	99.7915601667519	25443.747	5453.039	3872419.74
58.8649741096375	99.8641001087199	26097.072	6139.674	4197943.05
66.3370287184021	99.985060011952	27059.876	7097.278	4514178.26
72.7898190574668	99.99910000072	27268.983	7873.734	4797738.45
78.6670513387187	100.0	28172.765	9132.046	5057631.22
