0.000590008260115642	0.0106199915040068	4.618	1.001	233.57
0.00114001596022344	0.0205199835840131	7.603	1.16	454.67
0.00207002898040573	0.0372599701920238	12.546	1.324	868.73
0.00274003836053705	0.0493199605440316	16.212	1.517	1130.03
0.00346004844067817	0.0619199504640396	20.14	1.668	1270.73
0.00784010976153666	0.14039988768009	44.396	2.536	3377.15
0.00986013804193259	0.177479858016114	54.304	2.897	4546.97
0.0119301670223383	0.214379828496137	66.959	3.256	4631.39
0.0166502331032634	0.299159760672191	89.854	3.778	5933.84
0.0249503493048903	0.446039643168285	135.544	4.719	8884.52
0.0339104747466465	0.606239515008388	185.976	6.147	13270.35
0.0618808663321287	1.10195911843271	345.17	8.361	25624.12
0.123301726224167	2.1918582465134	677.273	14.206	45540.4
0.166802335232693	2.93867764905788	895.461	18.368	59788.67
0.238663341286778	4.15385667691466	1366.346	24.771	94985.23
0.402015628218795	6.88913448869241	2123.64	40.855	148541.58
0.55397775568858	9.25217259826192	2992.494	53.387	219439.47
0.694459722436114	11.2285710171432	3453.183	66.269	269528.96
1.18421657903211	18.1114055108756	5596.999	113.669	431251.31
1.54927168980366	22.0600623519501	6789.09	152.292	550116.88
2.87426023964335	36.3623109101513	10868.603	275.154	922355.62
3.33082663157284	36.6830706535435	10205.215	313.044	995354.18
5.63799893198505	49.921160063072	12963.697	508.597	1533095.06
7.59780636928917	53.3163173469461	13322.649	666.313	1808526.88
15.2801539221549	76.619998704001	18483.652	1359.606	2297689.96
25.311304358261	93.3785252971798	22587.709	2278.788	2745173.25
34.7642867000138	98.1888414489268	24263.65	3105.886	3134775.63
37.571666003324	90.3550677159458	23372.574	3293.829	3274469.53
50.5758780622929	99.1327606937914	25834.264	4442.927	3837958.72
57.3304526263368	99.4672004262397	26164.313	5099.39	4134262.51
66.5937823129524	99.99370000504	26960.619	5812.284	4539392.87
72.5337854729966	99.998020001584	27478.953	6342.638	4781488.99
78.6665313314386	100.0	28416.958	6756.467	5058390.14
