0.000500007000098001	0.00899999280000576	4.134	0.855	233.57
0.00128001792025088	0.0230399815680147	7.843	0.972	567.23
0.00245003430048021	0.043739965008028	15.049	1.082	904.91
0.00245003430048021	0.0440999647200282	13.79	1.054	900.89
0.00393005502077029	0.0707399434080453	21.469	1.201	1652.6
0.00641008974125638	0.115379907696074	36.455	1.403	2918.9
0.00646009044126618	0.116099907120074	43.846	1.384	2440.52
0.0153702151830126	0.275939779248177	103.577	2.155	6693.63
0.0216403029642415	0.388259689392248	116.745	2.651	9772.95
0.0300904212658977	0.538739569008345	175.214	3.747	13318.59
0.0496706953897355	0.888299289360569	291.272	5.173	19762.77
0.0505607078499099	0.901799278560577	282.04	5.229	18022.08
0.088071232997262	1.564198748641	528.004	8.93	34102.69
0.11857166000324	2.09195832643334	639.235	11.726	46863.07
0.185442596196347	3.23927740857807	1018.783	17.583	65944.05
0.385595398335577	6.60509471592423	1992.619	33.848	155679.46
0.584168178354497	9.78119217504626	2977.782	51.405	229024.05
0.708379917318842	11.4337708529833	3585.907	68.745	276290.9
1.25754760566648	18.1333654933076	5479.939	109.453	456235.58
1.40524967349543	21.5458027633578	6533.514	124.171	464293.07
2.45625438756143	31.1412350870119	9048.818	221.565	821488.31
3.37709727936191	37.1424302860558	10165.191	290.497	1018003.86
6.24215739020346	54.8774560980351	13937.531	533.338	1623168.34
10.7972811619363	74.0240407807674	18167.408	929.791	2101649.42
16.3735992303892	83.0612935509652	19850.973	1456.952	2350652.19
24.7715168012352	90.8407073274341	22080.881	2103.82	2721551.87
32.7625586758215	92.7137858289713	23034.003	2815.456	3071573.01
41.9784276979878	97.2688621849102	24564.045	3994.317	3460336.77
48.5011590162262	97.5491219607024	25067.985	4584.044	3736160.35
59.5695439736156	99.968680025056	26162.529	6339.594	4217765.33
66.525231353239	99.991180007056	26870.813	7217.188	4534532.85
72.6745874442242	99.998560001152	27419.363	7868.077	4790085.47
78.6713813993396	100.0	28156.985	9149.312	5057945.8
