0.000720010080141122	0.0129599896320083	5.129	0.87	330.05
0.00117001638022932	0.0210599831520135	8.177	0.954	494.87
0.00204002856039985	0.0367199706240235	11.883	1.03	848.63
0.00210002940041161	0.0377999697600242	12.35	1.005	977.27
0.00313004382061349	0.0563399549280361	17.558	1.107	1351.13
0.0067300942213191	0.120959903232077	36.714	1.4	3152.04
0.0101401419619875	0.182339854128117	57.062	1.677	4265.59
0.011760164642305	0.211679830656135	73.183	1.873	4944.94
0.0253103543449608	0.45305963755229	145.172	3.016	10629.21
0.0326504571063995	0.585899531280375	172.999	3.697	12526.66
0.0507007098099373	0.90629927496058	277.749	5.262	19730.61
0.071551001714024	1.27331898134481	385.694	7.005	27927.66
0.111151556121786	1.97369842104126	624.15	10.377	40133.07
0.147052058728822	2.58263793388965	806.673	13.538	58530.28
0.257843609810537	4.49819640144288	1402.293	25.035	104997.13
0.349464892508495	5.99741520206784	1824.804	31.057	132404.4
0.570547987671827	9.54305236555811	2926.218	50.099	209167.33
0.854341960787451	13.7896089683128	4218.765	74.484	299872.24
1.13852593936315	17.4079660736271	5244.385	99.426	441734.97
1.48394077517085	21.0970631223495	6402.762	129.147	505915.99
2.14479002706038	27.5037979969616	8194.461	178.51	679693.53
4.12710777950891	44.6498642801086	12273.146	347.096	1226899.8
7.07024898348577	62.7567697945842	16131.496	582.285	1757315.63
9.84103777452884	66.5983267213386	16243.762	773.766	2064642.91
14.5921442900201	73.1487014810388	17747.846	1103.124	2266482.62
20.71434000076	76.3705189035849	18895.948	1647.619	2529285.79
34.5993343906815	97.7161618270705	23600.312	3132.498	3136243.34
40.0755110571548	94.3465645227484	23635.136	3316.039	3387506.24
51.78592500295	99.8290001367999	24904.313	5066.286	3876424.54
59.5520137281922	99.965440027648	25674.181	5697.108	4216951.77
65.4196658753223	99.936820050544	25965.874	6229.04	4484811.94
73.0556327788589	99.999640000288	27269.409	7738.128	4817132.79
78.6573112023568	100.0	27289.486	8476.139	5057530.66
