0.000830011620162682	0.0149399880480096	2.92	0.913	366.23
0.00169002366033124	0.0304199756640195	4.356	1.043	772.25
0.0017000238003332	0.0305999755200196	4.342	1.007	711.95
0.00372005208072913	0.0669599464320429	11.69	1.181	1536.03
0.00446006244087417	0.0802799357760514	8.836	1.265	1733
0.00634008876124266	0.114119908704073	11.126	1.34	2862.62
0.0112101569421972	0.201779838576129	19.236	1.763	4973.08
0.0159002226031164	0.286019771184183	25.594	2.212	6448.42
0.0227103179444512	0.40697967441626	36.659	2.824	8856.38
0.0252803539249549	0.45377963697629	41.637	2.935	9125.72
0.0445506237087319	0.79685936251251	69.508	4.69	17644.19
0.0801911226757175	1.43009885592092	133.093	7.747	33628.31
0.119241669383371	2.11301830958535	182.677	11.468	43916.17
0.131511841165776	2.31497814801748	199.072	12.281	50835.2
0.159932239051347	2.79449776440179	242.348	14.833	60862.14
0.356404989669855	6.10847511321991	528.811	32.006	144922.43
0.620978693701712	10.4011116791107	867.833	54.97	243781.5
0.804901268617761	12.9790696167443	1050.255	68.634	320614.79
1.01859426031964	15.604547516362	1266.19	86.035	366046.53
1.67991351878926	23.7504409996472	1988.975	141.509	594549.63
3.13601390419466	39.8604281116575	3395.645	264.12	979058.03
4.95289934059077	54.3628365097308	4730.854	407.684	1380989.89
6.71135395895543	59.0930527255578	5821.907	534.255	1694250.82
9.6295948143274	65.1815478547617	8043.038	736.907	2051702.17
15.9204428862004	80.2383558093154	11558.81	1220.858	2321764.08
21.1659963239485	77.7273578181137	13289.861	1538.061	2554701.97
34.6232847259862	97.7795217763826	16616.663	3225.677	3136532.72
42.3637930931033	97.8315417347666	18765.984	3714.531	3474166.48
51.0401145616039	99.4677404258077	20463.016	4857.851	3849612.04
57.3169824377541	99.4627004298397	18282.926	5245.825	4133780.39
66.3290486066805	99.985060011952	22824.965	6511.464	4513712.9
72.7119379671315	99.99820000144	22519.639	7605.06	4807211.32
78.668181354539	100.0	24420.823	8617.701	5058327.36
