0.00105999915200068	0.0190799847360122	24.84	0.732	402.41
0.00190999847200122	0.034379972496022	40.031	0.894	828.53
0.00287999769600184	0.0518399585280332	54.848	0.878	1278.76
0.00385999691200247	0.0694799444160445	71.857	1.001	1628.48
0.00552999557600354	0.0995399203680637	100.366	1.047	2311.87
0.00903999276800579	0.162539869968104	149.881	1.315	3389.2
0.0128899896880083	0.231839814528148	207.863	2.19	5419.27
0.0181799854560116	0.327239738208209	288.13	1.856	7606.13
0.0277999777600178	0.49949960040032	430.048	2.369	10741.71
0.0402899677680258	0.722699421840463	610.282	3.161	17169.74
0.0627199498240401	1.12337910129672	899.612	4.193	25097.35
0.0946599242720606	1.68785864971308	1325.297	5.92	38834.34
0.139619888304089	2.48327801337759	1855.11	8.54	58497.8
0.209899832080134	3.71969702424238	2609.098	12.478	81181.66
0.314319748544201	5.51591558726753	3448.071	17.685	132681.18
0.474039620768303	8.20295343763725	4493.338	29.162	181203.02
0.708479433216453	12.0193103845517	5545.95	37.851	265549.31
1.06470914823268	17.5339659728272	6648.595	58.002	409252.69
1.59744872204102	25.1600198719841	7781.943	87.461	576371.8
2.39668808264953	35.3768116985506	9059.359	135.176	792567.95
3.5894371284503	48.1906414474868	10655.261	206.55	1110013.73
5.40285567771546	63.1903894476884	12666.852	336.29	1507310.54
8.07884353692517	78.082857533714	14680.206	512.689	1899381.27
12.1246403002878	90.2402278078178	16495.362	797.857	2162031.94
18.2008754392996	97.3178221457423	17896.909	3532.666	2429899.31
27.2891681686655	99.6806802554558	20166.817	5955.285	2828159.35
37.2852701717839	99.976780018576	22485.205	8300.398	3265065.52
47.2962821629743	99.998920000864	24765.004	11150.062	3699681.76
57.2954941636047	100.0	27310.553	13751.346	4124137.62
67.2977061618351	100.0	30295.898	16572.536	4547675.32
77.3079381536495	100.0	32415.293	18859.47	4971627.95
87.3059301552559	100.0	35181.583	22124.317	5414027.34
97.3013821588943	100.0	37552.806	24525.289	5854128.69
