0.00102999917600066	0.0185399851680119	24.684	0.818	386.33
0.00193999844800124	0.0349199720640224	40.969	0.839	840.58
0.0026599978720017	0.0476999618400305	51.393	0.936	1270.71
0.00411999670400264	0.0741599406720475	74.338	1.011	1479.72
0.00591999526400379	0.106199915040068	103.13	1.166	2364.1
0.00846999322400542	0.152279878176097	142.897	1.373	3385.14
0.0134099892720086	0.241019807184154	220.735	1.621	5399.12
0.0184199852640118	0.331019735184212	298.155	2.033	7589.97
0.0285399771680183	0.512639589888328	439.416	2.527	11810.9
0.042249966200027	0.758339393328485	652.828	3.427	16735.39
0.0631199495040404	1.13111909510472	938.78	4.592	26431.74
0.0934499252400598	1.66625866699307	1353.855	6.438	39316.37
0.14050988759209	2.4998380001296	1927.762	9.054	55775.41
0.213429829256137	3.77495698003442	2673.608	12.87	89294.49
0.317879745696203	5.57315554147557	3599.259	19.749	112723.6
0.471429622856302	8.14859348112521	4584.112	27.735	174034.78
0.716929426456459	12.1454902836078	5794.58	42.47	281676.9
1.06386914890468	17.5240659807472	6835.805	63.579	404222.45
1.60064871948102	25.1925998459201	8063.581	92.342	582070.99
2.39275808579353	35.3517917185666	9473.437	140.543	822833.68
3.5952071238343	48.2601213919029	11278.3	220.787	1136837.17
5.39477568417945	63.0804095356724	13223.902	350.917	1419847.59
8.08580353135718	78.0209375832499	15615.708	521.084	1865587.08
12.1491602806718	90.2621877902498	17457.308	822.803	2164756.72
18.2063654349077	97.3127821497743	18984.244	1291.464	2435368.64
27.3182581453935	99.6815802547358	20333.776	2037.161	2829025.13
37.3146001483199	99.980020015984	20990.93	2798.581	3267256.79
47.3133021493583	99.998740001008	21841.972	3520.998	3693960.85
57.3176941458447	100.0	22586.25	4343.058	4142688.49
67.3188461449231	100.0	23265.355	5002.16	4575154.17
77.3046581562735	100.0	24053.901	5836.4	4990435.58
87.3209001432799	100.0	25167.675	6600.723	5434353.3
97.3213321429343	100.0	25840.183	7430.39	5860353.03
