0.00111999910400072	0.0201599838720129	27.37	0.823	430.55
0.00208999832800134	0.0376199699040241	44.862	0.9	788.33
0.00295999763200189	0.0532799573760341	56.54	1.002	1314.94
0.00392999685600252	0.0707399434080453	76.377	1.018	1684.76
0.00576999538400369	0.103859916912066	106.102	1.15	2303.83
0.00852999317600546	0.153179877456098	147.009	1.299	3453.52
0.0133899892880086	0.241019807184154	218.623	1.674	5162
0.0189599848320121	0.340919727264218	302.767	2.014	7405.13
0.0269799784160173	0.48401961278431	425.996	2.556	11746.7
0.0425899659280273	0.763379389296489	652.035	3.51	18299.37
0.0643099485520412	1.15037907969674	953.923	4.619	26846.11
0.0945099243920605	1.68695865043308	1369.666	6.596	39308.73
0.141829886536091	2.52287798169761	1928.777	9.842	61231.71
0.211739830608136	3.7513769988984	2640.867	13.017	89472.31
0.314709748232201	5.50889559288353	3583.314	19.879	131490.92
0.475009619992304	8.20781343374925	4640.592	27.689	182184.31
0.713049429560456	12.0884303292557	5756.543	40.254	270287.82
1.06319914944068	17.5318059745552	6887.745	61.403	347918.83
1.59883872092902	25.1700998639201	8101.343	95.184	581859.56
2.39913808068954	35.4126316698947	9483.062	142.944	793430.22
3.5901471278823	48.3094413524469	11132.088	211.802	1075097.26
5.38878568897145	63.0958895232884	13567.973	348.347	1495989.22
8.08165353467717	78.073317541346	15605.718	522.545	1927869.7
12.1416102867118	90.2612877909698	17263.575	814.792	2164388.47
18.1952854437716	97.2938821648943	19354.855	1387.841	2434478.63
27.2909781672175	99.6765402587678	20333.269	1997.906	2833006.95
37.2896201683039	99.975160019872	21243.1	2806.35	3262012.52
47.3011821590543	99.998920000864	21977.822	3535.664	3678438.4
57.3048041561567	100.0	22730.574	4304.997	4108735.6
67.3149461480431	100.0	23023.49	4947.885	4546543.05
77.2934781652175	100.0	23239.693	5846.282	4992037.12
87.3021301582959	100.0	25246.985	6594.358	5409863.3
97.3192221446223	100.0	26294.346	7471.816	5861085.53
