0.00099999920000064	0.0179999856000115	24.728	0.778	414.47
0.00210999831200135	0.0379799696160243	42.525	0.941	864.71
0.00276999778400177	0.0496799602560318	53.613	0.911	1254.64
0.0039099968720025	0.070379943696045	72.113	0.933	1696.82
0.00613999508800393	0.110519911584071	107.286	1.154	2436.49
0.00899999280000576	0.161999870400104	151.051	1.413	3807.27
0.0133499893200085	0.239759808192153	216.632	1.532	5624.29
0.018789984968012	0.337319730144216	316.266	1.968	7276.49
0.0285599771520183	0.512639589888328	451.612	2.688	9885.46
0.0425699659440272	0.763559389152489	653.503	3.313	14809.97
0.0633299493360405	1.13309909352073	942.523	4.337	24876.24
0.0944999244000605	1.68533865172908	1336.573	5.898	34818.12
0.14058988752809	2.5010979991216	1928.781	8.526	53536.63
0.212389830088136	3.7537169970264	2664.963	14.204	85491.81
0.314679748256201	5.51915558467553	3557.26	17.882	127119.99
0.475519619584304	8.22239342208526	4624.351	25.987	188651.14
0.713119429504456	12.0776303378957	5752.076	37.712	290883.77
1.06082915133668	17.4621460302832	6823.051	56.555	354263.78
1.59906872074502	25.1637998689601	8064.761	87.691	580885.21
2.39322808541753	35.3112917509666	9579.942	134.724	824494.43
3.5964571228343	48.2554413956469	11140.437	197.421	1136505.82
5.39952568037946	63.1828294537364	13396.129	326.387	1503265.68
8.08527353178117	78.071517542786	15736.392	524.797	1894193.6
12.1428802856958	90.2346478122818	17699.666	815.762	2167214.77
18.2042254366197	97.3351021319183	19325.824	3881.488	2427945.29
27.3017581585935	99.6886002491198	21372.57	6214.376	2823810.97
37.2890501687599	99.977140018288	24058.011	8822.994	3265925.03
47.2984621612303	99.99910000072	26984.943	12193.431	3691731.17
57.2999941600047	100.0	29696.916	14955.475	4118120.09
67.2981661614671	100.0	32401.008	17850.265	4546928.87
77.2850481719615	100.0	35484.155	20754.49	4988199.97
87.3022401582079	100.0	37458.279	23708.718	5410538.47
97.3001321598943	100.0	40820.677	26754.057	5853365.44
