0.00106999914400068	0.0192599845920123	25.771	0.849	430.55
0.00198999840800127	0.0358199713440229	39.322	0.993	796.37
0.00301999758400193	0.0543599565120348	59.471	1.028	1117.96
0.00395999683200253	0.0712799429760456	69.505	1.114	1696.82
0.00598999520800383	0.107819913744069	102.03	1.231	2601.31
0.00925999259200593	0.166499866800107	154.074	1.509	3590.19
0.0129299896560083	0.232559813952149	207.785	1.588	5463.49
0.0184599852320118	0.332099734320213	289.538	2.02	8056.36
0.0289199768640185	0.519479584416332	446.418	2.679	11606.02
0.042229966216027	0.756899394480484	648.225	3.649	16614.97
0.0632299494160405	1.13093909524872	926.817	4.825	26287.32
0.09377992497606	1.67291866166507	1324.129	6.582	39360.97
0.139509888392089	2.48111801510559	1855.564	9.237	59080.77
0.208949832840134	3.69845704123437	2589.139	12.371	87285.05
0.315179747856202	5.52437558049954	3512.571	19.951	122439.48
0.476459618832305	8.23499341200527	4570.863	28.463	186419.1
0.714749428200457	12.1084103132717	5650.653	42.018	261253.32
1.06760914591268	17.5213659829072	6730.453	62.554	410455.89
1.60698871440903	25.2791797766562	7881.248	90.618	576303.36
2.39854808116154	35.3953516837187	9194.347	142.215	821355.17
3.5895171283863	48.1762414590068	11041.358	233.191	1119282.55
5.40015567987546	63.1687894649684	13017.204	345.079	1477530.91
8.08900352879718	78.156297474962	14958.33	549.073	1894705.06
12.1323402941278	90.2717277826178	17060.99	852.304	2162941.75
18.2019754384196	97.3216021427183	17922.501	1248.295	2428528.13
27.3046381562895	99.6828402537278	19703.43	2010.934	2829526.46
37.2905901675279	99.979120016704	20520.233	2792.61	3259341.47
47.2940421647663	99.999460000432	21191.144	3670.742	3698805.41
57.2830141735887	100.0	21985.306	4305.924	4136344.47
67.2958761632991	100.0	22963.461	5126.258	4546429.82
77.3136881490495	100.0	23633.811	5888.903	4979000
87.2982701613839	100.0	24432.601	6647.367	5414014.84
97.3210721431423	100.0	24521.801	6938.849	5861571.88
