0.00115999907200074	0.0208799832960134	26.121	0.803	438.59
0.00192999845600124	0.0347399722080222	38.318	0.846	715.96
0.00298999760800191	0.0538199569440344	54.338	0.899	1069.71
0.0040599967520026	0.0730799415360468	71.898	1.096	1628.46
0.00619999504000397	0.111239911008071	101.287	1.205	2203.31
0.00904999276000579	0.162899869680104	149.059	1.337	3606.24
0.0126899898480081	0.228419817264146	205.072	1.638	5230.28
0.018779984976012	0.337859729712216	296.285	1.961	7634.19
0.0282599773920181	0.507419594064325	437.817	2.688	11529.53
0.0419399664480268	0.752579397936482	644.017	3.619	17382.62
0.0633599493120405	1.13525909179273	942.406	4.862	29350.34
0.09369992504006	1.67201866238507	1313.617	6.268	34287.1
0.14090988727209	2.5050579959536	1862.245	8.874	59104.3
0.209209832632134	3.70367703705837	2604.358	12.992	89294.49
0.316489746808203	5.54543556365155	3461.277	19.106	123101.66
0.472129622296302	8.15813347349322	4534.897	28.511	178567.04
0.710829431336455	12.0500903599277	5574.496	40.954	273112.87
1.06084915132068	17.4529660376272	6568.626	69.933	414238.31
1.60110871911302	25.1981798414561	7754.895	93.477	521602.99
2.39319808544153	35.3499917200066	9192.121	160.313	811135.51
3.5920371263703	48.2205214235829	10822.673	219.297	1077361.6
5.41098567121146	63.2746293802965	12669.017	346.711	1452137.81
8.08906352874918	78.067197546242	14862.455	531.218	1891166.63
12.1230803015358	90.1873078501537	16616.746	843.82	2158328.43
18.2269954184037	97.3392421286063	18143.814	1317.528	2435515.36
27.3016181587055	99.6945402443678	19208.011	2004.586	2837478.82
37.3090101527919	99.97840001728	20118.994	2857.626	3259209.59
47.3235921411263	99.998380001296	20894.536	3536.489	3700787.49
57.3181441454847	100.0	21783.655	4401.464	4137551.56
67.3313261349391	100.0	22520.205	5139.209	4561307.79
77.3151181479055	100.0	23284.72	5874.338	5003510.31
87.3093501525199	100.0	24058.045	6684.743	5428826.51
97.3186521450783	100.0	24573.063	7321.389	5856407.04
