0.00112999909600072	0.020339983728013	26.406	0.713	418.49
0.00195999843200125	0.0352799717760226	39.73	0.804	740.08
0.00313999748800201	0.0565199547840362	58.451	1.02	1210.41
0.00440999647200282	0.0790199367840506	78.475	0.955	1849.56
0.00584999532000374	0.105299915760067	100.722	1.126	2303.81
0.00876999298400561	0.157859873712101	147.081	1.243	3574.08
0.0130899895280084	0.235259811792151	213.06	1.438	5274.5
0.018819984944012	0.337859729712216	301.187	1.787	7131.7
0.0283399773280181	0.509219592624326	442.222	2.363	11605.9
0.042159966272027	0.756539394768484	642.181	3.326	15730.4
0.0627399498080402	1.12355910115272	932.399	4.287	25418.69
0.0933799252960598	1.66895866483307	1338.529	5.891	33093.12
0.142369886104091	2.53115797507362	1905.214	8.541	56478.98
0.212059830352136	3.73895700883439	2629.554	11.953	75178.11
0.314219748624201	5.50655559475552	3462.194	17.498	126250.11
0.470299623760301	8.1273534981172	4542.004	26.767	186759.01
0.709139432688454	12.0248903800877	5695.469	38.924	262746.97
1.06337914929668	17.5161459870832	6742.841	53.816	391502.84
1.60560871551303	25.2746797802562	7995.961	84.851	568011.71
2.39142808685753	35.2792517765986	9376.099	130.227	746944.08
3.5930771255383	48.2077414338069	11025.089	195.025	1109308.3
5.39665568267545	63.2269294184565	13141.881	313.335	1423978.98
8.08867352906118	78.116697506642	15379.572	502.898	1904886.64
12.1479502816398	90.2553477957218	17458.808	796.333	2161263.56
18.1952654437876	97.2886621690703	18930.227	3783.003	2403453.22
27.2981681614655	99.6772602581918	21335.851	6374.464	2821041.05
37.3121101503119	99.976420018864	23581.958	8522.912	3267931.72
47.2984721612223	99.99910000072	25979.225	11603.85	3696439.15
57.2979841616127	100.0	29185.424	14586.02	4121855.86
67.3274261380591	100.0	32001.328	17606.703	4560913.48
77.3095681523455	100.0	34001.583	19774.18	5012471.65
87.3129001496799	100.0	37289.193	23611.566	5436244.52
97.3183621453103	100.0	40247.781	26547.437	5857568.66
