0.000929999256000595	0.0167399866080107	22.968	0.828	362.21
0.00211999830400136	0.0381599694720244	43.615	0.92	752.15
0.00282999773600181	0.0509399592480326	53.832	0.982	1065.7
0.0038999968800025	0.0701999438400449	72.055	1.047	1688.78
0.00586999530400376	0.105479915616068	103.232	1.116	2388.25
0.00878999296800563	0.158039873568101	149.557	1.402	3606.27
0.0131499894800084	0.236159811072151	216.52	1.638	4599.2
0.0192599845920123	0.346499722800222	312.984	2.043	7915.67
0.0277499778000178	0.498599601120319	448.426	2.447	12261.28
0.0419899664080269	0.753299397360482	646.908	3.132	18082.29
0.06256994994404	1.12175910259272	941.826	4.151	24554.64
0.0943399245280604	1.68515865187308	1373.223	6.393	38850.42
0.138649889080089	2.46635802691358	1903.4	8.181	53749.69
0.214079828736137	3.78809696952242	2654.908	12.349	87389.59
0.3129797496162	5.49143560685151	3548.483	18.494	133577.89
0.473769620984303	8.19719344224525	4654.517	27.398	190505.14
0.714099428720457	12.0974303220557	5755.106	39.508	275666
1.06371914902468	17.5120059903952	6898.99	60.355	408806.01
1.59721872222502	25.1673998660801	8135.837	91.418	573956.09
2.39594808324153	35.3508917192866	9650.543	132.068	774911.95
3.5932171254263	48.1985614411508	11437.965	211.242	1108484.45
5.38991568806745	63.0611495510804	13682.491	330.256	1500462.62
8.08794352964518	78.114717508226	15910.655	515.249	1901723.46
12.1242203006238	90.2566077947138	17880.489	761.971	2163910.56
18.2045654363477	97.3469821224143	19554.952	3852.886	2426473.33
27.2952181638255	99.6878802496958	21554.461	6111.799	2827132.08
37.2928401657279	99.977680017856	24162.106	8628.182	3265392.53
47.2916321666943	99.998740001008	26306.839	11541.686	3692871.6
57.2875241699807	100.0	29394.221	14425.508	4126527.8
67.2981161615071	100.0	32197.093	17301.92	4542618.13
77.2929781656175	100.0	35102.811	20297.767	4993857.06
87.3111301510959	100.0	37158.727	23207.663	5415947.86
97.3199021440783	100.0	38865.162	25003.679	5861236.43
