0.09806	1.4081388734889	135.608	17.566	34936.17
0.18168	2.08277833377733	192.672	24.937	61266.22
0.30246	2.9617176306259	262.563	35.676	95799.92
0.44596	3.50711719430624	320.223	42.474	139090.89
0.67533	4.08419673264261	372.831	52.458	274695.56
1.01397	4.54733636213091	395.479	61.256	361767.99
1.50853	4.92983605613115	430.451	73.912	440476.93
2.27979	5.91299526960378	532.971	91.985	561879.45
3.41282	7.06265434987652	658.732	122.262	649496.05
5.12384	8.76509298792561	845.548	158.644	705632.16
7.6803	11.3174909460072	1081.83	230.444	741055.6
11.34334	13.9102088718329	1385.794	304.342	721493.82
17.28399	20.9343432525254	2043	511.187	734566.39
25.92807	29.5696563442749	2801.084	674.56	753405.62
38.89298	42.5361259710992	4101.73	993.007	781593.55
58.33663	61.9725104219917	5950.651	1454.584	825384.3
78.34543	81.9942544045965	7483.233	1917.184	870025.71
98.10332	99.99010000792	9429.193	1916.915	912689.97
