0.000969999224000621	0.0174599860320112	9.337	0.742	48.66
0.00201999838400129	0.0363599709120233	15.101	0.813	93.16
0.003129997496002	0.0563399549280361	21.561	0.925	146.39
0.00400999679200257	0.0721799422560462	25.881	1.07	199.04
0.00580999535200372	0.104399916480067	35.871	1.025	290.88
0.00822999341600527	0.147779881776095	49.075	1.226	404.33
0.0122099902320078	0.21887982489614	66.575	1.398	563.47
0.0133599893120086	0.238859808912153	74.629	1.477	623.91
0.0252199798240161	0.452159638272289	128.649	2.233	1108.55
0.0403099677520258	0.717299426160459	193.726	2.922	1978.82
0.0549899560080352	0.975959219232625	240.596	3.912	2480.42
0.0902199278240577	1.58525873179301	359.422	5.903	4403.83
0.13999988800009	2.43971804822556	503.734	8.858	5886.78
0.192699845840123	3.30317735745811	572.757	10.668	9433.36
0.315089747928202	5.25977579217937	813.845	19.082	13903.77
0.464619628304297	7.47179402256478	951.393	26.268	23338.96
0.591599526720379	8.31185335051732	727.703	35.545	26794.13
0.677099458320433	10.2839317728546	1086.31	39.568	31864.75
1.35557891553687	16.5887867289706	1295.511	81.217	55334.62
1.59568872344902	16.6107467114026	1209.569	85.116	67779.83
3.16746746602603	26.4363988508809	1853.745	174.012	117854.61
5.39211568630745	37.6644298684561	2784.646	305.871	183344.88
5.81421534862772	27.3630381095695	1946.647	326.664	192321.91
11.9179804656156	44.8788240969407	3406.445	662.535	304033.21
18.2051254358997	54.5473363621309	4612.805	1031.139	376770.37
26.593998724801	56.202435038052	5015.159	1444.156	478546.62
37.3018501585199	73.5159011872791	7187.592	2179.365	610388.16
47.1878722497022	81.8050745559404	8224.771	2702.558	729091.91
54.9418560465152	79.3757964993628	8610.199	3095.028	817252.48
66.6932266454187	96.1530430775655	10575.365	6059.253	967886.35
75.7990993607205	99.2463406029275	11707.917	11298.821	1072696.4
83.4169532664374	99.8623001101599	12520.623	12376.723	1169026.74
90.563427549258	100.0	12953.531	12402.348	1251951.31
