0.00106999914400068	0.0192599845920123	22.51	0.825	49.97
0.00206999834400132	0.0372599701920238	37.976	0.89	96.48
0.00278999776800179	0.0502199598240321	49.447	0.937	147.64
0.00316999746400203	0.0570599543520365	54.701	1.041	143.89
0.00566999546400363	0.101339918928065	90.948	1.197	275.77
0.00646999482400414	0.115919907264074	104.973	1.166	331.16
0.00986999210400632	0.176759858592113	151.893	1.431	453.4
0.0134899892080086	0.240479807616154	202.567	1.698	658.29
0.028119977504018	0.503459597232322	402.345	2.406	1240.47
0.0415099667920266	0.740159407872474	562.383	3.148	1890.1
0.0622299502160398	1.10465911627271	792.797	4.49	2829.92
0.0664799468160426	1.16243907004874	744.572	4.59	3397.46
0.14072988741609	2.44781804174557	1449.468	9.002	7294.68
0.212339830128136	3.63041709566632	1824.732	12.764	10852.75
0.3120897503282	5.18903584877132	2226.22	17.286	13917.67
0.423509661192271	6.74477460418032	2234.15	22.89	18158.52
0.580819535344372	8.73377301298159	2370.965	31.921	23307.35
0.730869415304468	10.1102319118145	2348.874	41.133	34179.11
0.962839229728616	11.9357904513676	2490.355	53.879	43583.73
2.36955810435352	25.7964993628005	5396.575	126.456	90790.02
3.16212747029802	26.3714189028649	4795.289	171.408	117474.52
3.41874726500219	22.3050421559663	3935.696	182.794	131948.96
8.07527353978117	42.6666258666993	8328.423	474.853	245739.98
10.8071213543029	37.0623303501357	6692.936	619.489	287883.13
17.5069059944752	47.1396222883022	8695.761	1011.353	369579.69
26.6555586755531	56.6230947015242	10676.379	1575.251	479154.26
34.2898225681419	57.6696138643089	10918.065	1968.234	567223.79
47.2907221674223	83.0681335454932	16327.666	2861.853	734813.08
57.2021842382526	91.7018266385387	17879.019	4169.36	853436.56
65.7606873914501	91.7911065671148	17790.746	4492.056	950505.97
75.1170199063841	98.0347615721907	18638.522	7343.063	1070098.7
83.1049335160532	99.7822001742399	19512.04	10994.446	1161832.07
90.595307523754	100.0	20201.97	13282.118	1252862.47
