0.00105999915200068	0.0190799847360122	10.029	0.896	40.69
0.0018799984960012	0.0338399729280217	14.437	0.926	96.48
0.00271999782400174	0.0489599608320313	22.434	1.057	140.91
0.00413999668800265	0.0745199403840477	27.106	1.014	216.65
0.00574999540000368	0.103499917200066	35.612	1.132	289.22
0.00739999408000474	0.133019893584085	43.3	1.285	317.29
0.0115799907360074	0.208079833536133	67.032	1.54	524.26
0.0189699848240121	0.340199727840218	104.005	2.035	903.66
0.0264499788400169	0.472139622288302	138.24	2.402	1322.26
0.0418199665440268	0.744479404416476	207.83	3.381	1787.75
0.0618699505040396	1.0990791207367	305.666	4.613	3228.97
0.0930499255600595	1.63889868888105	390.908	6.139	4444.97
0.139809888152089	2.43593805124956	519.248	9.372	6669.41
0.195979843216125	3.34889732088214	584.056	12.07	9450.59
0.296009763192189	4.92011606390715	725.235	17.148	13729.5
0.39040968767225	6.21431502854798	744.728	23.259	15644.77
0.676989458408433	10.2821317742946	1073.037	40.11	31866.85
1.06148915080868	15.0094679924256	1449.049	62.819	44773.21
1.568768744985	19.7805441755647	1638.236	95.948	71756.3
1.63694869044105	17.0108863912909	1272.903	91.493	70789.88
3.57856713714629	31.9384544492364	2726.097	214.063	130984.25
5.35392571685943	37.0135503891597	3935.044	316.924	184181.21
8.08239353408517	42.7064058348753	5659.492	487.163	248063.05
12.0337803729757	46.5850427319658	7068.727	756.679	304068.19
18.1857854513716	54.2490766007387	9494.108	1103.355	375887.56
27.3133081493535	63.7149090280728	12596.917	1638.717	489380.9
36.9043604765116	68.693885044892	15167.389	2246.425	599957.46
47.2149022280782	82.2491342006926	18983.089	2870.756	730746.86
57.1638742689006	91.2111470310824	21960.871	3427.085	851165.55
66.8659465072428	97.3154821476143	24131.874	4030.391	970296.93
74.960930031256	97.7568417945266	26236.489	4439.103	1064204.6
83.4460132431894	99.8686001051199	26134.168	5055.561	1169370.58
90.566867546506	99.999820000144	28007.059	5487.785	1252509.72
