0.000669999464000429	0.0120599903520077	14.543	0.801	42.13
0.00214999828000138	0.0386999690400248	39.14	0.924	98.06
0.00284999772000182	0.0512999589600328	50.694	0.982	145.65
0.00351999718400225	0.0631799494560404	58.734	0.988	156.99
0.00575999539200369	0.103499917200066	95.157	1.172	259.91
0.00679999456000435	0.122219902224078	109.71	1.216	333.17
0.012549989960008	0.224999820000144	194.149	1.624	640.4
0.0191599846720123	0.34379972496022	304.456	2.04	879.95
0.0267999785600172	0.478079617536306	385.066	2.511	1213.13
0.0388699689040249	0.693359445312444	537.042	3.13	1847.62
0.0603799516960386	1.07063914348869	763.124	4.403	2658.4
0.0940899247280602	1.65185867851306	1091.743	6.842	4659.19
0.0986999210400632	1.7170186263851	957.785	7.223	4819.91
0.176579858736113	2.99951760038592	1454.342	11.249	7972.13
0.314079748736201	5.23511581190735	2256.618	19.169	14055.61
0.466269626984298	7.46711402630878	2671.702	27.623	21025.55
0.710779431376455	10.8451713238629	3318.406	38.94	31467.75
0.85997931201655	11.8603705117036	2820.048	46.99	42066.03
1.05495915603268	12.9589096328723	2757.82	58.438	42451.63
2.22595821923342	18.8936848850521	3509.771	124.184	85283.79
2.39468808424953	26.0495791603367	5752.928	138.627	97048.79
5.37928569657144	37.4237700609839	7587.874	312.607	187773.39
7.6548338761329	37.3242301406159	7302.602	481.075	243144.27
12.1231203015038	47.8713217029426	9912.34	730.795	308856.91
18.2032454374036	54.4809164152669	11355.924	1100.365	377248.12
26.9035284771772	58.7393530085176	11722.846	1551.401	484595.01
36.9198404641276	68.788564969148	13893.712	2121.918	602429.76
47.2899621680303	83.2524533980373	17545.744	2800.917	724954.54
57.0466143627085	89.9601480318816	18688.723	3304.855	846602.16
66.3835868931305	94.4281044575164	19998.105	4032.893	963841.93
73.494351204519	95.1589038728769	20376.351	4350.69	1053380.5
83.8655529075577	99.956980034416	20714.722	4909.118	1172769.81
90.588267529386	100.0	21733.916	5503.068	1256314.31
