0.00107	0.0192599845920123	1699.142	500.79	705556
0.00208	0.037439970048024	1744.216	494.892	705556
0.00304	0.0545399563680349	1688.063	499.864	705556
0.00432	0.0768599385120492	1700.685	482.471	705556
0.00619	0.10961991230407	1708.153	494.797	705556
0.00882	0.1555198755841	1736.389	497.909	705556
0.01275	0.223739821008143	1723.017	503.715	705556
0.01931	0.331199735040212	1670.54	500.197	705556
0.02704	0.457199634240293	1696.455	512.545	705556
0.04236	0.68741945006444	1722.3	508.781	705556
0.06344	0.98423921260863	1705.137	493.123	705556
0.08817	1.27799897760082	1698.243	509.336	705556
0.14218	1.8710985031212	1721.974	520.642	705556
0.21106	2.42693805844955	1693.88	495.993	705556
0.31595	3.01157759073793	1699.672	499.581	705556
0.47555	3.60971711222631	1693.672	506.567	705556
0.71048	4.12055670355464	1700.887	499.945	705556
1.06343	4.63157629473896	1690.286	510.872	705556
1.60299	5.21423582861134	1693.352	496.13	705556
2.39676	6.04295516563587	1709.542	517.176	705556
3.59819	7.24571420342864	1701.559	508.89	705556
5.39156	9.01169279064577	1706.479	516.669	705556
8.09358	11.7480506015595	1694.041	497.457	705556
12.03581	14.8219081424735	1708.718	516.305	705556
18.21018	21.851622518702	1733.058	521.387	705556
27.30852	30.9423352461318	1722.249	522.428	705556
37.30983	40.9625672299462	1712.321	531.184	705556
47.3085	50.9487792409766	1759.132	540.552	705556
57.30721	60.942911245671	1747.901	546.77	705556
67.30848	70.9521632382694	1736.683	543.912	705556
77.30882	80.8679953056038	1769.179	571.646	705556
87.31008	90.9481672414662	1765.836	596.333	705556
96.97963	99.2632605893915	1762.678	694.685	705556
