0.00106	0.0190799847360122	1076.158	729.384	705556
0.00196	0.0349199720640224	1087.639	713.139	705556
0.00303	0.0539999568000346	1061.375	719.47	705556
0.00396	0.0701999438400449	1081.684	716.293	705556
0.00587	0.103859916912066	1092.941	709.83	705556
0.00907	0.160559871552103	1069.325	691.328	705556
0.01316	0.225539819568144	1091.481	741.994	705556
0.01823	0.3117597505922	1081.361	724.798	705556
0.02749	0.461519630784295	1071.598	730.276	705556
0.04133	0.676439458848433	1073.807	705.198	705556
0.06194	0.975239219808624	1081.397	733.491	705556
0.09415	1.36331890934487	1064.953	717.009	705556
0.13974	1.83959852832118	1082.986	726.224	705556
0.21183	2.43647805081756	1096.516	732.107	705556
0.31585	3.01319758944193	1071.697	728.203	705556
0.47338	3.6008971192823	1080.389	706.101	705556
0.71155	4.12109670312264	1085.556	716.606	705556
1.06258	4.64597628321897	1094.01	708.733	705556
1.5983	5.23529581176335	1095.61	721.944	705556
2.39423	6.04475516419587	1073.326	701.715	705556
3.59694	7.22753421797263	1103.387	739.559	705556
5.39274	9.03689277048578	1076.443	735.728	705556
8.09402	11.7332906133675	1088.707	733.921	705556
12.13922	15.7917473666021	1096.826	733.923	705556
18.20801	21.859002512798	1107.639	726.123	705556
27.30786	30.9610552311558	1091.909	719.246	705556
37.31006	40.9596872322502	1088.881	727.867	705556
47.30987	50.9482392414086	1119.857	759.638	705556
57.30768	60.957671233863	1129.356	762.139	705556
67.31003	70.9404632476294	1130.13	780.021	705556
77.30978	80.9659152272678	1151.59	766.943	705556
87.3121	90.9541072367142	1143.661	774.333	705556
97.05244	99.4054604756316	1157.084	775.615	705556
