0.00102999917600066	0.0185399851680119	1689.92	495.333	705556.12
0.0020299983760013	0.0365399707680234	1707.413	510.864	705556.12
0.00294999764000189	0.0525599579520336	1686.97	505.182	705556.12
0.0038999968800025	0.0700199439840448	1694.843	509.922	705556.12
0.00641999486400411	0.114299908560073	1682.964	498.172	705556.12
0.00942999245600603	0.166139867088106	1698.466	499.517	705556.12
0.0130099895920083	0.226439818848145	1704.18	522.083	705556.12
0.0197099842320126	0.339299728560217	1681.819	511.631	705556.12
0.028189977448018	0.473399621280303	1737.93	539.816	705556.12
0.0420299663760269	0.684179452656438	1683.022	500.918	705556.12
0.0632099494320405	0.976319218944625	1685.909	505.986	705556.12
0.0952099238320609	1.37429890056088	1679.249	498.794	705556.12
0.14095988723209	1.85795851363319	1703.789	502.752	705556.12
0.212399830080136	2.44745804203357	1681.871	508.943	705556.12
0.315639747488202	3.01625758699393	1693.941	505.358	705556.12
0.473769620984303	3.6014371188503	1682.608	510.95	705556.12
0.713939428848457	4.12055670355464	1684.736	504.234	705556.12
1.06611914710468	4.64651628278697	1672.29	514.468	705556.12
1.59838872128902	5.22521581982734	1682.258	514.238	705556.12
2.39816808146553	6.04295516563587	1703.667	510.881	705556.12
3.5952871237703	7.24805420155664	1698.876	521.42	705556.12
5.39892568085946	9.02375278099777	1688.839	504.145	705556.12
8.08921352862918	11.7309506152395	1696.164	511.468	705556.12
12.1344802924158	15.7706873834501	1696.974	520.423	705556.12
18.2062054350357	21.878802496958	1676.455	523.332	705556.12
27.3068481545215	30.9567352346118	1715.935	523.351	705556.12
37.3125801499359	40.9578872336902	1728.297	526.097	705556.12
47.3106921514463	50.9557992353606	1716.445	524.76	705556.12
57.3097541521967	60.952991237607	1733.319	536.568	705556.12
67.3138061489551	70.9518032385574	1711.785	556.032	705556.12
77.3079381536495	80.9626752298598	1706.043	559.278	705556.12
87.3101001519199	90.9713872228902	1720.174	554.837	705556.12
97.1951622438702	99.7834601732319	1732.796	560.54	705556.12
