0.000969999224000621	0.0174599860320112	989.315	513.792	705556.12
0.0021799982560014	0.039059968752025	979.767	513.124	705556.12
0.00292999765600188	0.0521999582400334	989.167	531.014	705556.12
0.00306999754400196	0.0552599557920354	983.453	504.02	705556.12
0.00547999561600351	0.0964799228160617	982.417	504.776	705556.12
0.00888999288800569	0.1562398750081	978.511	499.387	705556.12
0.0128699897040082	0.224639820288144	988.708	507.21	705556.12
0.0196999842400126	0.336599730720215	992.825	509.997	705556.12
0.0280199775840179	0.472139622288302	988.668	507.16	705556.12
0.0427499658000274	0.698399441280447	996.705	506.844	705556.12
0.0642299486160411	0.995579203536637	995.871	506.213	705556.12
0.0932599253920597	1.34801892158486	1001.049	522.034	705556.12
0.142129886296091	1.8723585021132	965.86	521.434	705556.12
0.211879830496136	2.42207806233755	984.059	502.582	705556.12
0.314869748104202	3.01499758800193	991.139	497.073	705556.12
0.473999620800303	3.5962171230263	962.86	507.67	705556.12
0.713549429160457	4.11029671176263	978.023	502.848	705556.12
1.06530914775268	4.62527629977896	984.214	510.868	705556.12
1.59712872229702	5.22989581608335	982.23	508.143	705556.12
2.39325808539353	6.03269517384386	977.699	502.493	705556.12
3.5941171247063	7.16021427182858	977.312	539.55	705556.12
5.39752568197945	9.04823276141379	988.353	508.03	705556.12
8.06604354716516	11.3965108827913	991.823	526.276	705556.12
12.1402602877918	15.7870673703461	981.169	528.483	705556.12
18.2061354350917	21.838842528926	999.562	520.354	705556.12
27.3107581513935	30.9693352245318	989.361	507.192	705556.12
37.3109901512079	40.9346672522662	1001.376	536.842	705556.12
47.3114721508223	50.9395992483206	992.624	515.934	705556.12
57.3129041496767	60.957131234295	994.45	552.153	705556.12
67.3079761536191	70.9372232502214	1010.942	549.654	705556.12
77.2802281758175	80.5717155426276	1009.92	560.38	705556.12
87.3129601496319	90.9584272332582	1023.693	578.362	705556.12
97.2128322297342	99.8758000993599	1028.359	578.952	705556.12
