0.00092	0.0165599867520106	1659.833	479.108	705556
0.00207	0.0372599701920238	1714.488	508.526	705556
0.00284	0.0507599593920325	1674.726	503.096	705556
0.00397	0.0712799429760456	1683.874	506.328	705556
0.00593	0.104759916192067	1686.861	500.109	705556
0.00925	0.164159868672105	1660.717	492.29	705556
0.01264	0.221579822736142	1674.472	496.406	705556
0.01973	0.338939728848217	1660.729	501.15	705556
0.02811	0.470699623440301	1698.024	498.231	705556
0.04063	0.667079466336427	1670.429	490.384	705556
0.06409	0.988559209152633	1668.194	494.801	705556
0.07927	1.12553909956872	1650.611	513.037	705556
0.14132	1.86101851118519	1679.839	488.626	705556
0.21131	2.42477806017755	1686.475	495.883	705556
0.3152	3.02993757604994	1659.717	506.6	705556
0.4749	3.5954971236023	1693.824	488.36	705556
0.71331	4.12685669851464	1674.25	497.506	705556
1.06405	4.62833629733096	1675.681	496.311	705556
1.59686	5.22395582083534	1671.894	510.514	705556
2.39395	6.03161517470786	1733.716	502.493	705556
3.59538	7.22609421912462	1683.853	511.943	705556
5.39246	9.03041277566978	1656.144	497.643	705556
8.09561	11.7338306129355	1643.769	507.599	705556
12.13613	15.7782473774021	1653.275	504.896	705556
18.20318	21.836322530942	1679.572	534.45	705556
27.31112	30.9396352482918	1669.554	518.38	705556
37.30747	40.9571672342662	1671.44	521.785	705556
47.30745	50.9478792416966	1657.507	521.759	705556
57.29387	60.7373514101189	1672.356	548.353	705556
67.31152	70.9611632310694	1662.781	543.233	705556
77.31126	80.9430552455558	1675.537	558.41	705556
87.30022	90.698867440906	1668.367	543.289	705556
97.22108	99.9076600738719	1648.221	564.026	705556
