0.000970013580190123	0.0174599860320112	6.538	1.067	414.45
0.00210002940041161	0.0377999697600242	12.957	1.346	744.08
0.00295004130057821	0.053099957520034	18.019	1.609	1194.3
0.00404005656079185	0.0727199418240465	24.901	1.795	1519.88
0.00571007994111918	0.102779917776066	34.841	2.052	2380.12
0.00949013286186007	0.170279863776109	60.181	2.875	3996.05
0.0129601814425402	0.233099813520149	82.553	3.436	5081.4
0.019010266143726	0.341459726832219	108.53	3.995	7758.59
0.0284803987255822	0.510659591472327	164.425	5.153	10701.1
0.0419705875882262	0.752759397792482	244.997	6.513	16357.03
0.061800865212113	1.10699911440071	359.917	8.301	25482.3
0.0945513237185321	1.68947864841708	541.29	11.513	38310.19
0.142071989007846	2.52683797852962	788.186	15.715	58772.93
0.207592906300688	3.66911706470635	1116.485	21.457	84209.97
0.31913446788255	5.59655552275558	1711.551	33.417	128148.41
0.473156624192739	8.18873344901324	2613.209	47.351	168259.18
0.710799951199317	12.0443303645357	3630.833	68.179	288913.48
1.0657949211289	17.5300059759952	5471.249	106.351	389053.32
1.59469232569256	25.1445398843681	7815.24	161.675	580806.31
2.39855357975012	35.3921116863106	10839.781	224.695	794402.73
3.59755036570512	48.2478814016949	14841.396	342.523	1119727.53
5.39219549073687	63.1227095018324	18066.017	498.916	1464449.18
8.09020326284568	78.10463751629	20414.632	749.119	1899174.52
12.1476300668209	90.2832477734018	21642.727	1102.051	2164017.24
18.2064748906485	97.3352821317743	22390.646	1696.314	2429569.97
27.2974321640503	99.6842802525758	23337.122	2479.998	2818227.36
37.2943621210697	99.975520019584	24232.626	3368.989	3257132.26
47.2996021944307	99.999280000576	25246.366	4261.094	3700452.51
57.3085823201525	99.999820000144	26141.708	5157.447	4119271.9
67.3158024212339	100.0	26623.871	6064.45	4555442.68
77.2978221695104	100.0	27864.387	6845.096	4992779.16
87.3210224943149	100.0	28963.382	7755.346	5422228.25
97.3124023736332	100.0	29730.686	8591.653	5852176.27
