0.00106001484020776	0.0190799847360122	7.377	1.084	422.51
0.00196002744038417	0.0352799717760226	11.937	1.243	800.38
0.00276003864054097	0.0496799602560318	20.625	1.442	1298.85
0.00419005866082125	0.0754199396640483	23.64	1.811	1576.21
0.00622008708121914	0.111959910432072	34.486	2.103	2528.93
0.00922012908180714	0.165779867376106	50.987	2.707	3489.67
0.0130701829825618	0.235259811792151	74.672	3.267	5471.5
0.0185402595636339	0.333179733456213	101.804	4.075	7405.09
0.0279503913054783	0.502559597952322	153.929	5.119	11746.63
0.041540581568142	0.745019403984477	238.71	6.879	15782.72
0.063050882712358	1.12967909625672	342.496	9.139	24743.45
0.0962513475188653	1.7175586259531	538.465	11.291	37603.9
0.14209198928785	2.52701797838562	774.202	15.934	53725.27
0.210852951941327	3.72599701920238	1157.172	21.879	77884.29
0.316414429802017	5.54615556307555	1710.024	32.758	127344.39
0.476966677533485	8.24777340178128	2647.763	47.557	176665.6
0.714370001180016	12.1120103103918	3789.838	68.699	255226.21
1.06513491188877	17.5064259948592	5274.116	100.971	380201.67
1.59685235593298	25.1445398843681	7594.39	154.753	570614.98
2.39686355608979	35.3687117050306	10732.432	222.999	792941.89
3.61311058354817	48.422481262015	14420.754	335.198	1096893.54
5.41132575856062	63.2631093895125	18380.137	521.625	1489416.11
8.11858366017124	78.204897436082	20236.477	742.142	1915665.23
12.1383799373191	90.2949477640418	21445.693	1111.253	2154802.27
18.2135249893498	97.3295221363823	22471.414	1673.125	2418382.92
27.3260225643159	99.6727602617918	23108.445	2485.35	2816645.17
37.3328026592372	99.975880019296	23932.901	3393.204	3253905.5
47.3373727232181	99.99910000072	25185.17	4254.51	3688234.48
57.321372499215	99.999640000288	26145.431	5092.246	4113518.66
67.321382499355	100.0	26739.196	6035.706	4558041.83
77.3352726938177	100.0	27763.036	6957.261	4979375.77
87.3138323936535	100.0	28775.76	7890.858	5418741.03
97.3091123275726	100.0	29694.074	8683.421	5854936.28
