0.000790011060154842	0.0142199886240091	5.735	1.076	418.47
0.00186002604036457	0.0334799732160214	11.759	1.335	820.45
0.00297004158058213	0.0534599572320342	17.279	1.591	1238.51
0.00407005698079773	0.0732599413920469	23.374	1.834	1483.7
0.00601008414117798	0.107999913600069	42.015	2.301	2303.74
0.00865012110169542	0.1556998754401	50.305	2.734	3678.49
0.0131601842425794	0.236699810640151	73.02	3.377	5037.18
0.0190902672637417	0.34343972524822	108.488	4.168	7722.41
0.0279803917254842	0.501839598528321	167.104	5.046	11802.52
0.0427405983683772	0.766799386560491	252.031	6.861	17128.88
0.0622608716522031	1.11509910792071	342.915	8.589	27464.16
0.0946113245585438	1.68947864841708	517.026	11.957	37538.35
0.141331978647701	2.51513798788961	790.023	15.758	58982
0.210892952501335	3.73211701430639	1130.645	21.647	78448.6
0.318084453182345	5.58503553197157	1699.242	31.568	121706.91
0.471816605432476	8.17163346269323	2490.358	47.687	198725.9
0.713409987739828	12.1096703122638	3752.595	69.904	272111.54
1.06646493050903	17.5559259552592	5407.216	101.971	400315.84
1.59622234711286	25.1637998689601	7672.986	153.025	557995.27
2.39901358619021	35.4592516325987	10998.006	235.401	818623.51
3.59701035814501	48.3125013499989	14688.604	325.747	1124997.49
5.40219563073883	63.1417894865684	18164.912	479.142	1479463.62
8.09377331282638	78.188517449186	20511.387	712.174	1928551.07
12.1424899948599	90.2949477640418	21656.311	1021.902	2162981.57
18.2037448524279	97.3360021311983	22158.038	1473.06	2430433.83
27.321362499075	99.6792402566078	23181.121	2171.796	2834421.59
37.3184124577744	99.97930001656	24027.481	2897.959	3261895.85
47.3166024324341	99.998560001152	24762.907	3678.213	3689495.62
57.2991921886906	100.0	25409.828	4481.654	4127456.87
67.2926620972694	100.0	26281.868	5225.712	4566940.49
77.3176024464343	100.0	27257.267	5968.026	4985080.49
87.3172024408342	100.0	28429.778	6674.076	5421813.25
97.3075323054523	100.0	28702.32	7445.288	5851417.42
