0.001000014000196	0.0179999856000115	9.157	1.1	426.51
0.00207002898040573	0.0372599701920238	16.548	1.393	820.45
0.00278003892054489	0.050039959968032	22.991	1.459	1266.65
0.00349004886068405	0.0628199497440402	35.261	1.627	1572.14
0.00592008288116034	0.106559914752068	47.396	2.086	2122.85
0.00917012838179735	0.164699868240105	69.416	2.732	3521.72
0.01301018214255	0.23417981265615	104.252	3.228	5037.18
0.0194002716038025	0.348659721072223	162.142	4.061	8377.63
0.0284303980255724	0.510299591760327	214.8	4.84	11802.52
0.0406505691079675	0.729359416512467	305.3	6.207	17675.57
0.0628908804723266	1.12571909942472	491.399	8.055	25518.48
0.0938613140583968	1.67741865806507	721.683	10.238	35295.15
0.139621954707366	2.48291801366559	1080.198	14.325	60095.6
0.2107129499813	3.73247701401839	1637.621	20.44	84608.01
0.31520441286178	5.51825558539553	2385.163	28.989	125711.75
0.474046636652913	8.20457343634125	3618.249	43.011	168259.18
0.713739992359893	12.0756503394797	5273.435	65.184	280433.97
1.06517491244877	17.5397259682192	7667.642	92.962	373594.57
1.59859238029332	25.1965598427521	11018.102	139.875	582875.71
2.40506367089139	35.4965116027907	15456.699	204.25	769765.27
3.59987039818557	48.3378813296949	20580.572	300.703	1082123.74
5.3995055930783	63.1547494762004	25929.656	446.671	1469503.69
8.086713213985	78.057117554306	29945.943	655.917	1903302.66
12.1432000048001	90.3021477582818	32969.514	970.104	2163727.82
18.2030248423478	97.3774020980783	34445.567	1441.197	2433712.84
27.3030822431514	99.6941802446558	35590.881	2142.636	2832928.71
37.3120423685932	99.976420018864	36436.643	2855.434	3268558.92
47.3053022742318	99.999280000576	39101.389	3633.028	3699634.96
57.2973421627903	100.0	38001.254	4326.033	4124446.19
67.3077723088123	100.0	39087.606	5092.045	4547706.24
77.301042214591	100.0	39455.243	5960.838	4996754.35
87.3192024688346	100.0	40764.45	6722.436	5415355.67
97.311432360053	100.0	41098.108	7434.914	5852151.25
