0.000980013720192083	0.0176399858880113	3.306	0.923	430.53
0.00192002688037633	0.0345599723520221	5.146	1.006	852.61
0.00316004424061937	0.0568799544960364	7.509	1.169	1230.47
0.00424005936083105	0.0763199389440488	9.541	1.204	1821.36
0.00642008988125834	0.115559907552074	12.859	1.3	2347.96
0.00899012586176206	0.161459870832103	17.591	1.445	3750.85
0.0127101779424912	0.228599817120146	24.978	1.772	5587.89
0.0189902658637221	0.341639726688219	36.286	2.168	7762.61
0.0284703985855802	0.510659591472327	59.865	2.854	11436.74
0.0418505859082027	0.751319398944481	79.16	3.897	14765.17
0.06454090357265	1.15613907508874	131.635	5.698	24802.93
0.0934313080383125	1.66877866497707	175.577	7.978	38209.7
0.139771956807395	2.48471801222559	262.915	11.71	56975.88
0.211102955441376	3.73193701445039	385.064	17.157	81041.81
0.317164440302164	5.56667554665956	579.743	25.78	138844.23
0.478136693913715	8.2781933774453	860.703	39.836	205112.3
0.710949953299346	12.0540503567597	1257.953	57.42	284078.34
1.07007498104973	17.5867059306353	1816.054	86.148	381263.51
1.58919224869148	25.077039938368	2617.323	128.661	574324.35
2.40302364233099	35.4099316720547	3727.108	190.846	773350.95
3.5964403501649	48.2691213847029	5064.581	286.319	1088260.12
5.38844543823614	63.1138895088884	6349.526	431.457	1484672.35
8.09139327950591	78.195177443858	7627.501	633	1921193.83
12.1500101001414	90.3282477374018	9716.86	946.776	2161732.04
18.2049248689482	97.3518421185263	11537.168	4317.575	2437222.63
27.3121823705532	99.6761802590558	14159.632	7035.706	2817925.37
37.3134523883334	99.977140018288	17000.748	9784.497	3256071.45
47.2942221191097	99.99910000072	19738.409	13264.038	3683218.38
57.3134023876334	100.0	22777.193	16223.853	4134744.75
67.3134823887534	100.0	25866.746	19224.543	4555484.56
77.3182824559544	100.0	28792.545	22425.685	4985239.83
87.3157424203939	100.0	32137.816	25912.587	5422735.63
97.3115523617331	100.0	35222.091	29071.174	5852415.4
