0.00173999860800111	0.03131997494402	21.672	0.641	312.7
0.00195999843200125	0.0352799717760226	24.99	0.532	413.92
0.00302999757600194	0.0545399563680349	37.589	0.649	613.05
0.0115899907280074	0.208439833248133	138.008	1.157	1967.67
0.0166399866880107	0.298979760816191	203.283	2.496	2894.38
0.021809982552014	0.39077968737625	261.186	2.949	3363.06
0.0333899732880214	0.598499521200383	406.131	3.047	5791.64
0.0626399498880401	1.11617910705671	743.912	5.516	10366.18
0.389149688680249	6.53669477064418	4304.002	25.361	63372.71
1.49696880242496	21.2889429688456	13942.606	89.211	231057.42
6.51683478653217	57.3778340977327	27977.811	352.485	726548.51
14.8215781427375	74.4042004766396	32888.76	769.8	1015880.68
25.3123097501522	93.3585453131637	39350.823	1358.338	1245308.9
34.6532222774222	97.8650217079826	40368.563	1868.475	1460401.75
41.9792564165949	97.2942421646063	40598.013	2227.568	1634237.31
48.2170814263349	97.2985621611503	40869.636	2550	1780101.58
66.6165467067626	99.996580002736	42017.53	3529.44	2193347.75
72.9685416251667	99.999640000288	42421.494	3809.955	2341794.61
78.6422270862183	100.0	43032.012	4146.283	2470236.88
