0.000589999528000378	0.0106199915040068	8.595	0.576	99.73
0.00142999885600092	0.0257399794080165	18.976	0.657	228.06
0.0023499981200015	0.0422999661600271	30.099	0.604	460.92
0.00338999728800217	0.0608399513280389	42.929	0.468	608.07
0.00486999610400312	0.0876599298720561	60.405	0.916	842.21
0.00575999539200369	0.103499917200066	71.68	0.795	1029.73
0.00759999392000486	0.136619890704087	94.742	0.589	1202.34
0.0129199896640083	0.232199814240149	157.787	0.783	2190.58
0.0241899806480155	0.433799652960278	297.26	1.291	4122.74
0.0323099741520207	0.576899538480369	391.918	2.014	5637.84
0.0448099641520287	0.800819359344513	549.39	3.502	8529.54
0.0529599576320339	0.944999244000605	636.333	4.151	8622.49
0.0863499309200553	1.53251877398498	1040.631	6.087	15923.38
0.170649863480109	3.00545759563392	1990.645	11.043	28968.12
0.243789804968156	4.25051659958672	2833.786	13.608	40852.2
0.424869660104272	7.28891416886866	4867.387	27.194	67180.29
0.629129496696403	10.5474515620388	7059.238	36.797	100842.03
0.848249321400543	13.6726090619128	9141.53	47.052	133416.67
1.31182895053684	18.8461649230681	12497.443	67.886	192199.48
1.43132885493692	21.923802460958	14709.329	76.982	211882.43
2.93646765082588	37.1480102815918	23382.606	150.951	407221.49
3.93568685145052	42.8081057535154	23646.084	200.049	518646.36
6.14926508058794	54.2307166154267	26931.851	295.972	701235.87
8.1325334939732	56.280014975988	26368.282	380.182	838787.36
13.1781594574724	67.0339263728589	30557.625	614.949	978861.27
25.03189997448	92.0648863480909	39542.316	1235.11	1239118.65
34.5005823995341	97.4168220665424	40715.133	2014.876	1459260.32
43.5570551543559	99.4720604223517	40857.328	2602.896	1663359.07
51.6739686608251	99.7951601638719	42146.062	3152.919	1851761.69
59.4745524203581	99.96130003096	42279.087	3614.474	2024762.8
66.2219670224264	99.986320010944	42998.746	4094.492	2189367.56
72.7910317671746	99.998560001152	42632.973	4675.437	2337121.44
78.6528170777463	100.0	43335.722	5141.404	2470667.77
