0.000699999440000448	0.0125999899200081	9.966	0.658	148.41
0.00167999865600108	0.0302399758080194	22.035	0.831	293.98
0.0021799982560014	0.0392399686080251	27.27	0.636	353.88
0.00227999817600146	0.0410399671680263	29.52	0.79	466.4
0.00462999629600296	0.0831599334720532	58.376	1.168	766.57
0.00710999431200455	0.127799897760082	90.699	1.456	1048.74
0.0115699907440074	0.207899833680133	147.394	2.007	2007.97
0.0166799866560107	0.299519760384192	202.976	2.412	2833.31
0.024999980000016	0.448919640864287	309.008	1.997	4405.71
0.0303099757520194	0.543419565264348	367.896	2.35	4859.25
0.0502099598320321	0.895859283312573	615.697	3.339	8596
0.0785699371440503	1.4011188791049	944.055	6.846	13143.91
0.102029918376065	1.80989855208116	1219.362	7.421	17337.5
0.155029875976099	2.72537781969774	1848.632	12.613	26364.6
0.180389855688115	3.14711748230601	2176.288	11.537	31418.23
0.250989799208161	4.31099655120276	2886.512	18.88	39239.2
0.416359666912266	6.97607441914047	4638.458	24.453	69319.92
0.88990928807257	14.3544485164412	9784.165	51.827	141253.38
1.19050904759276	18.2073454341237	12363.119	73.246	177340.1
1.45066883946493	20.7116834306533	13999.203	82.531	227997.57
2.20986823210541	28.2835573731541	18078.973	108.047	321594.43
4.5342063726349	49.2060206351835	27194.079	228.92	574879.98
7.29842416126067	65.1975678419457	33417.028	369.479	770421.08
8.71859302512558	59.7153122277502	27912.327	395.685	842130.65
12.457070034344	64.146368682905	29748.219	541.534	956928.21
24.8524901180079	91.2068270345384	39983.98	1156.465	1255671.82
34.8095721523423	98.3186213451029	40495.88	1600.224	1480115.87
43.4610652311478	99.3358005313596	41116.018	2000.721	1681414.39
51.2256690194648	99.5654803476157	41420.155	2353.223	1856908.58
59.341922526462	99.938980048816	41709.599	2636.604	2055452.61
66.5434567652346	99.993880004896	42525.004	2900.454	2217269.68
73.0353815716947	99.999460000432	42070.779	3188.394	2363232.16
78.6490670807463	100.0	42728.267	3497.46	2493268.07
