0.000849999320000544	0.0152999877600098	17.958	0.816	387.07
0.00172999861600111	0.0307799753760197	30.241	0.967	738.98
0.00201999838400129	0.0363599709120233	37.394	1.061	758.69
0.00259999792000166	0.04679996256003	44.346	1.014	983.05
0.00502999597600322	0.0901799278560577	81.862	1.182	2042.17
0.00690999447200442	0.124199900640079	110.178	1.354	2558.15
0.00964999228000618	0.173159861472111	149.78	1.706	3676.33
0.0127299898160081	0.228059817552146	184.886	1.852	4557.29
0.0270599783520173	0.483299613360309	389.154	2.994	9771.22
0.0324499740400208	0.57815953747237	429.37	3.479	11532.29
0.0521999582400334	0.924479260416592	624.307	4.971	16774.04
0.0797899361680511	1.38689889048089	570.446	7.483	31394.34
0.0934799252160598	1.64645868283305	1029.39	8.265	30230.61
0.173769860984111	2.89997768001786	451.126	14.589	59103.41
0.200999839200129	3.4307972553622	1359.943	16.781	69887.97
0.466819626544299	7.50959399232481	1477.317	36.352	136034.87
0.689889448088442	10.4972316022147	790.743	51.187	192528.88
1.06076915138468	15.0028079977536	1549.528	101.606	342619.64
1.557628753897	19.5157643873885	1063.898	156.855	449748.74
2.38488809208953	25.9523792380966	1991.345	224.023	547879.36
3.51696718642625	30.7482954013637	1269.841	272.71	654834.03
5.13313589349129	34.0318527745178	1219.719	301.661	715268.1
7.9756336194931	41.0246671802663	1443.269	371.626	741058.6
11.4938308049354	40.9065872747302	1381.005	382.549	721968.24
16.2980369615704	41.4833068133546	1495.836	431.372	732035.64
24.7230102215918	48.7549409960472	1692.577	519.512	749954.36
37.3221301422959	73.6752010598392	3265.402	776.144	779406.27
47.1689722648222	81.4250948599241	2729.38	871.597	800389.71
56.4933848052922	85.4957916033667	2831.853	934.365	820961.54
65.2017678385857	89.9525880379296	2913.89	1021.81	839903.27
75.8918792864966	99.4142804685756	3023.37	1116.971	863673.71
83.8506429194857	99.955360035712	3112.477	1170.437	881583.21
90.59168752665	100.0	3139.185	1202.1	896179.84
