0.00100999919200065	0.0181799854560116	20.3	0.898	371.21
0.0018799984960012	0.0338399729280217	33.815	0.981	675.86
0.00238999808800153	0.0426599658720273	41.056	0.997	853.24
0.00272999781600175	0.0491399606880314	46.438	1.106	1147.96
0.00568999544800364	0.102419918064066	90.436	1.292	2255.82
0.00893999284800572	0.160199871840103	143.867	1.581	3334.15
0.0120099903920077	0.215099827920138	185.023	1.869	4622.2
0.0168799864960108	0.302039758368193	251.762	2.167	6328.11
0.0271799782560174	0.485459611632311	389.875	3.121	10105.85
0.0417499666000267	0.745199403840477	559.715	4.458	15768.45
0.0634499492400406	1.12391910086472	790.785	5.827	20680.3
0.0768099385520492	1.34765892187286	793.54	7.369	24581.39
0.138429889256089	2.40623807500954	1197.418	12.503	46166.81
0.141969886424091	2.42063806348955	504.316	12.288	45902.84
0.3131897494482	5.22089582328334	1390.158	25.837	98087.94
0.476339618928305	7.6498138801489	1395.357	36.884	144227.01
0.70262943789645	10.7182714253829	1624.049	53.256	189319.73
0.996429202856638	13.9044488764409	894.719	102.125	353462.88
1.45858883312893	18.0167255866195	988.246	150.558	438320.37
2.38200809439352	25.9606592314726	2034.244	223.993	547855.94
3.57973713621029	31.9047944761644	1414.012	280.368	644362.1
5.39390568487545	37.6579498736401	2234.653	348.888	720318.52
7.42428406057275	35.4027316778147	1306.954	336.392	740581.98
11.8810804951356	44.4576244339005	1590.321	429.179	722848.6
18.1058455153236	53.0342575725939	1875.625	513.847	736170.53
27.0034483972413	59.6271122983102	2060.951	610.182	755379.61
36.000151199879	63.0294695764243	2185.741	681.802	774417.52
47.2143022285582	82.1414942868046	2786.517	866.534	800678.52
56.3578749137001	84.7306122155102	2840.322	933.01	820357.12
65.0612879509696	89.5673883460893	2939.271	1009.666	839513.31
75.2394698084241	98.2522013982389	3045.295	1108.838	862214.46
84.1080727135418	99.990640007488	3141.955	1160.37	882000.7
90.57793753765	100.0	3208.764	1196.381	896131.35
