0.000919999264000589	0.0163799868960105	18.861	0.798	351.37
0.0017199986240011	0.0307799753760197	32.087	0.908	778.4
0.0028099977520018	0.0505799595360324	48.725	0.947	1030.2
0.00317999745600204	0.0572399542080366	54.773	1.043	1363.44
0.00599999520000384	0.107639913888069	98.786	1.252	2286.86
0.00732999413600469	0.131939894448084	117.893	1.342	3137.71
0.0132699893840085	0.237239810208152	207.476	1.967	5167.21
0.0189199848640121	0.338579729136217	290.311	2.26	7083.16
0.0251699798640161	0.449279640576288	355.207	2.759	9107.75
0.0276699778640177	0.495179603856317	402.188	3.054	11055.06
0.0549999560000352	0.973979220816623	676.681	5.121	20003.21
0.0917999265600588	1.62089870328104	1017.004	7.926	32540.62
0.105789915368068	1.83707853033718	901.88	9.243	36496.25
0.190169847864122	3.24071740742607	1340.974	15.536	65414.59
0.317619745904203	5.3063957548834	1122.876	25.842	99132.54
0.380269695784243	5.79671536262771	581.337	29.256	117937.36
0.473189621448303	7.63433389253289	1502.452	36.156	152719.88
1.01664918668065	14.2043286365371	1031.109	108.119	340723.81
1.59080872735302	20.1576438738849	2102.465	171.095	480367.05
2.38820808943353	26.0472391622087	2207.306	242.29	577155.49
3.46479722816222	22.4846820122544	1223.064	205.094	634517.91
3.5896971282423	32.0973943220845	2455.732	298.906	654517.29
5.91175527059578	27.7080978335217	1452.875	264.925	726489.98
11.0151711878631	38.0237095810323	1906.758	395.258	721671.43
18.0721955422436	52.5196379842896	2568.957	546.701	736621.81
27.3186781450575	63.6798090561528	3865.32	656.928	755298.82
35.7589113928709	62.0205703835437	3063.717	709.57	774895.54
47.2892521685983	83.1617334706132	3947.651	930.977	799043.87
57.1583442733246	91.1420270863783	4197.087	1060.356	821662.51
64.4340284527772	87.9140896687283	4231.205	1032.711	836322.48
75.6406194875044	98.9833608133114	4503.202	3163	862480.15
82.8983536813171	99.7156002275198	4560.562	3218.637	880286
90.568047545562	99.999820000144	4630.956	3258.159	896736.66
