0.000969999224000621	0.0174599860320112	20.256	0.82	379.14
0.00173999860800111	0.03131997494402	33.415	1	675.86
0.00292999765600188	0.0523799580960335	52.564	1.086	1140.11
0.00333999732800214	0.0601199519040385	57.264	1.092	1132.27
0.00500999599200321	0.0901799278560577	84.106	1.337	1687.8
0.00893999284800572	0.160559871552103	139.39	1.558	3534.18
0.0127799897760082	0.229319816544147	194.963	1.93	5535.93
0.018789984968012	0.336959730432216	286.692	2.386	7342.91
0.0266399786880171	0.475919619264305	384.518	3.156	9771.22
0.028169977464018	0.502199598240321	367.219	3.142	9879.09
0.057769953784037	1.01501918798465	605.682	5.409	21373.37
0.0632399494080405	1.11689910648071	770.159	5.855	22232.71
0.111959910432072	1.94795844163325	964.559	9.7	36944.69
0.207029834376133	3.55049715960227	1237.961	17.491	66763.46
0.3127597497922	5.23439581248335	1292.823	26.193	93652.6
0.444969644024285	7.12691429846856	724.38	34.261	136132.31
0.713749429000457	10.901511278791	1425.428	54.298	275049.01
0.741739406608475	10.2513517989186	657.627	53.203	303342.62
1.58098873520901	20.0554039556768	1155.578	164.954	445131.84
2.38651809078553	25.8870392903686	1246.954	221.715	567351.31
2.9673276261379	24.5559403552477	1035.729	221.178	596940.12
4.27085658331473	26.8943184845452	1020.454	239.209	677183.6
7.98364361308511	41.1432870853703	1468.857	373.425	741046.85
12.1388702889038	48.0529415576468	2463.359	462.033	723064.71
16.8847664921868	43.77992497606	1530.988	453.638	733083.1
27.2888881688895	63.4485092411926	2257.574	645.697	755759.27
34.9955620035504	59.5477323618141	2049.47	646.4	772298.98
46.90571247543	78.6583170733463	2668.613	838.319	799663.93
55.0545759563392	79.690436247651	2705.586	883.626	816920.47
63.9736388210889	86.8803504957196	2918.468	970.075	836977.71
75.8055493555605	99.2580405935675	3095.706	1105.813	863326.96
84.0756727394618	99.985240011808	3093.215	1156.612	882002.64
90.601317518946	100.0	3154.777	1194.295	896268.66
