0.000929999256000595	0.0167399866080107	13.468	0.58	383.11
0.00165999867200106	0.0298799760960191	21.606	0.431	652.17
0.00175999859200113	0.0316799746560203	24.626	0.681	746.86
0.00282999773600181	0.0509399592480326	37.719	0.508	1289.06
0.00324999740000208	0.0584999532000374	44.693	0.729	1195.02
0.00683999452800438	0.122759901792079	88.925	0.896	2759.3
0.00886999290400568	0.159659872272102	118.82	0.822	3879.73
0.0107299914160069	0.192599845920123	143.223	1.069	4404.46
0.0142399886080091	0.254699796240163	180.236	0.89	5862.44
0.0388399689280249	0.690299447760442	476.003	2.082	12946.95
0.0619199504640396	1.0970991223207	760.214	3.556	21844.53
0.0923899260880591	1.62197870241704	1112.162	7.032	31373.54
0.105569915544068	1.83419853264117	1202.034	8.145	37971.76
0.175309859752112	2.93417765265788	1836.786	11.735	60428.69
0.208719833024134	3.56183715053028	2367.243	13.496	67592.89
0.477089618328305	7.68005385595692	4631.432	32.593	134567.13
0.712089430328456	10.860471311623	6145.025	46.742	291160.13
0.993949204840636	13.8844688924249	6934.315	79.913	377811.52
1.19235904611276	14.5402083678333	5768.933	82.083	391142.77
1.94820844143325	20.1130039095969	3013.17	125.882	523848.51
3.49157720673823	30.3850556919554	4017.032	204.175	641258.71
5.23212581429935	35.1451518838785	3275.251	224.861	715443.01
8.05571355542916	42.135446291643	4101.709	290.3	741042.56
11.7697805841755	43.2802453758037	2327.923	322.223	722677.23
15.7455374035701	39.7792481766015	1870.958	301.145	731633.87
27.2633681893054	63.0067895945683	4454.678	447.779	756062.92
37.2863201709439	73.395121283903	4959.197	572.84	778360
46.6632626693899	76.7443786044971	3059.524	587.265	798961.47
57.1315842947326	91.0073871940902	3118.852	697.76	822563.38
65.7460074031941	91.7480866015307	3222.367	1087.925	841448.55
75.1667598665921	98.1479814816148	2955.106	1151.429	862247.06
84.1138827088938	99.992440006048	2955.111	1225.283	882291.92
90.576327538938	100.0	2956.245	1178.485	896574.37
